1 5.24084e-08
0 1.00041
0.614921 0.224636
0.562839 0.250164
0.0221273 0.856814
0.00376695 0.938625
0.0115949 0.901957
0.0488077 0.792947
0.0174925 0.880679
0.548452 0.259787
0.0289701 0.834621
0.0356784 0.81399
0.0627273 0.761741
0.524356 0.276391
0.534434 0.269393
0.631541 0.208098
0.708722 0.15815
0.824699 0.0918707
0.0511144 0.773915
0.509103 0.286883
0.692596 0.169183
0.838222 0.0844553
0.647424 0.19698
0.0343298 0.823516
0.0134207 0.895737
0.0846607 0.709723
0.633759 0.205356
0.065425 0.744217
0.879346 0.0622659
0.865895 0.0694653
0.724832 0.148659
0.561652 0.250565
0.667249 0.184589
0.658354 0.192875
0.68098 0.176845
0.0770202 0.722475
0.671679 0.18331
0.0492625 0.779447
0.0707845 0.734826
0.771662 0.121558
0.809033 0.100538
0.749546 0.134241
0.00145718 0.961828
0.776018 0.119082
0.0766348 0.72388
0.891053 0.0560443
0.717983 0.152663
0.756976 0.129958
0.783688 0.11474
0.763399 0.126273
0.492045 0.298541
0.816956 0.0961442
0.0025952 0.949058
0.684001 0.173243
0.733158 0.143754
0.499371 0.293765
0.0975861 0.688092
0.848051 0.0791032
0.927094 0.037143
0.85694 0.0742898
0.426636 0.346827
0.843646 0.0814983
0.0868797 0.705246
0.414313 0.356329
0.422042 0.350352
0.917893 0.041933
0.456264 0.324527
0.116201 0.659777
0.261248 0.488875
0.713437 0.155392
0.15071 0.611786
0.801208 0.104898
0.991863 0.00407681
0.396539 0.370286
0.139117 0.627016
0.154048 0.60751
0.905017 0.0486764
0.0899625 0.700063
0.355611 0.403669
0.135757 0.631548
0.451488 0.328072
0.921353 0.0401289
0.351724 0.406937
0.22184 0.529001
0.176389 0.580013
0.431022 0.344012
0.863608 0.0706949
0.400892 0.36684
0.34804 0.410051
0.418213 0.353306
0.853658 0.0760641
0.315102 0.438661
0.409806 0.359839
0.0940887 0.693261
0.911586 0.0452298
0.344293 0.413235
0.225541 0.525089
0.141887 0.623321
0.235702 0.514508
0.147635 0.615768
0.201369 0.551258
0.318535 0.435611
0.965558 0.0173718
0.144891 0.619355
0.88537 0.0590591
0.434513 0.340824
0.173068 0.583986
0.961113 0.0196364
0.179405 0.576438
0.100221 0.683423
0.897392 0.0526925
0.112889 0.66401
0.18241 0.572906
0.334113 0.421975
0.119166 0.655489
0.293868 0.457904
0.330661 0.424969
0.938941 0.0310102
0.795403 0.108147
0.791397 0.110396
0.483442 0.305106
0.460017 0.321755
0.264938 0.485279
0.506613 0.28871
0.126067 0.644941
0.691562 0.170829
0.204481 0.547804
0.252082 0.497922
0.232496 0.517822
0.327211 0.427976
0.218802 0.532237
0.239108 0.511013
0.18539 0.569431
0.96997 0.0151296
0.000492964 0.9778
0.738693 0.140528
0.445041 0.33336
0.340744 0.416267
0.311291 0.442065
0.337604 0.418963
0.00111568 0.966606
0.81362 0.0979914
0.501404 0.291901
0.946047 0.0273507
0.210304 0.541411
0.207376 0.544615
0.996677 0.00166297
0.129149 0.641251
0.297019 0.455005
0.956834 0.0218211
0.359385 0.400512
0.787161 0.112783
0.479134 0.307805
0.198155 0.554854
0.110943 0.667546
0.104965 0.6766
0.00070821 0.973399
0.123615 0.648411
0.448224 0.330505
1.63917e-05 0.995969
0.899633 0.0515104
0.438232 0.338009
0.00285563 0.946563
0.215772 0.535487
0.463932 0.319374
0.102767 0.680148
0.283302 0.467738
0.121213 0.651843
0.441122 0.33583
0.19578 0.557529
0.213224 0.538238
0.000215218 0.985344
0.300192 0.452103
0.93276 0.0342051
0.953093 0.0237353
0.241896 0.50817
0.156997 0.603771
0.163678 0.595429
0.270416 0.479985
0.30292 0.449618
0.19279 0.560922
0.476455 0.310136
0.18818 0.566203
0.362198 0.398171
0.166592 0.591843
0.472686 0.312478
0.973818 0.0131777
0.987035 0.00650371
0.392851 0.373222
0.980906 0.00959296
0.133155 0.635095
0.0927063 0.696872
0.00012567 0.988798
0.306057 0.446776
0.267702 0.482601
0.941268 0.0298105
0.367933 0.393425
0.257468 0.492587
0.255828 0.494206
0.466948 0.317115
0.977286 0.0114221
0.390438 0.37515
0.949373 0.0256422
0.744833 0.136965
0.161575 0.598036
0.365448 0.395477
0.249516 0.500484
0.470168 0.314903
0.159003 0.601248
0.0674636 0.74091
0.404221 0.364217
0.386925 0.377967
0.322193 0.43238
0.290304 0.461202
0.286202 0.465022
0.131141 0.637866
0.371346 0.390618
0.760665 0.127839
0.486813 0.302661
0.244677 0.505352
0.908988 0.0465914
0.406638 0.362318
0.308585 0.444496
0.190552 0.563478
0.275278 0.475331
0.650878 0.194635
0.170393 0.587213
0.246894 0.503116
0.278457 0.47231
0.742832 0.138128
0.273414 0.47711
0.323957 0.430828
0.280258 0.470606
0.0689381 0.737439
0.378014 0.385172
0.489065 0.300668
0.654381 0.194118
0.882377 0.060651
0.984552 0.00775399
0.799656 0.105766
0.108157 0.671128
0.373511 0.388844
0.734971 0.142697
0.107332 0.672882
0.931502 0.0348564
0.168658 0.589321
0.229522 0.520916
0.384749 0.379718
0.376223 0.38663
0.228415 0.522072
