0.852798 -0.770599
1.66533e-16 1.00358
0.627643 -0.18269
0.647098 -0.370482
0.453255 -0.121094
0.819639 -0.375757
0.409427 0.244801
0.25621 0.245551
0.0776541 0.675425
0.182319 0.672781
0.0731662 0.679237
0.0670862 0.688791
0.822343 -0.432753
0.821543 -0.416966
0.20723 0.503224
0.829726 -0.574319
0.0282316 0.814982
0.248334 0.258431
0.824924 -0.485914
0.416352 0.153314
0.188367 0.637453
0.24415 0.269886
0.417092 0.144138
0.246019 0.263276
0.206175 0.51188
0.20824 0.494106
0.836573 -0.675212
0.192821 0.609016
0.187278 0.645373
0.00702142 0.920678
0.24242 0.276149
0.00387697 0.942355
0.216779 0.429348
0.191821 0.616912
0.432032 -0.0181212
0.183666 0.665422
0.417925 0.136328
0.434379 -0.0377096
0.0300355 0.807214
0.0584633 0.706418
0.240651 0.282222
0.0560943 0.712747
0.420572 0.102379
0.824483 -0.477575
0.431175 -0.0108705
0.831721 -0.606063
0.42477 0.0536559
0.41199 0.209991
0.825425 -0.496462
0.022318 0.840351
0.415752 0.162144
0.193847 0.601386
0.224094 0.378415
0.43619 -0.0519722
0.21589 0.437676
0.828344 -0.550063
0.440139 -0.0790212
0.186044 0.652316
0.421158 0.0944819
0.83042 -0.584812
0.036791 0.780855
0.189513 0.629595
0.425468 0.0454499
0.00507868 0.933218
0.849017 -0.767616
0.212638 0.460487
0.428241 0.0171461
0.419848 0.110655
0.184919 0.658945
0.437129 -0.0587215
0.000250979 0.988828
0.426904 0.0307221
0.435108 -0.0443987
0.0532546 0.721309
0.225194 0.370622
0.210151 0.4807
0.414 0.183585
0.0511615 0.728143
0.0429989 0.75512
0.826534 -0.518101
0.426245 0.0384022
0.422806 0.0755449
0.227041 0.357724
0.824014 -0.468927
0.220258 0.403265
0.190534 0.62362
0.831063 -0.596305
0.828905 -0.560045
0.205155 0.519047
0.209205 0.487448
0.837438 -0.685193
0.429193 0.00834529
0.822946 -0.447079
0.0266397 0.821747
0.411362 0.218436
0.438164 -0.0659184
0.00189149 0.962639
0.438963 -0.072205
0.821002 -0.402044
0.0448489 0.748846
0.213685 0.453344
0.251495 0.25376
0.0205817 0.848284
0.826078 -0.508757
0.423573 0.0679631
0.424113 0.0613866
0.444695 -0.101757
0.443421 -0.0964724
0.430344 -0.00275918
0.225794 0.364051
0.413421 0.191764
0.217947 0.422519
0.219297 0.410116
0.415153 0.169412
0.197787 0.572991
0.00575831 0.927966
0.414597 0.176353
0.194922 0.594817
0.202678 0.538321
0.221158 0.396472
0.210983 0.473253
0.00266767 0.954182
0.0639218 0.695267
0.239428 0.288918
0.844296 -0.74223
0.00814334 0.913233
0.200127 0.555793
0.427623 0.0232259
0.222955 0.384497
0.203377 0.531111
0.211826 0.467699
0.833804 -0.638556
0.820494 -0.394875
0.823415 -0.456065
0.0014294 0.968822
0.227995 0.351005
0.821213 -0.410472
0.446025 -0.107838
0.829188 -0.565731
0.204406 0.525615
0.222087 0.390568
0.0387661 0.774296
0.41085 0.224958
0.410339 0.231978
0.237396 0.299591
0.822608 -0.440388
0.832087 -0.613041
0.441576 -0.0852715
0.00088094 0.976618
0.419248 0.117693
2.87659e-05 0.999341
0.839595 -0.707666
0.0407052 0.765379
0.447484 -0.111952
0.218595 0.416439
0.842964 -0.735802
0.232439 0.324534
0.236007 0.304569
0.442265 -0.09005
0.83254 -0.61986
0.0416618 0.76004
0.834318 -0.645303
0.201039 0.549048
0.238407 0.293983
0.0615257 0.699011
0.409978 0.238759
0.840167 -0.713445
0.827234 -0.530527
0.0256264 0.826907
0.231359 0.329844
0.835093 -0.655778
0.835777 -0.663963
0.230569 0.335282
0.841345 -0.72507
0.827657 -0.537911
0.0544448 0.716999
0.235113 0.309892
0.198742 0.566002
0.00324041 0.948996
0.00921206 0.908866
0.00980592 0.902371
0.418531 0.127991
0.0355295 0.78592
0.433302 -0.0290853
0.197046 0.579081
0.846547 -0.758631
0.201654 0.544029
0.847632 -0.763051
0.82367 -0.4617
0.842158 -0.73152
0.820149 -0.387657
0.0476048 0.740946
0.840844 -0.719758
0.833362 -0.631117
0.42192 0.0867247
0.826939 -0.524729
0.412595 0.202293
0.845543 -0.753248
0.0610977 0.70415
0.229723 0.34095
0.825753 -0.502819
0.228976 0.3457
0.0460434 0.744391
0.195818 0.588954
0.844718 -0.748578
0.433117 -0.0261044
0.827956 -0.54351
0.0491782 0.736827
0.837927 -0.689768
0.000497032 0.982268
0.0310337 0.801759
0.429779 0.00298485
0.838879 -0.700852
0.0106693 0.897593
0.0345599 0.790459
0.0244866 0.831914
0.0134436 0.883749
0.449671 -0.115466
0.199566 0.562339
0.450635 -0.118569
0.838438 -0.696667
0.0659179 0.691705
0.0181844 0.861776
0.0146029 0.879526
0.422322 0.0830146
0.0188668 0.85668
0.23333 0.31888
0.0116514 0.892831
0.83308 -0.626009
0.819925 -0.381971
0.0391814 0.770128
0.0234044 0.835543
0.836106 -0.66819
0.0171917 0.866245
0.830729 -0.590662
0.0126401 0.8887
0.0497099 0.731763
0.234231 0.315258
0.0335063 0.795021
0.214967 0.444103
0.196448 0.584379
0.0152968 0.874568
0.0162669 0.870634
0.254369 0.248178
0.412963 0.198148
0.834856 -0.651324
0.0201811 0.852909
0.214426 0.447179
0.0322813 0.798366
0.41885 0.123961
