0.85154 -0.772695
9.1073e-17 1.00131
0.634798 -0.125977
0.257486 0.243212
0.414948 0.16998
0.454959 -0.122008
0.80908 -0.126049
0.0828524 0.671421
0.182315 0.670801
0.0185201 0.857167
0.00353059 0.994367
0.0305284 0.806435
0.0388917 0.771361
0.0212431 0.847622
0.43478 -0.0425945
0.0654891 0.688837
0.430765 -0.00908355
0.417554 0.137114
0.0747304 0.676812
0.415132 0.167658
0.0517077 0.732589
0.0551272 0.712866
0.0427943 0.755064
0.420901 0.101946
0.418093 0.133115
0.424019 0.0627156
0.0613404 0.696632
0.422117 0.0841135
0.41956 0.112047
0.427764 0.0226732
0.425968 0.0389512
0.0479259 0.735255
0.440077 -0.078265
0.0450707 0.745098
0.430219 0.00565227
0.436285 -0.0554232
0.0589574 0.702912
0.442377 -0.0932377
0.445113 -0.10511
0.424983 0.0487717
0.447361 -0.113228
0.422886 0.0731599
0.0576868 0.711171
0.817533 -0.330937
0.217341 0.423688
0.842606 -0.736718
0.205195 0.515173
0.193907 0.597915
0.209935 0.479734
0.203611 0.527873
0.19499 0.591266
0.820836 -0.404117
0.827873 -0.543607
0.210815 0.472815
0.206196 0.507287
0.438069 -0.0677371
0.209092 0.486257
0.216272 0.430543
0.822462 -0.43889
0.822814 -0.446127
0.43806 -0.0661765
0.830269 -0.585546
0.204543 0.521003
0.81237 -0.207361
0.435657 -0.0489872
0.82148 -0.418308
0.237992 0.29296
0.430503 -0.00678775
0.835657 -0.665248
0.828843 -0.561571
0.831113 -0.59895
0.183348 0.665294
0.818379 -0.35008
0.441011 -0.0860295
0.232345 0.322232
0.813688 -0.23992
0.810124 -0.152187
0.184385 0.659296
0.82648 -0.518688
0.201578 0.542958
0.814266 -0.254205
0.233361 0.316439
0.821162 -0.411459
0.813996 -0.247051
0.831546 -0.606304
0.835164 -0.658366
0.21814 0.417149
0.231395 0.328057
0.82047 -0.396191
0.429273 0.0134299
0.198092 0.568728
0.185376 0.653867
0.223141 0.381467
0.81529 -0.278209
0.230399 0.333586
0.253212 0.247157
0.830674 -0.592301
0.81871 -0.35733
0.840163 -0.71593
0.451448 -0.118874
0.809857 -0.144946
0.22943 0.339272
0.836207 -0.672049
0.811339 -0.182502
0.197421 0.574679
0.826905 -0.52641
0.186387 0.648079
0.834654 -0.651901
0.236826 0.299164
0.23895 0.287681
0.816016 -0.295239
0.819896 -0.383898
0.839547 -0.709115
0.0438789 0.750109
0.819571 -0.376574
0.845729 -0.756213
0.843587 -0.743323
0.81166 -0.189718
0.0791984 0.67177
0.818988 -0.363929
0.821828 -0.426011
0.81632 -0.302566
0.0768974 0.67348
0.211531 0.466481
0.838409 -0.697624
0.187145 0.642688
3.53276e-15 1.00123
0.824872 -0.487281
0.822081 -0.431477
0.451011 -0.11516
0.834203 -0.645521
0.809594 -0.138309
0.812891 -0.22025
0.810413 -0.159456
0.829218 -0.56847
0.824 -0.469701
0.195864 0.585124
0.223884 0.375626
0.215591 0.436259
0.812634 -0.214219
0.848954 -0.768829
0.241227 0.278813
0.250921 0.250491
0.198929 0.56242
0.823159 -0.453487
0.838973 -0.703666
0.819312 -0.370501
0.18873 0.63247
0.208248 0.492447
0.218863 0.411422
0.220756 0.397411
0.813402 -0.232609
0.213599 0.45102
0.196539 0.580394
0.224702 0.370641
0.234413 0.311001
0.191049 0.617799
0.240243 0.282855
0.816782 -0.313873
0.244402 0.266942
0.814584 -0.261446
0.188043 0.637226
0.820187 -0.390065
0.832714 -0.623823
0.81316 -0.227263
0.222216 0.387516
0.840775 -0.721666
0.809332 -0.131898
0.228589 0.344776
0.810648 -0.16522
0.206963 0.50253
0.212931 0.456308
0.833788 -0.639548
0.191868 0.612939
0.200831 0.549412
0.212261 0.461493
0.817914 -0.339615
0.827498 -0.537178
0.221614 0.391675
0.831964 -0.612632
0.837863 -0.691674
0.41978 0.109447
0.255699 0.245226
0.829816 -0.57808
0.44571 -0.107717
0.225478 0.365278
0.20764 0.497031
0.832291 -0.61767
0.193098 0.604443
0.8367 -0.67803
0.814999 -0.27149
0.42246 0.077736
0.826131 -0.512373
0.812026 -0.199506
0.841738 -0.73
0.189651 0.626736
0.428867 0.0182395
0.824296 -0.476187
0.824542 -0.480868
0.816567 -0.308476
0.846932 -0.761393
0.823636 -0.463458
0.249347 0.253041
0.248031 0.25659
0.245645 0.262379
0.242401 0.273408
0.827219 -0.532015
0.214395 0.445612
0.425437 0.0445444
0.1903 0.623309
0.214921 0.44178
0.828292 -0.552223
0.199538 0.557817
0.815589 -0.285615
0.202692 0.534091
0.219617 0.406449
0.811082 -0.175972
0.810917 -0.171715
0.847641 -0.764483
0.226112 0.360789
0.833073 -0.629524
0.825631 -0.502405
0.83339 -0.633961
0.844729 -0.751409
0.818065 -0.342896
0.220187 0.402479
0.202395 0.537049
0.200243 0.553359
0.192549 0.607733
0.825883 -0.507388
0.823414 -0.45878
0.226782 0.356365
0.814786 -0.266684
0.817242 -0.323549
0.829571 -0.57417
0.235913 0.303441
0.24676 0.25977
0.825172 -0.493807
0.235359 0.306948
0.243254 0.270968
0.817096 -0.320983
0.811889 -0.195825
0.815756 -0.288953
0.82844 -0.554241
0.844274 -0.747777
0.837427 -0.68676
0.841428 -0.726674
0.83707 -0.682893
0.227957 0.349529
0.442213 -0.0895287
