0,0.000637884,0.811109
5071,10.0026,0.0323521
9336,20.0033,0.0323521
13584,30.0056,0.0323521
17813,40.0056,0.0323521
22080,50.0076,0.0323521
26333,60.0086,0.0323521
30586,70.0107,0.0323521
34902,80.0119,0.0322902
37874,90.0156,0.0322902
40271,100.019,0.0322902
42650,110.021,0.0322902
45004,120.023,0.0322902
47353,130.023,0.0322902
49726,140.027,0.0322902
52105,150.03,0.0322902
54489,160.034,0.0322902
56898,170.037,0.0322902
59326,180.038,0.0322902
62141,190.039,0.0322902
64742,200.043,0.0322902
67749,210.046,0.0322902
70675,220.046,0.0322902
73497,230.049,0.0322902
76354,240.052,0.0322902
79162,250.053,0.0322902
81980,260.054,0.0322902
84812,270.054,0.0322902
87602,280.056,0.0322902
90392,290.059,0.0322902
93122,300.061,0.0322902
95984,310.062,0.0322902
98899,320.062,0.0322902
101743,330.066,0.0322902
104679,340.067,0.0322902
107355,350.07,0.0322902
110135,360.072,0.0322902
112988,370.073,0.0322902
115948,380.075,0.0322902
118971,390.078,0.0322902
121828,400.081,0.0322902
124697,410.082,0.0322902
127508,420.087,0.0322902
130511,430.087,0.0322902
133289,440.087,0.0322902
136138,450.091,0.0322902
138979,460.094,0.0322902
142018,470.095,0.0322935
145031,480.099,0.0322935
148001,490.1,0.0322935
150768,500.102,0.0322935
153780,510.106,0.0322935
156763,520.11,0.0322935
159626,530.113,0.0322935
162614,540.117,0.0322935
165534,550.118,0.0322935
168195,560.119,0.0322935
170997,570.119,0.0322935
173759,580.119,0.0322935
176556,590.121,0.0322935
179238,600.004,0.0322935
