0,0.00034027,0.857295
4782,10.0009,8.41901e-08
9802,20.0024,8.50485e-08
14826,30.0033,8.71336e-08
19868,40.005,7.49049e-08
24916,50.0053,9.03681e-08
29954,60.0072,8.66747e-08
34983,70.0086,9.51667e-08
40022,80.0101,8.24094e-08
45064,90.0116,9.0308e-08
50095,100.013,9.02982e-08
55126,110.015,7.98495e-08
60165,120.015,8.55145e-08
65190,130.016,9.20057e-08
70233,140.017,8.17945e-08
75256,150.017,8.93438e-08
80294,160.018,8.50546e-08
85331,170.018,9.03866e-08
90373,180.019,9.03857e-08
95418,190.02,8.56184e-08
100452,200.021,8.89399e-08
105487,210.022,8.42471e-08
110525,220.023,9.01822e-08
115554,230.023,8.43279e-08
120582,240.024,7.94695e-08
125621,250.024,8.59855e-08
130650,260.024,8.30658e-08
135690,270.025,9.54768e-08
140727,280.026,9.0588e-08
145766,290.028,1.01801e-07
150794,300.029,8.58172e-08
155832,310.03,8.40036e-08
160862,320.031,8.96047e-08
165902,330.032,8.60144e-08
170934,340.033,9.96441e-08
175973,350.034,8.56482e-08
181000,360.036,8.91754e-08
186030,370.038,8.98488e-08
191068,380.039,8.61659e-08
196099,390.04,9.11558e-08
201125,400.04,8.7284e-08
206159,410.041,8.42711e-08
211188,420.041,9.37845e-08
216213,430.042,8.50571e-08
221239,440.043,9.48659e-08
226275,450.044,8.77832e-08
231311,460.046,9.3319e-08
236346,470.047,9.14594e-08
241378,480.049,8.78307e-08
246406,490.049,9.35555e-08
251421,500.049,9.41771e-08
256447,510.051,8.8739e-08
261488,520.051,9.08145e-08
266521,530.052,9.38512e-08
271552,540.054,9.5261e-08
276572,550.055,8.91068e-08
281603,560.057,9.84171e-08
286631,570.058,8.61917e-08
291661,580.058,8.59443e-08
296698,590.059,9.12188e-08
301703,600.001,8.6931e-08
