0,0.000588112,0.867076
3701,10.0012,0.000136226
7605,20.0021,0.000136215
11647,30.0046,0.00013621
15560,40.0053,0.000136204
19460,50.0057,0.000136202
23673,60.0066,0.000136202
27871,70.0076,0.000136201
32083,80.0097,0.0001362
36119,90.0108,0.0001362
40020,100.011,0.0001362
43732,110.011,0.000136199
47464,120.012,0.000136199
51174,130.012,0.000136199
54893,140.014,0.0001362
58598,150.015,0.000136198
62321,160.018,0.000136198
66066,170.019,0.000136199
69826,180.021,0.000136198
73537,190.022,0.000136197
77272,200.024,0.000136197
81375,210.026,0.000136198
85150,220.028,0.000136198
88968,230.03,0.000136198
92816,240.031,0.000136198
96661,250.031,0.000136198
100438,260.032,0.000136197
104201,270.032,0.000136199
108025,280.033,0.000136198
111883,290.036,0.000136198
115597,300.037,0.000136199
119346,310.039,0.000136198
123205,320.041,0.000136198
127035,330.044,0.000136198
131084,340.045,0.000136196
135050,350.046,0.000136196
138801,360.048,0.000136196
142587,370.049,0.000136196
146541,380.052,0.000136196
150251,390.054,0.000136195
153999,400.056,0.000136194
157724,410.059,0.000136195
161528,420.059,0.000136195
165270,430.06,0.000136195
168996,440.062,0.000136195
172748,450.064,0.000136195
176527,460.066,0.000136195
180311,470.067,0.000136195
184064,480.068,0.000136196
187731,490.07,0.000136196
191451,500.073,0.000136196
195202,510.075,0.000136195
199004,520.076,0.000136187
202763,530.078,0.000136187
206453,540.079,0.000136187
210158,550.08,0.000136187
213883,560.08,0.000136187
217779,570.081,0.000136187
221568,580.081,0.000136187
225453,590.084,0.000136187
228469,600.003,0.000136187
