0,0.000341939,0.745903
11017,10.001,0.016668
22084,20.0019,0.016668
33082,30.0024,0.016668
44061,40.0026,0.016668
55044,50.0028,0.016668
66149,60.003,0.016667
77460,70.0036,0.0166665
88827,80.0045,0.0166659
100157,90.0048,0.0166659
111417,100.006,0.0166659
122800,110.006,0.0166659
133992,120.006,0.0166659
145167,130.006,0.0166659
156343,140.007,0.0166659
167505,150.008,0.0166659
178696,160.009,0.0166659
189913,170.009,0.0166659
201115,180.009,0.0166659
212297,190.01,0.0166659
223472,200.01,0.0166659
234660,210.011,0.0166659
245833,220.011,0.0166659
256942,230.012,0.0166659
268040,240.012,0.0166659
279124,250.013,0.0166659
290242,260.014,0.0166659
301351,270.014,0.0166659
312437,280.014,0.0166659
323621,290.014,0.0166659
334849,300.015,0.0166659
346102,310.016,0.0166659
357338,320.016,0.0166659
368585,330.016,0.0166659
379762,340.017,0.0166659
390962,350.017,0.0166659
402187,360.018,0.0166659
413424,370.019,0.0166659
424652,380.019,0.0166659
435893,390.02,0.0166659
447368,400.02,0.0166659
458844,410.021,0.0166659
470274,420.021,0.0166659
481705,430.021,0.0166659
492931,440.022,0.0166659
504200,450.023,0.0166659
515456,460.023,0.0166659
526795,470.023,0.0166659
538236,480.023,0.0166659
549779,490.023,0.0166659
561330,500.024,0.0166659
572872,510.025,0.0166659
584420,520.026,0.0166659
595957,530.026,0.0166659
607373,540.026,0.0166659
618883,550.027,0.0166659
630123,560.027,0.0166659
641337,570.027,0.0166659
652533,580.027,0.0166659
663695,590.027,0.0166659
674844,600.001,0.0166659
