0,0.00037417,0.727901
6357,10.0011,2.81501e-05
12707,20.0022,2.81321e-05
19077,30.0026,2.80953e-05
25423,40.0036,2.81539e-05
31749,50.0045,2.81532e-05
38071,60.0052,2.80863e-05
44392,70.0055,2.80851e-05
50722,80.0063,2.8098e-05
57044,90.0073,2.81807e-05
63338,100.008,2.81902e-05
69665,110.008,2.81549e-05
75994,120.009,2.80747e-05
82303,130.009,2.81281e-05
88623,140.01,2.81375e-05
94953,150.011,2.8103e-05
101276,160.012,2.80802e-05
107547,170.013,2.81519e-05
113857,180.013,2.80765e-05
120165,190.013,2.81133e-05
126469,200.014,2.82234e-05
132790,210.015,2.81216e-05
139109,220.016,2.80668e-05
145413,230.017,2.81697e-05
151734,240.018,2.81844e-05
158045,250.018,2.81026e-05
164356,260.018,2.80826e-05
170693,270.018,2.81212e-05
177004,280.019,2.81587e-05
183316,290.019,2.80762e-05
189608,300.02,2.82252e-05
195897,310.021,2.8059e-05
202178,320.022,2.80936e-05
208483,330.023,2.81038e-05
214813,340.024,2.8097e-05
221102,350.024,2.80756e-05
227403,360.026,2.80832e-05
233706,370.026,2.81215e-05
240009,380.027,2.80761e-05
246230,390.029,2.80838e-05
249929,400.031,2.82114e-05
253622,410.034,2.80772e-05
257315,420.034,2.8152e-05
261012,430.035,2.81373e-05
264685,440.035,2.81586e-05
268384,450.037,2.81775e-05
272077,460.039,2.81024e-05
275782,470.04,2.81017e-05
279476,480.043,2.80881e-05
283158,490.043,2.82202e-05
286854,500.046,2.81146e-05
290539,510.047,2.82902e-05
294241,520.049,2.81489e-05
297943,530.05,2.80874e-05
301633,540.051,2.81944e-05
305327,550.053,2.8144e-05
309026,560.054,2.81849e-05
312723,570.055,2.8188e-05
316415,580.056,2.81573e-05
320134,590.058,2.8095e-05
323807,600.003,2.80819e-05
