0,0.000436235,0.830869
3015,10.0031,1.04748e-11
5722,20.0054,8.86571e-12
8432,30.006,8.48904e-12
11169,40.0076,9.59605e-12
13925,50.0088,8.30081e-12
16690,60.009,9.40266e-12
19448,70.0099,8.86588e-12
22205,80.0136,8.95001e-12
24962,90.0153,8.7452e-12
27718,100.019,9.0654e-12
30491,110.021,8.07373e-12
33240,120.024,8.69571e-12
36012,130.026,9.22022e-12
38780,140.026,8.52819e-12
41546,150.027,9.09969e-12
44308,160.027,8.75364e-12
47067,170.027,8.56824e-12
49837,180.029,8.29241e-12
52596,190.032,8.64337e-12
55364,200.033,8.53852e-12
58130,210.035,8.29976e-12
60897,220.036,9.09869e-12
63659,230.037,9.09842e-12
66431,240.04,9.1896e-12
69192,250.043,8.74186e-12
71949,260.044,9.1554e-12
74713,270.044,8.55873e-12
77471,280.045,9.24848e-12
80218,290.047,8.73183e-12
82970,300.05,8.77964e-12
85738,310.051,8.90913e-12
88497,320.053,8.80443e-12
91255,330.054,9.34828e-12
94030,340.054,8.52408e-12
96783,350.057,8.48636e-12
99536,360.059,9.14955e-12
102287,370.06,8.59055e-12
105040,380.061,9.19422e-12
107802,390.064,9.0728e-12
110557,400.068,8.4891e-12
113311,410.07,8.9799e-12
116062,420.072,9.17516e-12
118819,430.073,8.6206e-12
121590,440.073,7.41879e-12
124335,450.077,8.87254e-12
127084,460.079,9.50428e-12
129828,470.08,9.03238e-12
132565,480.081,8.84171e-12
135312,490.083,9.36265e-12
138069,500.086,9.16643e-12
140820,510.086,9.81474e-12
143571,520.09,8.04503e-12
146319,530.091,9.34021e-12
149057,540.094,8.98336e-12
151798,550.098,9.94753e-12
154559,560.099,7.83845e-12
157317,570.102,8.72517e-12
160067,580.102,8.74921e-12
162818,590.104,9.51484e-12
165608,600.001,8.82193e-12
