0,0.000387321,0.954949
10976,10.0005,8.57085e-05
22431,20.0011,6.41935e-05
33889,30.0018,2.04574e-05
45314,40.0021,1.07953e-05
56746,50.0023,1.07001e-05
68193,60.0025,8.10186e-06
79594,70.0027,3.98825e-06
90990,80.0034,1.49478e-06
102292,90.004,9.00927e-07
113591,100.005,4.51914e-07
124882,110.005,3.12139e-07
136196,120.006,1.84812e-07
146912,130.007,9.76203e-08
156960,140.007,8.36258e-08
166979,150.007,7.37762e-08
177013,160.008,6.0834e-08
187263,170.009,6.06181e-08
197453,180.009,6.01589e-08
207597,190.01,6.00486e-08
217736,200.01,5.94989e-08
227885,210.01,5.80839e-08
238049,220.011,5.80855e-08
248192,230.011,5.79741e-08
258401,240.012,5.76566e-08
268542,250.012,5.76257e-08
278706,260.013,5.60734e-08
288797,270.014,4.66835e-08
299158,280.014,4.51813e-08
309273,290.014,4.36158e-08
319397,300.015,3.96423e-08
329528,310.015,3.72576e-08
339650,320.016,2.92061e-08
349689,330.016,2.74877e-08
359637,340.017,2.60375e-08
369610,350.018,2.37904e-08
379580,360.018,2.27657e-08
389607,370.019,2.15007e-08
399588,380.019,2.0048e-08
409593,390.02,1.93709e-08
419564,400.02,1.86974e-08
429547,410.02,1.71161e-08
439512,420.021,1.59872e-08
449493,430.021,1.55799e-08
459435,440.022,1.5153e-08
469412,450.023,1.38398e-08
479390,460.023,1.40002e-08
489333,470.023,1.31808e-08
499308,480.024,1.23772e-08
509301,490.025,1.23409e-08
519288,500.025,1.21969e-08
529259,510.026,1.19536e-08
539249,520.027,1.17031e-08
549176,530.027,1.13723e-08
559136,540.027,1.12489e-08
569312,550.028,1.1115e-08
579492,560.029,1.1115e-08
589658,570.03,1.1115e-08
599828,580.031,1.1059e-08
609979,590.031,1.1059e-08
619375,600.001,1.1059e-08
