0 0.000223439 15
5017 10.0023 12
8112 20.0029 10
11204 30.0044 18
14268 40.0045 9
17353 50.0069 11
20426 60.007 10
23527 70.0094 10
26599 80.0099 12
29664 90.01 12
32753 100.012 11
35855 110.013 11
38935 120.015 21
42015 130.017 13
45095 140.017 16
48191 150.018 11
51261 160.018 15
54318 170.021 9
57410 180.023 9
60484 190.024 13
63561 200.026 11
66645 210.029 15
69729 220.032 10
72819 230.032 13
75890 240.033 9
78968 250.034 10
82028 260.034 9
85103 270.035 14
88170 280.037 13
91242 290.039 11
94302 300.041 8
97374 310.042 13
100443 320.045 8
103512 330.045 11
106573 340.046 14
109649 350.046 7
112720 360.049 13
115794 370.051 14
118862 380.052 14
121915 390.052 8
124971 400.055 17
128054 410.058 10
131110 420.058 10
134195 430.062 9
137262 440.065 15
140342 450.067 10
143412 460.069 14
146473 470.072 13
149555 480.072 14
152624 490.074 11
155668 500.076 13
158729 510.077 19
161797 520.079 9
164873 530.082 13
167927 540.083 12
171003 550.083 17
174064 560.084 9
177100 570.086 10
180159 580.087 14
183229 590.089 16
186288 600.002 10
