0 0.00034027 14
4782 10.0009 1
9802 20.0024 1
14826 30.0033 1
19868 40.005 1
24916 50.0053 1
29954 60.0072 1
34983 70.0086 1
40022 80.0101 1
45064 90.0116 1
50095 100.013 1
55126 110.015 1
60165 120.015 1
65190 130.016 1
70233 140.017 1
75256 150.017 1
80294 160.018 1
85331 170.018 1
90373 180.019 1
95418 190.02 1
100452 200.021 1
105487 210.022 1
110525 220.023 1
115554 230.023 1
120582 240.024 1
125621 250.024 1
130650 260.024 1
135690 270.025 1
140727 280.026 1
145766 290.028 1
150794 300.029 1
155832 310.03 1
160862 320.031 1
165902 330.032 1
170934 340.033 1
175973 350.034 1
181000 360.036 1
186030 370.038 1
191068 380.039 1
196099 390.04 1
201125 400.04 1
206159 410.041 1
211188 420.041 1
216213 430.042 1
221239 440.043 1
226275 450.044 1
231311 460.046 1
236346 470.047 1
241378 480.049 1
246406 490.049 1
251421 500.049 1
256447 510.051 1
261488 520.051 1
266521 530.052 1
271552 540.054 1
276572 550.055 1
281603 560.057 1
286631 570.058 1
291661 580.058 1
296698 590.059 1
301703 600.001 1
