0 0.000373275 12
3786 10.0028 9
7315 20.0038 12
10850 30.0046 11
14400 40.0059 8
17950 50.0069 8
21499 60.0069 12
25020 70.0075 12
28511 80.0098 11
31994 90.01 13
35537 100.01 11
39061 110.013 10
42582 120.015 12
46043 130.015 13
49573 140.016 15
53111 150.017 11
56638 160.019 11
60179 170.02 9
63743 180.023 10
67268 190.023 8
70781 200.026 11
74284 210.026 10
77797 220.026 14
81297 230.027 10
84666 240.029 10
87971 250.029 8
91171 260.032 9
94345 270.033 11
97540 280.036 10
100725 290.037 9
103901 300.037 9
107057 310.039 9
110236 320.04 11
113403 330.041 9
116603 340.044 10
119783 350.044 10
122957 360.045 16
126121 370.047 8
129277 380.049 13
132458 390.05 11
135618 400.051 12
138804 410.051 9
141963 420.054 16
145118 430.056 8
148297 440.056 12
151494 450.057 9
154680 460.059 11
157842 470.061 11
161002 480.062 9
164159 490.063 11
167328 500.063 14
170479 510.065 13
173662 520.065 10
176824 530.068 13
179984 540.069 11
183147 550.07 11
186316 560.073 8
189477 570.076 13
192624 580.079 16
195739 590.08 8
199016 600.001 9
