0 0.000382457 13
21322 10.0009 1
36820 20.0015 1
52907 30.0015 1
66502 40.002 1
79953 50.0026 1
92944 60.0033 1
109787 70.0034 1
124191 80.0035 1
138909 90.0041 1
153335 100.005 1
167262 110.005 1
180748 120.005 1
196299 130.006 1
210504 140.006 1
223979 150.006 1
236869 160.006 1
252934 170.007 1
272516 180.007 1
288890 190.008 1
305027 200.008 1
320052 210.008 1
336408 220.009 1
350896 230.009 1
363017 240.009 1
375641 250.01 1
387023 260.011 1
401326 270.011 1
414063 280.011 1
425829 290.012 1
439551 300.012 1
451634 310.013 1
465542 320.013 1
477015 330.014 1
488160 340.015 1
499227 350.015 1
514972 360.016 1
530799 370.016 1
550041 380.016 1
565824 390.017 1
578969 400.017 1
593781 410.018 1
607487 420.018 1
622743 430.019 1
639952 440.019 1
656754 450.019 1
674960 460.02 1
694140 470.02 1
714658 480.02 1
734729 490.021 1
754231 500.021 1
772684 510.021 1
793778 520.021 1
814159 530.021 1
830862 540.022 1
845367 550.022 1
860903 560.022 1
876775 570.023 1
892018 580.023 1
907612 590.024 1
926082 600 1
