0 0.000377058 12
1 0.00288245 20
2 0.00506208 24
3 0.00725501 21
4 0.0094198 21
5 0.0115952 15
6 0.0137497 23
7 0.0159261 17
8 0.0181015 16
9 0.0203038 22
10 0.0225183 18
11 0.0247239 15
12 0.0269306 15
13 0.0291508 15
14 0.0313708 15
15 0.0335814 18
16 0.0364108 15
17 0.0386454 15
18 0.0408337 13
19 0.0430466 20
20 0.0452686 20
21 0.0475111 15
22 0.0497078 14
23 0.0518876 16
24 0.0540629 16
25 0.0562665 14
26 0.0584933 12
27 0.0606838 13
28 0.0628718 14
29 0.0650374 16
30 0.0672415 16
31 0.069414 22
32 0.071615 17
33 0.073806 16
34 0.0759986 17
35 0.0781878 18
36 0.0803999 17
37 0.0825753 21
38 0.0847482 21
39 0.0869179 13
40 0.0890878 15
41 0.0912909 18
42 0.0934895 12
43 0.0956602 24
44 0.0978539 22
45 0.100066 28
46 0.102264 19
47 0.104498 22
48 0.106726 15
49 0.108916 15
50 0.111109 13
51 0.113269 14
52 0.115462 16
53 0.117687 17
54 0.119892 17
55 0.12207 16
56 0.124278 18
57 0.126477 20
58 0.128681 19
59 0.130864 20
230401 600.001 23
