0 0.000469572 17
1 0.00326706 46
2 0.00579853 47
3 0.00824825 21
4 0.0106739 30
5 0.0130865 17
6 0.0154787 18
7 0.0178922 21
8 0.0202548 17
9 0.0226098 23
10 0.0249938 18
11 0.0273645 22
12 0.0297419 24
13 0.0321258 17
14 0.0345081 14
15 0.0368569 22
16 0.0392233 18
17 0.0415656 19
18 0.0439274 22
19 0.0463019 17
20 0.0486867 25
21 0.0510726 22
22 0.0534578 18
23 0.0558055 27
24 0.0581655 33
25 0.0605836 23
26 0.0629345 18
27 0.0652804 18
28 0.0676183 24
29 0.0699552 22
30 0.0722909 29
31 0.074665 26
32 0.0770238 16
33 0.0793825 28
34 0.0817485 23
35 0.0840987 17
36 0.0864794 27
37 0.0888198 26
38 0.0911519 18
39 0.0935001 23
40 0.0958589 36
41 0.0982152 30
42 0.100568 17
43 0.102904 25
44 0.105256 14
45 0.107587 16
46 0.109954 18
47 0.112294 26
48 0.114653 16
49 0.117006 16
50 0.119322 27
51 0.121674 17
52 0.123999 17
53 0.126321 21
54 0.128667 28
55 0.131021 21
56 0.133385 21
57 0.135751 23
58 0.138122 26
59 0.140499 19
265295 600.001 18
