0 0.00125607 11
1850 10.0046 9
3505 20.0054 9
5157 30.0065 11
6804 40.0084 9
8450 50.0093 8
10088 60.0146 9
11729 70.0146 11
13358 80.0203 8
14991 90.0213 9
16621 100.022 8
18249 110.024 11
19890 120.028 8
21531 130.032 9
23169 140.032 9
24809 150.034 7
26442 160.035 9
28080 170.036 9
29711 180.037 7
31345 190.039 9
32977 200.041 10
34621 210.046 10
36260 220.048 8
37895 230.048 8
39536 240.051 8
41173 250.053 8
42813 260.057 8
44453 270.06 8
46088 280.064 11
47728 290.065 8
49366 300.067 9
51006 310.073 8
52648 320.073 9
54288 330.079 7
55927 340.08 8
57567 350.085 10
59198 360.085 7
60827 370.087 7
62465 380.092 8
64102 390.096 8
65734 400.099 9
67363 410.1 10
68981 420.103 8
70614 430.108 9
72236 440.114 8
73863 450.116 7
75490 460.117 9
77124 470.122 8
78753 480.127 9
80375 490.131 11
82000 500.132 9
83622 510.136 10
85251 520.141 11
86882 530.143 10
88507 540.145 10
90131 550.148 10
91752 560.152 9
93385 570.153 10
95018 580.154 7
96655 590.157 9
98262 600.001 9
