0 0.00183134 12
17106 10.002 1
33398 20.0023 1
49403 30.0025 1
65164 40.0026 1
80368 50.0031 1
95785 60.0034 1
111527 70.0035 1
127497 80.0036 1
143576 90.0036 1
159548 100.004 1
175874 110.004 1
191781 120.005 1
207075 130.005 1
221835 140.006 1
236211 150.006 1
251018 160.006 1
265637 170.007 1
280419 180.007 1
295173 190.008 1
309658 200.008 1
324232 210.009 1
338677 220.009 1
353258 230.01 1
367494 240.01 1
382039 250.01 1
396907 260.01 1
411589 270.01 1
426203 280.01 1
440831 290.011 1
455611 300.011 1
470306 310.012 1
484910 320.012 1
499498 330.012 1
514245 340.012 1
529343 350.013 1
544118 360.013 1
558342 370.014 1
572960 380.014 1
587583 390.014 1
602336 400.015 1
616838 410.015 1
631875 420.015 1
646780 430.015 1
662013 440.016 1
677236 450.016 1
692165 460.016 1
707884 470.016 1
723425 480.016 1
738505 490.016 1
753347 500.017 1
768072 510.017 1
782580 520.017 1
797198 530.017 1
812117 540.018 1
826783 550.018 1
841616 560.018 1
856510 570.018 1
871515 580.018 1
886448 590.019 1
901481 600 1
