0 0.000410604 15
11485 10.0006 30
20002 20.001 35
29113 30.0037 16
31661 40.007 32
34211 50.0084 18
36697 60.0085 25
39200 70.0125 18
41599 80.0159 17
44155 90.0181 12
46672 100.021 18
49133 110.022 17
51738 120.025 14
54243 130.025 7
57877 140.026 11
61980 150.028 4
66068 160.029 5
70372 170.029 4
74442 180.031 3
78238 190.031 3
82122 200.033 3
86278 210.034 3
90392 220.035 2
94322 230.036 3
98453 240.036 3
102456 250.038 4
107070 260.038 4
111444 270.04 3
115530 280.04 2
119417 290.041 3
123322 300.042 1
127294 310.043 3
131459 320.045 2
135563 330.046 2
139713 340.047 3
143897 350.048 4
147954 360.049 3
152165 370.05 2
156898 380.052 2
161101 390.053 2
165816 400.055 3
170006 410.056 3
174336 420.058 3
178615 430.059 2
182654 440.06 3
186630 450.063 3
190651 460.065 3
194992 470.068 3
199266 480.068 2
203194 490.071 2
207722 500.073 3
212613 510.074 3
217043 520.075 3
221201 530.075 2
225318 540.076 3
229581 550.077 3
234151 560.079 3
238594 570.08 3
242922 580.08 3
247108 590.081 4
251287 600.001 2
