0 0.000376034 18
3145 10.0017 1
6061 20.0039 1
8972 30.0052 1
11881 40.0075 1
14791 50.01 1
17700 60.0103 1
20602 70.0116 1
23509 80.015 1
26425 90.0181 1
29349 100.021 1
32264 110.023 1
35184 120.024 1
38104 130.026 1
41027 140.026 1
43948 150.029 1
46867 160.032 1
49789 170.036 1
52708 180.037 1
55633 190.037 1
58552 200.04 1
61468 210.04 1
64391 220.043 1
67307 230.044 1
70215 240.047 1
73131 250.05 1
76045 260.052 1
78958 270.054 1
81874 280.056 1
84794 290.058 1
87701 300.058 1
90625 310.061 1
93539 320.062 1
96444 330.063 1
99363 340.064 1
102272 350.065 1
105187 360.067 1
108106 370.07 1
111013 380.072 1
113928 390.075 1
116844 400.077 1
119750 410.079 1
122654 420.082 1
125571 430.082 1
128477 440.084 1
131389 450.088 1
134291 460.09 1
137204 470.091 1
140114 480.094 1
143024 490.095 1
145933 500.098 1
148843 510.099 1
151754 520.102 1
154661 530.103 1
157565 540.105 1
160478 550.107 1
163376 560.11 1
166277 570.112 1
169188 580.114 1
172096 590.116 1
175518 600.003 1
