0,0.000376961,0.431786
3704,10.0033,0.999352
5978,20.0065,0.999548
8248,30.0087,0.999723
10533,40.0107,0.999755
12823,50.0118,0.999761
15108,60.0133,0.999761
17446,70.0169,0.999764
19811,80.019,0.999762
22098,90.0229,0.999763
24591,100.026,0.999765
27356,110.027,0.999764
30068,120.028,0.999764
32893,130.028,0.999765
35559,140.028,0.999766
38374,150.029,0.999765
41130,160.032,0.999763
43753,170.032,0.999766
46510,180.035,0.999766
49136,190.036,0.999767
51752,200.036,0.999766
54456,210.039,0.999766
57145,220.042,0.999767
59931,230.046,0.999766
62778,240.046,0.999766
65616,250.047,0.999766
68416,260.047,0.999767
71212,270.05,0.999767
73654,280.054,0.999766
76464,290.057,0.999766
79090,300.059,0.999766
81788,310.063,0.999765
84441,320.065,0.999766
87158,330.068,0.999766
89928,340.069,0.999765
92642,350.072,0.999765
95094,360.073,0.999765
97534,370.075,0.999764
100023,380.08,0.999766
102442,390.084,0.999765
104824,400.084,0.999766
107245,410.087,0.999766
109687,420.091,0.999764
112489,430.092,0.999766
115248,440.096,0.999765
118046,450.1,0.999766
120756,460.103,0.999765
123440,470.107,0.999765
126212,480.107,0.999765
128981,490.108,0.999766
131707,500.112,0.999766
134131,510.114,0.999765
136416,520.117,0.999765
139028,530.12,0.999766
141800,540.123,0.999764
144607,550.123,0.999766
147332,560.125,0.999766
149970,570.126,0.999766
152795,580.131,0.999766
155412,590.134,0.999766
158073,600.001,0.999765
