0,0.000296835,0.471811
1,0.00202263,0.49487
2,0.00350076,0.660765
3,0.00497022,0.682223
4,0.00646651,0.682223
5,0.00791885,0.682223
6,0.00935363,0.682223
7,0.0108275,0.682223
8,0.0122432,0.682223
9,0.0136602,0.690851
10,0.015087,0.690851
11,0.0164967,0.690851
12,0.0179154,0.690851
13,0.0193407,0.690851
14,0.0207538,0.690851
15,0.0221733,0.690851
16,0.0235934,0.690851
17,0.0250263,0.690851
18,0.0264744,0.690851
19,0.0278659,0.690851
20,0.0292765,0.690851
21,0.0306957,0.690851
22,0.0321089,0.690851
23,0.0335178,0.692644
24,0.0349428,0.692644
25,0.0363792,0.692644
26,0.0378001,0.692644
27,0.0392186,0.692644
28,0.0406066,0.702414
29,0.0420123,0.705183
30,0.0434388,0.705183
31,0.0448708,0.705339
32,0.0463102,0.705339
33,0.0477136,0.705339
34,0.0491048,0.705339
35,0.0505347,0.705339
36,0.0519512,0.705371
37,0.0533613,0.705371
38,0.0547792,0.737411
39,0.0561898,0.737411
40,0.0575996,0.737411
41,0.0590256,0.737411
42,0.0604303,0.737411
43,0.061845,0.737411
44,0.0632709,0.737411
45,0.0646814,0.737411
46,0.0660949,0.737411
47,0.0675031,0.737411
48,0.0689089,0.737411
49,0.0703331,0.737411
50,0.071744,0.737411
51,0.0731416,0.737411
52,0.0745504,0.737411
53,0.0759634,0.737411
54,0.0773627,0.737411
55,0.078779,0.737411
56,0.080184,0.739689
57,0.0816156,0.739689
58,0.0830583,0.739689
59,0.0844697,0.739689
431074,600.002,0.998725
