0,0.000377978,0.0865857
55369,10.0004,0.529365
109037,20.0006,0.559134
163571,30.0007,0.572196
215430,40.0009,0.59154
266250,50.001,0.617475
320075,60.0011,0.638228
367098,70.0012,0.647568
412608,80.0013,0.654775
457980,90.0014,0.662933
495626,100.001,0.66448
531403,110.002,0.666742
572093,120.002,0.674948
613126,130.002,0.679964
641166,140.002,0.681304
676719,150.002,0.688592
713767,160.002,0.689306
744961,170.002,0.69039
783574,180.003,0.696429
819156,190.003,0.699449
854829,200.003,0.702027
881433,210.003,0.70321
908694,220.003,0.703552
938912,230.003,0.71007
969446,240.003,0.711574
996367,250.004,0.714538
1034591,260.004,0.718103
1066196,270.004,0.720136
1104672,280.004,0.724457
1146044,290.004,0.729202
1182988,300.004,0.730706
1213495,310.004,0.731223
1240493,320.004,0.731661
1261549,330.005,0.732306
1282130,340.005,0.732959
1308076,350.005,0.73411
1337550,360.005,0.73531
1363007,370.006,0.735797
1387839,380.006,0.737183
1412908,390.006,0.737773
1441727,400.006,0.744641
1478735,410.006,0.746012
1506426,420.006,0.746284
1531798,430.007,0.747673
1555209,440.007,0.748858
1576433,450.007,0.749096
1596693,460.008,0.749693
1616189,470.008,0.749969
1633632,480.008,0.751789
1652566,490.008,0.755735
1669762,500.009,0.756041
1695980,510.009,0.756381
1720320,520.009,0.75732
1743383,530.009,0.757727
1767408,540.009,0.758386
1791118,550.009,0.759303
1814072,560.009,0.759871
1834999,570.009,0.760362
1860287,580.01,0.76199
1896278,590.01,0.765776
1924276,600,0.766365
