0,0.000378322,0.113159
4233,10.0022,0.940256
8450,20.0045,0.940261
12656,30.0054,0.940269
16872,40.0062,0.940265
21088,50.0077,0.940265
25299,60.0085,0.940271
29512,70.0089,0.940272
33721,80.0102,0.94027
37929,90.0106,0.940261
42142,100.011,0.940271
46355,110.013,0.940272
50577,120.013,0.940266
54793,130.015,0.940271
59020,140.016,0.940257
63242,150.018,0.94025
67473,160.02,0.94026
71701,170.021,0.94027
75934,180.023,0.940267
80164,190.024,0.940268
84391,200.025,0.940275
88615,210.026,0.940265
92839,220.027,0.940271
97065,230.028,0.940259
101294,240.029,0.940272
105527,250.029,0.940266
109767,260.031,0.940257
114001,270.033,0.94026
118236,280.034,0.940271
122475,290.034,0.94027
126703,300.035,0.940267
130930,310.036,0.940265
135158,320.038,0.940269
139388,330.039,0.940267
143625,340.04,0.940271
147864,350.041,0.940272
152098,360.041,0.940269
156337,370.042,0.940271
160579,380.044,0.940261
164823,390.046,0.940269
169054,400.048,0.940239
173280,410.049,0.940268
177508,420.051,0.94027
181735,430.052,0.940274
185964,440.054,0.940268
190193,450.055,0.940273
194415,460.055,0.940259
198640,470.055,0.940261
202872,480.06,0.940271
207104,490.06,0.940265
211332,500.062,0.940266
215571,510.064,0.940272
219795,520.064,0.94027
224019,530.065,0.940262
228246,540.066,0.940273
232474,550.066,0.940273
236711,560.067,0.94027
240949,570.068,0.940265
245189,580.07,0.940271
249497,590.07,0.940273
253852,600,0.940258
