242457 350.023
8.21744e-05 0.990984
0.999876 6.98168e-05
0.00354225 1.25262
0.766595 0.296117
0.0424507 1.07432
0.353982 0.599568
0.50983 0.546049
0.232004 0.799184
0.180122 0.868795
0.420712 0.590508
0.256445 0.809418
0.196189 0.748892
0.507738 0.428245
0.576853 0.471939
0.196189 0.748892
0.39307 0.604829
0.570394 0.397744
0.553441 0.459941
0.00354225 1.25262
0.430969 0.653012
0.580738 0.526465
0.82708 0.289232
0.999593 0.0768967
0.277081 0.831749
0.698709 0.338336
0.994367 0.0888669
0.786138 0.327072
0.679218 0.480063
0.358666 0.465959
0.0771288 0.949105
0.507738 0.428245
0.992237 0.0907924
0.978427 0.137371
0.999593 0.0768967
0.766595 0.296117
0.410456 0.528468
0.988889 0.0876947
0.53201 0.435785
0.629714 0.320441
0.65136 0.479135
0.965171 0.211087
0.978427 0.137371
0.172458 0.776447
0.905985 0.192785
0.87072 0.134735
0.926341 0.239741
0.173032 0.854015
0.747252 0.378017
0.127568 0.92304
0.336611 0.773552
0.967785 0.167895
0.11657 0.803789
0.706577 0.3751
0.0763757 1.03874
0.395515 0.642939
0.548515 0.413261
0.0424507 1.07432
0.855506 0.206378
0.443557 0.415385
0.567381 0.379783
0.994367 0.0888669
0.173032 0.854015
0.410456 0.528468
0.239508 0.6652
0.443557 0.415385
0.311212 0.696446
0.277081 0.831749
0.629714 0.320441
0.520635 0.522847
0.11657 0.803789
0.732735 0.248492
0.0199669 1.11825
0.238669 0.720533
0.65136 0.479135
0.113858 0.958149
0.522649 0.612603
0.548515 0.413261
0.41258 0.530804
0.965171 0.211087
0.553441 0.459941
0.280657 0.675102
0.0771288 0.949105
0.901101 0.247421
0.898587 0.215284
0.82708 0.289232
0.420712 0.590508
0.336611 0.773552
0.732735 0.248492
0.0014065 1.30633
0.33269 0.706163
0.172458 0.776447
0.570394 0.397744
0.988889 0.0876947
0.353982 0.599568
0.242797 0.793997
0.116938 0.899704
4.9577e-05 1.06333
0.2388 0.809747
0.901101 0.247421
0.461662 0.535705
