114568 70.0027
0.891522 0.158547
5.15355e-10 1.41304
0.169065 0.708005
0.215308 0.674059
0.660645 0.287233
0.0432711 0.925711
0.387519 0.477075
0.891522 0.158547
0.796148 0.214654
0.704445 0.27593
0.488242 0.412003
0.121667 0.810307
0.660645 0.287233
3.57163e-07 1.3216
0.56605 0.37505
0.299225 0.555017
0.00602754 1.15767
0.00602754 1.15767
0.488242 0.412003
0.566029 0.395221
0.299225 0.555017
0.0432696 1.00832
0.121667 0.82908
0.299225 0.555017
0.299225 0.555017
0.566029 0.395221
0.121667 0.82908
0.299225 0.555017
5.15355e-10 1.41304
0.56605 0.37505
0.0432711 0.925711
0.566029 0.395221
0.704445 0.27593
0.891522 0.158547
0.56605 0.37505
6.84249e-07 1.25737
0.796148 0.214654
0.299225 0.555017
0.796148 0.214654
0.796144 0.219225
0.566029 0.395221
0.566029 0.395221
0.121667 0.810307
0.121667 0.82908
0.796148 0.214654
0.56605 0.37505
0.56605 0.37505
0.169065 0.708005
0.372042 0.521117
0.56605 0.37505
0.0432711 0.925711
0.891522 0.158547
1.77873e-06 1.18975
0.121667 0.810307
0.0188291 1.07748
0.215308 0.674059
0.299225 0.555017
0.56605 0.37505
0.56605 0.37505
0.796148 0.214654
0.566029 0.395221
0.796144 0.219225
5.15355e-10 1.41304
0.796148 0.214654
0.0188291 1.07748
5.15355e-10 1.41304
0.0432711 0.925711
5.15355e-10 1.41304
0.0432711 0.925711
5.15355e-10 1.41304
0.56605 0.37505
0.891522 0.158547
0.121667 0.810307
0.488242 0.412003
5.15355e-10 1.41304
0.0432711 0.925711
0.704445 0.27593
6.84249e-07 1.25737
3.57163e-07 1.3216
0.566029 0.395221
0.660645 0.287233
0.796148 0.214654
0.56605 0.37505
0.372042 0.521117
0.0432711 0.925711
0.891522 0.158547
1.77873e-06 1.18975
0.0432711 0.925711
0.0188291 1.07748
0.215308 0.674059
0.299225 0.555017
0.704445 0.27593
0.56605 0.37505
0.00602754 1.15767
0.0188291 1.07748
5.15355e-10 1.41304
0.387519 0.477075
0.0432711 0.925711
5.15355e-10 1.41304
0.56605 0.37505
