129481 410.064
0.766672 0.130459
0.825835 0.0980229
0.882871 0.0661503
0.803058 0.11256
0.857999 0.0869666
0.969683 0.0236109
0.520618 0.283821
0.591131 0.237878
0.938591 0.0356951
0.74409 0.147458
0.656122 0.196513
0.492403 0.306321
0.359593 0.40892
0.60318 0.229708
0.673376 0.18541
0.310049 0.451978
0.904712 0.0552419
0.425868 0.352064
0.44192 0.342248
0.562546 0.256511
0.254574 0.503073
0.149124 0.62263
0.454133 0.332361
0.0359748 0.819038
0.321604 0.439662
0.41296 0.370897
0.0932231 0.703071
0.27683 0.48054
0.468636 0.322719
0.0138884 0.892876
0.546167 0.26864
0.686095 0.178387
0.622837 0.218967
0.0828228 0.72707
0.248369 0.511396
0.990786 0.0139159
0.00265026 0.963916
0.00109806 0.982458
0.00695503 0.933891
0.698765 0.171988
0.0517611 0.78251
0.268206 0.494794
0.926702 0.042765
0.136091 0.644583
0.221143 0.540606
0.00955094 0.918126
0.141698 0.635542
0.109604 0.67804
0.631028 0.209681
0.291035 0.467694
0.917475 0.0487353
0.169984 0.60225
0.385886 0.387028
0.379172 0.391882
0.12305 0.660166
0.178417 0.590618
0.0214608 0.864637
0.159171 0.609088
0.722812 0.156508
0.540655 0.275328
0.088293 0.718369
0.999052 0.00418559
1.85966e-07 1.03326
0.839722 0.0912783
0.918785 0.0488497
0.948495 0.0326626
0.7695 0.132027
0.720632 0.160167
0.881085 0.0689629
0.20084 0.562186
0.738234 0.148552
0.600583 0.233571
0.758257 0.139582
0.789652 0.120063
0.765175 0.132528
0.787896 0.120324
0.730989 0.151895
0.80181 0.112058
0.627507 0.21532
0.862009 0.0782387
0.666518 0.190464
0.495276 0.304053
0.865367 0.0782601
0.83795 0.0929516
0.211556 0.551452
0.762477 0.135915
0.532022 0.279955
0.724571 0.155224
0.885884 0.0673153
0.410144 0.370978
0.793684 0.115339
0.61951 0.221845
0.647873 0.200827
0.609518 0.225001
0.877956 0.0697371
0.654524 0.200505
0.930372 0.0433025
0.738159 0.149167
0.625957 0.217393
0.680324 0.183832
