76972 70.0033
2.39041e-10 0.999986
1 4.68074e-05
0.443887 0.488014
0.854065 0.321834
0.959344 0.142172
0.952542 0.28947
0.658827 0.414034
0.401929 0.70676
0.951632 0.140355
0.695513 0.374333
0.703646 0.409989
0.940504 0.188589
0.822923 0.267774
0.0353246 0.921277
0.742529 0.242105
0.841675 0.225919
0.0353246 0.921277
0.946446 0.293849
0.951632 0.140355
0.707208 0.430186
0.346808 0.803951
0.959344 0.142172
0.7895 0.291676
0.583657 0.569406
0.764427 0.299825
0.0300977 0.947429
0.972635 0.188829
0.0196747 0.884327
0.96228 0.147161
0.0837996 0.909956
0.0119279 0.923393
0.532646 0.381912
0.7895 0.291676
0.08382 1.03806
0.08382 1.03806
0.571616 0.535498
0.0805252 1.07095
0.930233 0.14856
0.964564 0.137671
0.932324 0.136565
0.0444503 0.970447
0.568795 0.429665
0.00658955 0.988701
0.54399 0.621287
0.638152 0.42398
0.583657 0.569406
0.54619 0.530639
0.932324 0.136565
0.723919 0.452752
0.366088 0.615256
0.0837996 0.909956
0.130245 0.810947
0.462944 0.527665
0.947951 0.0799563
0.451405 0.631599
0.942322 0.13383
0.192038 0.822925
0.807938 0.235895
0.642479 0.434292
0.946446 0.293849
0.53481 0.503218
0.929661 0.226547
0.973075 0.152705
0.952878 0.142115
0.634925 0.436402
0.942322 0.13383
0.253325 0.724059
0.380419 0.58643
0.638152 0.42398
0.195579 0.709512
0.0118388 1.07977
0.703646 0.409989
0.122245 0.925615
0.96228 0.147161
0.556603 0.353607
0.728865 0.445415
0.0106266 1.02262
0.0118388 1.07977
0.968746 0.0942923
0.964564 0.137671
0.54399 0.621287
0.854065 0.321834
0.0805252 1.07095
0.761544 0.415716
0.723919 0.452752
0.192038 0.822925
0.488829 0.534334
0.53481 0.503218
0.614143 0.407383
0.435774 0.553823
0.443887 0.488014
0.952542 0.28947
0.614143 0.407383
0.488829 0.534334
0.937599 0.225657
0.952878 0.142115
0.923196 0.258736
0.0196747 0.884327
0.124858 0.918903
0.384433 0.53664
