242191 500.055
1 1.11022e-16
0 1
0 1
0.418557 0.353044
0.778155 0.117869
0.824078 0.0922124
0.278723 0.472063
0.599026 0.226033
0.851358 0.0773097
0.175023 0.581644
0.160692 0.599137
0.261663 0.488471
0.554894 0.255089
0.658829 0.188317
0.151094 0.611292
0.986636 0.00670461
0.538083 0.269225
0.474031 0.311505
0.679484 0.175692
0.801492 0.10474
0.860337 0.0724568
0.003075 0.944547
0.14135 0.624052
0.396735 0.370131
0.222962 0.527813
0.629494 0.206594
0.0823263 0.713078
0.0723615 0.730999
0.440503 0.336298
0.722959 0.14973
0.0212258 0.854309
0.705278 0.160197
0.57748 0.240079
0.000896986 0.970051
0.255283 0.494746
0.0123623 0.888814
0.454006 0.326287
0.380364 0.383265
0.577654 0.239965
0.90958 0.046292
0.312588 0.440905
0.0297026 0.827656
0.524425 0.275828
0.461059 0.320996
0.0626166 0.749773
0.292555 0.459116
0.94735 0.0266812
0.760183 0.128116
0.130394 0.6389
0.0531274 0.769508
0.50276 0.290947
0.213855 0.538374
0.637201 0.201751
0.55001 0.258374
0.300005 0.452273
0.740466 0.139501
0.00046091 0.978533
0.89723 0.0527886
0.201965 0.550595
0.958478 0.0235583
0.236372 0.513819
0.81198 0.0989008
0.0865347 0.706181
0.396425 0.370377
0.971316 0.0144462
0.878473 0.062733
0.243484 0.506559
0.716167 0.1538
0.878473 0.062733
0.365786 0.395198
0.337999 0.421252
0.18548 0.569326
0.350001 0.408392
0.692355 0.167922
0.613182 0.216941
0.00594173 0.922917
0.376682 0.386256
0.134078 0.633835
0.120448 0.653054
0.00941828 0.902959
0.491638 0.298833
0.0205057 0.856802
0.0044755 0.933102
0.48592 0.302927
0.196682 0.556512
0.0933937 0.694404
0.64906 0.194357
0.187562 0.566916
0.92315 0.0392248
0.515816 0.281798
0.440503 0.336298
0.318571 0.435583
0.00815893 0.910082
0.0342761 0.815784
0.0685894 0.738105
0.613073 0.217101
0.745456 0.136607
0.757202 0.129827
0.109071 0.669742
0.510403 0.285576
