24 0.050479
0.278388 1.80152
0.6897 1.37357
1 1.02672
0.279043 2.26213
0 2.52991
0.5 1.67722
0.799898 1.19116
0.649317 1.42432
0.251824 1.79344
0.5 1.77763
0.429499 1.76351
0 2.99367
0.423185 1.70607
0.190672 1.86629
0.0321404 2.22952
0.479354 1.47606
0.0775906 2.34983
0.355744 1.96253
0.5 1.56375
0.705186 1.57501
1 1.28544
1 1.12433
0 2.62235
0.172486 2.19007
0.897 1.38186
0.822997 1.20863
0 2.74378
0.0850351 2.41946
0.838572 1.21857
0.686683 1.2804
0.474513 1.68207
0.872349 1.35052
0.0156646 2.45224
0.312947 2.10913
0.5 1.76747
0.654351 1.36357
0.381501 1.75306
0.197706 2.11753
0.186604 2.14421
0.439889 1.81864
0.150812 2.10143
0.348766 1.89381
0.557445 1.73157
0.42394 1.62178
0.171587 2.16138
0 2.80006
0.93676 1.21258
0.0442099 2.31911
1 1.02365
0.5 1.71393
0.329233 1.78049
0.0978285 2.33814
0.0744935 2.36701
0.459941 1.99852
0 2.99091
0.5 1.69596
0.00694288 2.57196
0.539697 1.22861
0.557709 1.50908
0.232036 2.20393
0.19622 2.39963
0 3.02129
0.122074 2.0993
0.255728 2.02621
0.168819 1.97122
0.212239 1.81406
0.5 1.43461
0.500262 1.73436
0 2.97705
0.76103 1.50373
0.560045 1.57127
0.0656574 2.31691
0.112958 2.56837
0.331495 2.14521
0.767543 1.76533
0.337937 2.23398
0.213799 1.9125
0.00290929 3.46187
0 3.14974
0 2.86028
0.5 1.56303
0.473062 1.82278
0.112146 2.43969
0.430759 1.75512
0.298179 2.27401
0.5 1.72627
0.243831 2.254
0.857893 1.05803
0.250072 2.11354
0.657143 1.57053
0 3.36568
1 1.34202
0.666511 1.42877
0.683693 1.51542
0.481601 1.68296
0 3.16998
0.669414 1.95065
0.136153 2.30469
0.5 1.55696
0.5 1.63544
