23054 70.0127
0.793155 0.120982
0.653517 0.203297
0.820608 0.102522
0.553774 0.266192
0.735161 0.15216
0.934771 0.0407621
0.584053 0.244682
0.358336 0.411085
0.00115167 0.987942
0.913373 0.0525851
0.721826 0.158815
0.667442 0.191166
0.846195 0.0859858
0.893142 0.0628441
0.876429 0.071157
0.0432171 0.812215
0.692192 0.175258
0.988749 0.0141035
0.0970274 0.700548
0.485823 0.311412
0.0262949 0.850287
0.966118 0.0272649
0.0350431 0.828222
0.421772 0.359834
0.85928 0.0806707
0.32315 0.443164
0.599456 0.243118
0.0527586 0.787293
0.00533888 0.94793
0.267536 0.493436
0.303465 0.461777
0.373434 0.398751
0.202854 0.559733
0.310882 0.4564
0.129775 0.654218
0.0561379 0.77426
0.108468 0.682253
0.0896188 0.723478
0.229903 0.527943
0.291679 0.471585
0.0234813 0.862876
0.145531 0.630075
0.187278 0.578662
0.524638 0.285624
0.330028 0.434935
0.973447 0.0242147
0.336023 0.429792
0.082591 0.730717
0.515317 0.292496
0.0195767 0.881084
0.282132 0.481229
0.38546 0.38858
0.463489 0.32699
0.0137459 0.896163
0.217109 0.548474
0.481792 0.315981
0.285297 0.475938
0.067882 0.75517
0.399389 0.376909
0.455009 0.333896
0.379123 0.394069
0.999859 0.00479375
3.95887e-07 1.04524
0.825355 0.103951
0.543459 0.276219
0.688083 0.183497
0.794515 0.121271
0.813767 0.111414
0.738687 0.151288
0.717917 0.165943
0.691549 0.182385
0.796005 0.120251
0.789411 0.123902
0.805997 0.115793
0.947876 0.0372556
0.559744 0.267467
0.953899 0.0330159
0.477111 0.323256
0.906299 0.0614355
0.989877 0.0174025
0.769611 0.135296
0.827669 0.101054
0.569904 0.257727
0.732265 0.157186
0.714482 0.166378
0.697785 0.177291
0.808821 0.113563
0.744526 0.150177
0.883337 0.0707234
0.789072 0.124816
0.628649 0.22055
0.880059 0.074178
0.888055 0.0697271
0.742547 0.149213
0.964236 0.0294479
0.860542 0.0821942
0.739576 0.154234
0.937179 0.0419995
0.711647 0.169911
0.753808 0.144153
