40 0.0855303
0 2.7708
0.614575 1.30338
0.261418 1.8702
0.167119 2.11076
0.672629 1.16557
0.504271 1.49258
0 2.84238
0.5 1.86145
0.574225 1.59061
0.5 1.3776
0.708948 1.27812
0.0696016 2.25585
0.39601 2.09172
0 3.19689
0.543226 1.42661
0.101359 2.30425
0.2134 2.3131
0.674188 0.926619
0.513591 1.30081
0.190729 2.11932
0.100707 2.21843
0.292358 1.94239
0.623101 1.32686
0.5 1.33351
0.396824 2.04208
0 3.12962
0 3.03758
0.512674 1.77255
0.0796191 2.46142
0.334412 1.53055
0 2.52934
0.419398 1.95885
0.449204 1.88408
0 2.67588
0.0479504 2.31705
0.130039 2.26884
0.5 2.11207
0 3.49617
0.688431 1.504
0 3.48103
0.207809 1.97651
0.5 1.67452
0 2.94792
0.836077 1.31768
0.83807 1.1134
0.0294602 2.56286
0 3.3829
0 2.9967
0.229983 1.77278
0.850532 1.15434
0 3.22636
0.7303 1.64561
0.5 1.16581
0.218451 1.8636
0 3.0906
0 2.77057
0.809963 1.69395
0.712696 1.27749
0.878063 1.06874
0.38992 1.77549
0.80055 1.42395
0.856882 1.43939
0.856348 1.15762
0.284449 2.04893
0.647741 1.4374
0.5 1.70406
0.471494 1.69398
0.699964 1.31272
0.724381 1.34898
0.115508 2.41156
0.479054 1.71156
0 3.32249
0.439108 1.48808
0.467521 1.35016
0.276418 2.14973
0 3.28148
0.186255 1.91076
0.288571 2.10666
0 3.42369
0.5 1.708
0.307619 1.95846
0 3.03249
0.25265 2.05134
0 3.04469
0.287087 2.01693
0.5 2.31844
0.125281 2.49256
0.86449 1.6841
0.686842 1.46742
0.557224 1.6031
0.353811 1.91106
0 2.76306
0.5 1.84133
1 0.996434
0.431293 1.96821
0.963885 1.57024
0.652912 1.80005
0.604981 1.46186
0.293517 2.23764
0.184483 2.10715
