547704 530.028
6.8194e-09 1.43567
0.852605 0.1639
6.8194e-09 1.43567
6.8194e-09 1.43567
0.482725 0.349502
1.86037e-07 1.4238
1.09305e-06 1.13101
6.8194e-09 1.43567
0.406135 0.448536
0.0144374 0.944013
0.316527 0.490994
0.406135 0.448536
0.316527 0.490994
0.761448 0.174805
0.316514 0.500725
0.263556 0.717149
6.8194e-09 1.43567
0.730034 0.202837
0.26356 0.684694
0.657577 0.229783
1.09305e-06 1.13101
0.26356 0.582379
0.0144287 1.09422
0.657577 0.229783
0.26356 0.582379
0.26356 0.582379
0.657571 0.329438
0.657573 0.25237
0.0144374 0.944013
0.0144292 1.03173
1.09305e-06 1.13101
0.657571 0.329438
0.730034 0.202837
0.0144292 1.03173
0.263556 0.717149
0.26356 0.684694
0.76144 0.200277
0.730034 0.202837
6.8194e-09 1.43567
1.86037e-07 1.4238
0.761448 0.174805
0.657573 0.25237
0.0144312 1.02116
0.761448 0.174805
0.761448 0.174805
0.761448 0.174805
0.0144292 1.03173
0.263556 0.717149
0.0144287 1.09422
0.406135 0.448536
0.482725 0.349502
0.761448 0.174805
1.86037e-07 1.4238
0.26356 0.582379
0.761448 0.174805
0.26356 0.582379
0.482725 0.349502
0.761448 0.174805
0.0144374 0.944013
0.761448 0.174805
0.0144312 1.02116
0.761448 0.174805
1.86037e-07 1.4238
0.761448 0.174805
0.730034 0.202837
0.0144287 1.09422
0.657577 0.229783
0.26356 0.582379
0.0144374 0.944013
0.263556 0.717149
0.26356 0.684694
0.76144 0.200277
0.316527 0.490994
0.657573 0.25237
0.761448 0.174805
0.761448 0.174805
0.761448 0.174805
0.0144287 1.09422
0.406135 0.448536
0.761448 0.174805
1.86037e-07 1.4238
0.26356 0.582379
0.761448 0.174805
0.26356 0.582379
0.406135 0.448536
0.761448 0.174805
0.0144374 0.944013
0.761448 0.174805
0.0144374 0.944013
0.0883927 0.828179
0.316527 0.490994
0.0144287 1.09422
0.0144292 1.03173
0.0144292 1.03173
0.76144 0.200277
0.761448 0.174805
0.761448 0.174805
1.86037e-07 1.4238
0.76144 0.200277
0.316527 0.490994
