34498 120.023
2.41411e-17 1
1 3.33067e-16
0.235131 0.515097
0.260567 0.490407
0.321025 0.43341
0.797602 0.10711
0.591379 0.230988
0.573477 0.242737
0.341613 0.415528
0.186694 0.567919
0.633469 0.204092
0.814658 0.0974158
0.205666 0.550445
0.60648 0.221235
0.00134118 0.963379
0.0845558 0.71131
0.431442 0.343159
0.14233 0.622734
0.971428 0.0144022
0.648776 0.194536
0.443594 0.333972
0.131826 0.636922
0.480686 0.306863
0.0336431 0.81658
0.39476 0.371752
0.0145159 0.87952
0.269988 0.480397
0.287364 0.463937
0.224506 0.526287
0.742382 0.138384
8.18976e-06 0.997138
0.778852 0.117474
0.0477798 0.783977
0.871743 0.0663429
0.843588 0.0815299
0.386889 0.377996
0.279895 0.470949
0.309832 0.444278
0.00442991 0.933443
0.98602 0.00701543
0.510964 0.28541
0.709615 0.158285
0.665586 0.184166
0.501287 0.291984
0.0536457 0.768385
0.418787 0.352862
0.918612 0.0415578
0.169615 0.58828
0.756435 0.130268
0.727815 0.146879
0.548155 0.259625
0.679257 0.175831
0.469661 0.315006
0.893692 0.0547544
0.697958 0.164562
0.0193838 0.860775
0.0216408 0.852893
0.372484 0.389749
0.00810922 0.909951
0.301367 0.453729
0.772371 0.123502
0.659852 0.187689
0.00572111 0.924363
0.51994 0.278932
0.0659863 0.743172
0.559746 0.251839
0.908483 0.0488512
0.932236 0.0345861
0.375565 0.387168
0.957539 0.0214837
0.0277666 0.833369
0.539746 0.265326
0.0269898 0.835895
0.408713 0.360747
0.88421 0.0596896
0.828379 0.0898472
0.619206 0.213104
0.860681 0.0723167
0.160102 0.599873
0.00222619 0.952844
0.4557 0.324945
0.102502 0.679954
0.727815 0.146879
0.360246 0.399795
0.941828 0.0295217
0.0732766 0.729451
0.10007 0.683662
0.690024 0.169324
0.0601719 0.754701
0.751888 0.132886
0.150555 0.611985
0.463634 0.319094
0.0897504 0.700417
0.0938565 0.696795
0.124691 0.646884
0.351307 0.407289
0.992575 0.00372167
0.618465 0.213575
0.0382737 0.804364
0.492469 0.298239
