40239 80.0105
2.63429e-17 1
2.63429e-17 1
1 2.22045e-16
0.0441568 0.789867
0.830769 0.0885355
0.467913 0.315958
0.00127535 0.964288
0.164749 0.594109
0.48903 0.300696
0.812637 0.0994764
0.62478 0.209662
0.856948 0.0742864
0.349417 0.408886
0.574713 0.241902
0.684741 0.172512
0.332904 0.423022
0.787016 0.112979
0.725404 0.148294
0.00366757 0.93944
0.605288 0.222
0.0271749 0.835152
0.452765 0.327245
0.109543 0.669028
0.0330136 0.818306
0.00584882 0.923525
0.252933 0.498869
0.795492 0.108096
0.186242 0.568443
0.411744 0.358329
0.14876 0.614306
0.297069 0.454962
0.0546346 0.76626
0.32602 0.431517
0.76665 0.124833
0.747941 0.135166
0.289041 0.462501
0.377948 0.385225
0.706281 0.159595
7.75405e-05 0.996678
0.0957507 0.690564
0.739224 0.140219
0.199039 0.553862
0.224645 0.52747
0.0119467 0.890701
0.230652 0.519738
0.425423 0.347756
0.677499 0.177013
0.138359 0.629576
0.0640868 0.746847
0.443786 0.333827
0.501631 0.291741
0.364913 0.39592
0.240735 0.509353
0.934216 0.0334516
0.539464 0.265519
0.213004 0.538477
0.559628 0.251917
0.0154349 0.875764
0.525992 0.274747
0.175278 0.581338
0.953635 0.0234577
0.941787 0.0295463
0.083345 0.715741
0.127473 0.642966
0.762985 0.12651
0.360392 0.399674
0.54478 0.261909
0.385398 0.379197
0.266093 0.484158
0.904293 0.0490568
0.710526 0.157073
0.312843 0.440679
0.0868789 0.70525
0.196309 0.556932
0.88737 0.0580115
0.920898 0.0403813
0.985583 0.00916992
0.638737 0.202774
0.402771 0.365464
0.0723466 0.732426
0.597488 0.227059
0.663583 0.185403
0.0605071 0.754256
0.974195 0.0129882
0.55639 0.254085
0.589037 0.232514
0.30884 0.444266
0.076204 0.72395
0.424395 0.348548
0.864909 0.0700239
0.178172 0.577896
0.14174 0.623517
0.992134 0.003941
0.916422 0.0427007
0.125358 0.645941
0.00926089 0.905751
0.0327635 0.818995
0.247242 0.504502
0.213851 0.537559
0.277528 0.473194
