53 0.11829
0.917016 0.903427
0.136312 1.87682
0.492589 0.967921
0.367291 1.02059
0.645285 1.08903
0.804358 0.542977
0.470606 0.786479
0.724061 0.919435
0.5 1.06681
0.0168615 2.25315
0.5 1.26898
0.488142 1.55215
0.5 1.15048
0.344966 1.16561
0.542473 1.42784
0.761019 0.815973
0 2.09195
0.814072 1.03705
0.298227 1.44974
0.50384 1.21557
0.0626013 1.61971
0.143191 1.5545
0.510191 0.882907
0.69106 0.826913
0.704669 1.08523
0 2.75612
0.939282 0.731697
0.341884 1.36085
0.945621 0.931049
0.449881 1.07215
0.154134 1.63625
0.203761 1.39377
0.0683077 1.74716
0.513672 1.00372
0.5 1.32345
0.5 0.942384
1 0.737171
0.291619 1.29007
0.00702896 1.92934
0.5 1.00683
0.43914 1.10911
0.531704 1.29325
0.5 1.22892
0 2.77628
0.0605636 2.10229
0.476223 1.20367
0.146544 1.68084
0.243399 1.31791
0.5 1.48421
0 2.72329
0.231612 1.5145
0.5 0.938095
0.449231 0.931378
0.51283 1.65976
0.902897 0.682186
0 1.87169
0.797602 1.01503
0.09948 1.87187
0.296194 1.49342
0.0730712 1.64822
0.934839 1.03604
0.216 1.48849
0.145576 1.70018
0.376463 1.20856
0.366588 1.59233
0.0774584 1.9154
0.396168 1.50299
0.194352 1.20868
0.0425919 2.22988
0.388115 1.18654
0.234661 1.36246
0.605141 1.22669
0.246926 1.33272
1 1.03223
0.109864 1.62469
0.877466 0.833338
0.0952086 1.8104
0.121052 2.01683
1 0.890514
0 2.34011
0.450344 1.34822
0.5 1.22277
0.612198 1.0216
0.0627177 1.8925
0.61879 1.10463
0.5 1.12968
0.154605 2.02409
0.532028 0.924944
0.524426 1.43274
0.112396 2.01192
0.5 1.05828
0.92286 0.870616
0.830054 1.05531
0.0585062 2.01309
0.5 1.313
0.944084 0.963482
0.321464 1.54284
0 2.48851
0.102025 1.87306
0.156169 1.65709
