25954 90.0099
1 1.22125e-15
0 1
0.00793134 0.910942
0.0141993 0.882143
0.363383 0.397203
0.81538 0.0970392
0.0864327 0.706081
0.506657 0.288202
0.528975 0.272694
0.202692 0.550611
0.895369 0.0537729
0.074531 0.726998
0.0957273 0.690762
0.482875 0.30514
0.637866 0.201383
0.183546 0.583074
0.226336 0.524254
0.444073 0.334267
0.337161 0.419347
0.422439 0.350049
0.838132 0.0845397
0.000470323 0.981246
0.0626764 0.749648
0.692644 0.167748
0.629148 0.206851
0.680246 0.17523
0.00149039 0.961395
0.00303963 0.944867
0.187914 0.566587
0.220475 0.530452
0.38128 0.382552
0.768013 0.123642
0.434059 0.341278
0.0563561 0.762606
0.307338 0.447069
0.402405 0.36568
0.66827 0.182525
0.24174 0.508337
0.12076 0.652678
0.410692 0.359185
0.705984 0.161358
0.746868 0.135792
0.598568 0.226329
0.0247756 0.842597
0.854122 0.0759251
0.465988 0.317396
0.268533 0.481807
0.0697391 0.73592
0.349067 0.409203
0.322522 0.43209
0.785161 0.113908
0.761092 0.1276
0.980454 0.00982298
0.925132 0.0381623
0.457806 0.323387
0.143778 0.620916
0.115641 0.659941
0.655825 0.190367
0.910587 0.0457534
0.957061 0.0217063
0.73099 0.14502
0.878851 0.0625346
0.864021 0.0704733
0.133063 0.635228
0.196242 0.557008
0.319784 0.435944
0.963824 0.0182554
0.131347 0.639812
0.987216 0.00842551
0.107706 0.67182
0.168222 0.589928
0.613576 0.2167
0.0361749 0.80986
0.0316144 0.822196
0.275169 0.475436
0.257519 0.492576
0.244205 0.505832
0.0193243 0.861342
0.574114 0.2423
0.291912 0.46164
0.552485 0.256708
0.738669 0.140635
0.161273 0.598726
0.939566 0.0307526
0.0465991 0.784133
0.611399 0.21808
0.841331 0.0827595
0.0245376 0.850276
0.939566 0.0307526
0.053066 0.777424
0.146908 0.616747
0.874612 0.0647943
0.496025 0.295709
0.39009 0.375444
0.800955 0.105039
0.718529 0.152346
0.257534 0.492523
0.0433502 0.797614
0.10329 0.678613
0.563377 0.24946
