119103 170.012
1.47606e-12 1.00151
0.999991 4.42097e-06
0.136361 0.840757
0.732968 0.273467
1.43109e-13 1.0474
0.657419 0.37785
0.975481 0.0919879
0.118002 0.771963
0.985241 0.28804
0.337047 0.647609
0.840565 0.346291
0.532965 0.472799
0.372029 0.663723
0.0281482 1.42284
0.59999 0.516573
0.0914379 0.909727
0.0832342 1.08957
0.840565 0.346291
0.93333 0.147289
0.678123 0.36307
0.865264 0.129117
0.884115 0.335895
0.150129 0.998537
0.412586 0.707984
0.91569 0.121857
0.641647 0.467436
0.645956 0.3818
0.290904 0.731766
0.0944053 1.0626
0.579114 0.503273
0.90687 0.130081
0.0832342 1.08957
0.313978 0.769871
0.806333 0.491734
0.711615 0.343795
0.870614 0.226877
0.951607 0.363321
0.999995 0.0232602
0.174635 0.821023
0.711615 0.343795
0.976742 0.269311
0.0914379 0.909727
0.313978 0.769871
0.789076 0.325539
0.337047 0.647609
0.0399463 1.24766
0.599435 0.453689
0.789076 0.325539
0.0113388 1.07392
0.413593 0.682992
0.174635 0.821023
0.870614 0.226877
0.302064 0.655386
0.826902 0.27502
0.185692 1.20819
0.823795 0.197067
0.902205 0.264079
0.469621 0.670657
0.901916 0.342336
0.535054 0.401256
0.91569 0.121857
0.600179 0.477413
0.0281482 1.42284
0.00865914 1.57759
8.40399e-14 1.04021
0.136361 0.840757
0.158695 0.765094
0.716853 0.312854
0.535054 0.401256
0.667434 0.506756
0.999995 0.0232602
0.682464 0.414695
0.550089 0.461351
0.93142 0.371093
0.0944053 1.0626
0.971779 0.349361
0.437834 0.667288
0.469621 0.670657
0.93333 0.147289
0.0113388 1.07392
0.751294 0.389709
0.177294 0.904939
0.645956 0.3818
0.970608 0.282034
0.177294 0.904939
0.75162 0.252835
0.0609075 0.91499
0.751294 0.389709
0.976742 0.269311
0.90687 0.130081
0.985241 0.28804
0.532965 0.472799
0.599435 0.453689
0.678123 0.36307
0.437834 0.667288
0.241697 0.97016
0.118002 0.771963
0.174131 0.840378
0.174131 0.840378
0.89211 0.387352
