134716 470.084
2.87856e-17 1
1 1.11022e-16
2.87856e-17 1
0.168937 0.588991
0.0131172 0.88547
0.431085 0.34382
0.125743 0.6454
0.0461272 0.78534
0.00722127 0.915022
0.871217 0.0666102
0.902112 0.0502044
0.150722 0.611773
0.113402 0.663248
0.510806 0.285294
0.928868 0.0362224
0.0832664 0.711512
0.333987 0.431211
0.547492 0.260073
0.666054 0.183897
0.0194714 0.860462
0.195012 0.5584
0.751841 0.133027
0.902604 0.0499454
0.266069 0.484508
0.057878 0.759422
0.627981 0.20755
0.707246 0.159021
0.0619053 0.751201
0.285726 0.465468
0.832493 0.0876083
0.518052 0.280482
0.0928615 0.696722
0.211586 0.54005
0.476165 0.309961
0.950961 0.0248286
0.595683 0.228582
0.299416 0.452812
0.071842 0.7321
0.805358 0.102588
0.449981 0.329584
0.320578 0.433805
0.972667 0.0137613
0.311628 0.44177
0.611239 0.218207
0.138386 0.628
0.414682 0.356042
0.492527 0.2982
0.378585 0.384708
0.364716 0.396084
0.718872 0.15223
0.181125 0.575205
0.531849 0.271089
0.039748 0.800631
0.00292461 0.945921
0.682593 0.173815
0.360215 0.399821
0.0712172 0.73327
0.981156 0.00946672
0.346098 0.4117
0.342877 0.414444
0.783589 0.1148
0.275282 0.475332
0.650108 0.193707
0.401536 0.366331
0.588675 0.234167
0.00192887 0.956082
0.2365 0.513687
0.0331501 0.817929
0.461782 0.320464
0.535612 0.268146
0.67589 0.177875
0.224024 0.526689
0.764459 0.12567
0.60844 0.219981
0.223511 0.527231
0.852906 0.0764767
0.819778 0.0945855
0.465485 0.317736
0.211586 0.54005
0.000821933 0.971331
0.944704 0.0280411
0.0869372 0.705257
0.254753 0.49527
0.578953 0.239457
0.73848 0.140735
0.100222 0.683503
0.7796 0.117053
0.24859 0.50214
0.237329 0.512836
0.560461 0.251361
0.413116 0.35726
0.303343 0.449236
0.638786 0.200764
0.798129 0.107127
0.182623 0.572661
0.107267 0.672513
0.0414689 0.796369
0.385915 0.37878
0.393698 0.372546
0.695306 0.16615
