242707 530.114
1 1.39607e-07
1 1.39607e-07
9.33515e-12 1
9.33515e-12 1
0.292338 0.459318
0.768173 0.123546
0.657859 0.188915
0.322829 0.431822
0.259005 0.491076
0.72174 0.150448
0.941127 0.0299178
0.100256 0.683368
0.701991 0.162152
0.859736 0.0728908
0.828805 0.0896584
0.0817177 0.714138
0.796456 0.107565
0.121475 0.651468
0.238941 0.511185
0.175487 0.581091
0.580344 0.238197
0.979976 0.01007
0.348958 0.409273
0.212895 0.538612
0.0655594 0.743955
0.432743 0.342168
0.0245267 0.84339
0.608377 0.220015
0.553894 0.25576
0.154524 0.606908
0.0151184 0.877044
0.632435 0.204743
0.893282 0.0548749
0.196616 0.556588
0.484884 0.303664
0.530123 0.271905
0.370287 0.391488
0.0521463 0.771645
0.138812 0.627426
0.507475 0.287627
0.391564 0.374249
0.412137 0.358021
0.91214 0.0450472
0.000922396 0.969924
0.00456705 0.932421
0.00841945 0.908243
0.0354519 0.811714
0.0411441 0.79716
0.461336 0.320783
0.461336 0.320783
1 2.40285e-07
1 1.83628e-07
0.461336 0.320783
0.507475 0.287627
1 2.77029e-07
1 2.42156e-07
1 2.00073e-07
0.461336 0.320783
0.507475 0.287627
1 3.34313e-07
1 3.17567e-07
1 2.13728e-07
0.507475 0.287627
1 3.43498e-07
1 3.336e-07
1 2.13728e-07
0.507475 0.287627
1 3.60828e-07
1 2.16755e-07
1 3.75006e-07
1 2.17309e-07
1 3.87922e-07
1 2.18734e-07
1 4.27326e-07
1 4.10838e-07
1 2.21186e-07
1 4.27431e-07
1 2.21423e-07
1 4.40684e-07
1 2.23902e-07
1 4.51747e-07
1 2.37109e-07
1 4.71375e-07
1 2.47268e-07
1 2.59887e-07
1 2.75198e-07
1 2.88898e-07
1 3.05914e-07
1 3.11833e-07
1 3.18277e-07
1 3.20097e-07
1 3.21889e-07
1 3.45393e-07
1 3.47012e-07
1 3.47226e-07
1 3.58324e-07
1 3.7902e-07
1 4.00354e-07
1 4.05332e-07
1 4.09845e-07
