214124 430.056
0.747358 0.142706
0.265627 0.491638
0.931221 0.0400587
0.241326 0.515856
0.065861 0.750675
0.960725 0.0250158
0.55287 0.26173
0.00338318 0.953124
0.288185 0.469504
0.461111 0.326785
0.103472 0.685731
0.814658 0.10288
0.162133 0.605188
0.392521 0.379335
0.0949349 0.699602
0.120592 0.661528
0.49401 0.303552
0.00850292 0.920812
0.657516 0.194674
0.128832 0.650099
0.614398 0.22279
0.423747 0.354575
0.529425 0.2775
0.055739 0.786441
0.705484 0.16548
0.0430299 0.801971
0.0301369 0.835609
0.788769 0.119426
0.641432 0.204579
0.180893 0.582678
0.696353 0.171528
0.409989 0.367777
0.486406 0.310553
0.586239 0.239338
0.144648 0.625698
0.174369 0.588333
0.630747 0.212674
0.990037 0.0102974
0.0803456 0.723365
0.43679 0.347328
0.324317 0.438207
0.0389304 0.813848
0.920388 0.0541688
0.33965 0.424008
0.0765722 0.730188
0.302823 0.455319
0.374885 0.394614
0.856754 0.0865212
0.999813 0.0036403
0.580727 0.245204
0.014288 0.890825
0.453825 0.336274
0.232434 0.538706
0.332706 0.429449
0.84974 0.0909085
0.0164654 0.881191
0.803942 0.110244
0.357632 0.407612
0.0223408 0.859825
0.211156 0.565632
0.0246079 0.851267
0.999813 0.0036403
7.52579e-08 1.01344
0.966454 0.0343456
0.904552 0.0631465
0.95722 0.0374189
0.723074 0.165881
0.86334 0.0861309
0.596093 0.242796
0.0497501 0.800009
0.0804676 0.74027
0.342687 0.43855
0.604521 0.238316
0.41318 0.376248
0.700229 0.179796
0.874847 0.0773741
0.938572 0.0441812
0.693463 0.184532
0.369791 0.412229
0.826495 0.106601
0.841308 0.0949404
0.35104 0.424301
0.711855 0.174081
0.789487 0.126685
0.713513 0.168681
0.240175 0.530339
0.798716 0.120291
0.250318 0.516951
0.361754 0.417483
0.80775 0.11945
0.117084 0.688075
0.9166 0.0574348
0.330551 0.443214
0.317972 0.451265
0.560214 0.264235
0.749664 0.148056
0.794393 0.122769
0.182838 0.589108
0.608975 0.239686
0.461965 0.339002
