91481 210.02
0.999998 3.45229e-05
0.999998 3.45229e-05
1.96024e-16 1.00012
1.96024e-16 1.00012
0.716551 0.153597
0.672264 0.180649
0.0357616 0.811192
0.576512 0.240822
0.414731 0.356123
0.916762 0.0425855
0.451149 0.328401
0.0199302 0.85942
0.235575 0.514734
0.874598 0.0649385
0.634357 0.203608
0.612454 0.217501
0.82468 0.0919628
0.542324 0.26366
0.790819 0.110945
0.389153 0.376265
0.0027824 0.947943
0.143595 0.621206
0.163604 0.595624
0.474864 0.310979
0.341956 0.415335
0.945836 0.0275377
0.364386 0.396491
0.214303 0.537177
0.125051 0.646618
0.974504 0.0129343
0.316968 0.437084
0.502618 0.291131
0.851821 0.0771492
0.790819 0.110945
0.0524338 0.771816
0.108917 0.67011
0.299788 0.452656
0.710472 0.157653
0.0121091 0.891237
0.27911 0.471825
0.0722893 0.733842
0.0959437 0.690377
0.520369 0.278787
0.0839457 0.714176
0.183322 0.571942
0.00690199 0.917372
0.194126 0.559501
0.0590128 0.758688
0.263512 0.486774
0.263512 0.486774
0.999952 0.000148036
0.999968 8.63506e-05
0.999963 0.000109537
0.263512 0.486774
0.999998 8.28335e-05
0.263512 0.486849
0.27911 0.47184
0.999968 9.42992e-05
0.999998 9.1521e-05
0.27911 0.471843
0.999968 9.78798e-05
0.999998 9.75789e-05
0.27911 0.47186
0.999968 0.000100829
0.999998 0.000100931
0.27911 0.471861
0.999968 0.000112468
0.999998 0.000102013
0.27911 0.471874
0.999968 0.000128412
0.999998 0.000123505
0.27911 0.471884
0.999968 0.000131291
0.999968 0.000131649
0.27911 0.471885
0.999968 0.000137439
0.27911 0.471891
0.999998 0.000137515
0.27911 0.471902
0.999968 0.000141783
0.999998 0.000139036
0.27911 0.471922
0.999968 0.000147226
0.999998 0.000140161
0.27911 0.47193
0.999968 0.000154841
0.999998 0.000150059
0.27911 0.471948
0.999968 0.000155537
0.999968 0.000156052
0.999998 0.000160487
0.999968 0.000164562
0.999998 0.00016534
0.999968 0.000170251
0.999998 0.00016595
0.999968 0.000179301
0.999998 0.000169057
0.999968 0.000182139
0.999998 0.000183614
0.999998 0.000184079
