53 0.113764
0 1.87589
0.55891 1.18609
0.946113 0.746282
0.789146 0.912068
0.5 0.935837
0.603754 0.994247
0.659986 1.25657
0.352313 1.13596
0.5 1.26379
0.290262 1.169
0.516894 1.18982
0.043527 1.95662
0.5 1.54545
0.587777 1.17449
0 2.43656
0 2.21619
0.977242 0.593909
1 0.70888
0 2.07004
0 2.12795
0.603992 1.14019
0.0433896 2.08426
0 2.19231
0.877162 0.698636
0.818095 0.735805
0.122345 1.58434
0.670893 1.47724
0.556311 1.01268
0.0933836 1.86085
0.5 1.40023
0.091133 1.96848
0.5 1.57807
0 2.09813
0.215694 1.73441
0.442494 1.04162
0.696971 1.00993
0.249103 1.39877
0.5 1.032
0.746029 0.908558
0.496818 1.4966
0.000872119 2.17502
0.381904 1.28998
0.662407 0.860872
0.906766 0.544615
0.516061 1.41628
0.0538781 1.70311
0.448525 1.12185
0.363235 1.48607
0.5 1.45148
0.0442926 1.94526
0.0113803 2.32172
0.182706 1.89592
0.040464 1.94222
0.755086 0.870791
0.0789454 1.79473
0.5 1.41838
0.217076 1.43703
0 2.40593
1 0.930072
0.787322 0.972502
0.5 1.27453
1 1.12664
0.487 1.33402
0.795543 0.871182
0.722548 0.786219
0.54327 1.19329
0.946983 0.633129
0.5 1.49154
0.5 1.05019
0.137112 1.83206
1 0.843166
0.141717 1.67229
0 2.41587
0.408261 1.32885
0.999341 0.912285
0.299316 1.78239
0 2.29686
0 2.29896
0.5 1.10291
0.553831 1.28201
0.155498 2.01179
0.4694 1.54049
0.522906 0.964351
0.5 1.16275
0 2.13046
0.150872 1.69991
0.367648 1.46743
0.850286 0.939672
0.995603 0.777235
0 2.1324
0.91822 0.910715
0.740874 0.925327
0.554773 1.54107
0.467331 1.36363
0.947502 0.918273
0.0364672 2.0313
0.5 1.16424
0.5 1.18752
0.758238 1.27768
0.524876 1.41212
