72238 320.084
0.99999 0.000100114
0.99999 0.000100114
0 1.00017
0 1.00017
0.158917 0.601912
0.158917 0.601912
0.451939 0.32818
0.451939 0.32818
0.0597162 0.755943
0.0756571 0.725372
0.000765972 0.972672
0.625093 0.210014
0.973428 0.0136149
0.531369 0.271528
0.560334 0.252428
0.0448158 0.790513
0.946252 0.0274508
0.712232 0.156322
0.0928675 0.695596
0.597171 0.228249
0.0145285 0.881406
0.682898 0.173795
0.647003 0.195801
0.834602 0.0866961
0.0281474 0.835636
0.752826 0.132607
0.813628 0.0982
0.732795 0.144204
0.773721 0.120676
0.793149 0.109666
0.0358695 0.811724
0.580479 0.240116
0.00682422 0.922412
0.0208749 0.861275
0.865058 0.0701001
0.668258 0.182957
0.125234 0.647005
0.50298 0.292422
0.47941 0.308084
0.113144 0.664091
0.103993 0.678202
0.125234 0.647005
0.920846 0.040607
0.519325 0.292149
0.00797287 0.919121
0.471621 0.314039
0.855454 0.0753378
0.893504 0.0549322
0.999981 0.000254407
0.913501 0.0444302
0.895116 0.054094
0.999983 0.000191526
0.999983 0.000248239
0.855454 0.0753629
0.920846 0.0406088
0.999981 0.000368058
0.893504 0.054941
0.913501 0.044464
0.895116 0.0541348
0.999983 0.000255941
0.855454 0.0753822
0.920846 0.0406733
0.893504 0.0549525
0.913501 0.0444661
0.895116 0.0541505
0.999983 0.000284348
0.855454 0.0753863
0.913501 0.0444764
0.893504 0.054955
0.895116 0.0541626
0.999983 0.000290653
0.855454 0.075399
0.913501 0.0445194
0.893504 0.0549615
0.895116 0.0541817
0.999983 0.000307416
0.855454 0.0754518
0.913501 0.0446085
0.893504 0.0549637
0.895116 0.0542054
0.999983 0.000323198
0.893504 0.0549678
0.895116 0.0542121
0.999983 0.000354023
0.893504 0.0549903
0.895116 0.0542156
0.895116 0.0542221
0.893504 0.0549938
0.895116 0.0542356
0.893504 0.0549963
0.895116 0.0542594
0.893504 0.0550114
0.893504 0.0550232
0.893504 0.0550334
0.893504 0.0550509
0.893504 0.0550579
0.893504 0.0550579
0.893504 0.0550757
0.893504 0.0551096
0.893504 0.0551545
