30243 50.0072
0.999989 0.000576443
0.999989 0.000576443
1.6746e-05 0.998268
1.6746e-05 0.998268
0.893447 0.0677447
0.810948 0.102512
0.543297 0.266575
0.600838 0.226536
0.94675 0.0276576
0.484098 0.307829
0.174912 0.583339
0.148138 0.616673
0.526131 0.276257
0.32795 0.429253
0.910015 0.0503026
0.652981 0.193575
0.298942 0.454355
0.23849 0.513375
0.216735 0.536401
0.195596 0.559264
0.465858 0.32097
0.616054 0.217465
0.35118 0.408701
0.26034 0.490778
0.67079 0.181766
0.706025 0.164579
0.39235 0.37503
0.722519 0.151609
0.130426 0.640404
0.432884 0.342962
0.00221736 0.954577
0.755225 0.132474
0.0406479 0.800081
0.0900127 0.701612
0.0489191 0.781165
0.00609798 0.923911
0.012629 0.889047
0.280461 0.472042
0.0645649 0.747783
0.373194 0.390493
0.98677 0.00753467
0.421832 0.357537
0.773147 0.122246
0.073274 0.730636
0.114045 0.663269
0.0196679 0.861817
0.101874 0.682538
0.802633 0.107313
0.0268456 0.837926
0.0268456 0.837926
0.99608 0.00285279
0.99608 0.00289441
0.0268456 0.83832
0.298942 0.454823
0.073274 0.731119
0.0406479 0.800693
0.0645649 0.748048
0.99608 0.00303125
0.073274 0.731219
0.298942 0.454933
0.99608 0.00305787
0.073274 0.731352
0.99608 0.00311859
0.073274 0.731358
0.99608 0.00312041
0.073274 0.731372
0.99608 0.00318203
0.073274 0.731408
0.99608 0.00319068
0.073274 0.731459
0.99608 0.00323071
0.073274 0.731473
0.99608 0.0032593
0.073274 0.731509
0.99608 0.0032942
0.073274 0.731532
0.99608 0.00329737
0.073274 0.731595
0.99608 0.00330405
0.073274 0.731641
0.99608 0.00331025
0.073274 0.731648
0.99608 0.00336151
0.073274 0.731656
0.99608 0.00337007
0.073274 0.731803
0.99608 0.00337647
0.073274 0.7319
0.99608 0.00338271
0.073274 0.731997
0.99608 0.00345333
0.073274 0.732027
0.99608 0.0035041
0.073274 0.732146
0.99608 0.00351535
0.073274 0.732178
0.99608 0.00354449
0.073274 0.732263
0.99608 0.0035875
0.073274 0.732345
