658313 600.001
4.24875e-05 0.993482
0.999905 4.9572e-05
0.129753 1.10244
0.551515 0.46799
0.653869 0.379432
0.0515653 1.14865
0.650094 0.414147
0.00641524 1.07818
0.0181699 1.12294
0.0230653 0.876731
0.999988 0.0923834
0.613334 0.484187
0.234947 0.731328
0.0889244 1.03833
0.999971 0.00713225
0.754103 0.35238
0.279204 0.858261
0.276108 0.795547
0.146242 1.03773
0.967881 0.32987
0.252014 0.818809
0.768875 0.312747
0.678377 0.427114
0.754103 0.35238
0.846154 0.275257
0.910477 0.451548
0.0369395 1.04054
0.327712 0.744819
0.602306 0.386831
0.386345 0.658946
0.837971 0.301293
0.386345 0.658946
0.999988 0.204191
0.814057 0.379364
0.613334 0.484187
0.279204 0.858261
0.713001 0.318244
0.347382 0.73189
0.180025 1.08655
0.814057 0.379364
0.691605 0.493056
0.502532 0.55601
0.0922576 0.926062
0.774175 0.360633
0.837971 0.301293
0.72447 0.235544
0.670941 0.30432
0.101256 1.10182
0.551515 0.441045
0.0344918 1.06816
0.999988 0.204191
0.347382 0.73189
0.0258521 1.04773
0.315945 0.684541
0.00641524 1.07818
0.970655 0.0719995
0.114818 1.09384
0.72447 0.235544
0.357315 0.601897
0.970655 0.0719995
0.639974 0.452867
0.252014 0.818809
0.314203 0.538109
0.659172 0.295172
0.635633 0.414762
0.0430506 1.09966
0.146242 1.03773
0.0292941 1.16919
0.180025 1.08655
0.798469 0.539259
0.00435768 1.10569
0.814057 0.401567
0.880547 0.30921
0.999988 0.0923834
0.713001 0.318244
0.0430506 1.09966
0.00435768 1.10569
0.445115 0.586105
0.808747 0.371566
0.0515653 1.14865
0.357315 0.601897
0.252936 0.789092
0.774175 0.360633
0.0344918 1.06816
0.0232947 1.10379
0.481272 0.538574
0.884252 0.429325
0.910477 0.451548
0.111725 0.695417
0.967881 0.32987
0.654393 0.454818
0.0258521 1.04773
0.653869 0.379432
0.613596 0.551381
0.0232947 1.10379
0.826788 0.276026
0.613596 0.551381
0.0369395 1.04054
0.635633 0.414762
0.837971 0.312536
