131774 260.022
1 1.11022e-16
0 1
0.578779 0.239225
0.595446 0.22835
0.445311 0.332685
0.192712 0.561348
0.560044 0.251639
0.0377951 0.805592
0.005587 0.925254
0.182213 0.573337
0.0608879 0.753605
0.240396 0.509713
0.786956 0.112894
0.982563 0.00875708
0.0658243 0.743585
0.0514912 0.773087
0.272764 0.477732
0.671129 0.180776
0.394701 0.371747
0.298016 0.454092
0.758214 0.130049
0.356584 0.402854
0.414434 0.356235
0.382009 0.381932
0.477834 0.308744
0.914505 0.0437043
0.465512 0.317716
0.635769 0.202745
0.896796 0.0530071
0.876608 0.0637284
0.334777 0.42398
0.692387 0.167902
0.082824 0.712209
0.456514 0.324342
0.0307704 0.824612
0.813836 0.0978716
0.733991 0.143284
0.487183 0.302028
0.124735 0.646821
0.204487 0.547824
0.693931 0.166975
0.713709 0.155187
0.610465 0.218678
0.647787 0.195163
0.865526 0.0696635
0.428631 0.345301
0.745722 0.136448
0.0208732 0.855525
0.550179 0.25826
0.715642 0.154057
0.942974 0.0289316
0.0152614 0.877798
0.31779 0.436272
0.114877 0.661065
0.528827 0.272796
0.9648 0.0177579
0.0890342 0.701616
0.520085 0.278831
0.0143705 0.880123
0.324247 0.430574
0.251103 0.498916
0.000341054 0.981532
0.14427 0.620174
0.0241827 0.844492
0.00100351 0.97206
0.043661 0.791052
0.00968527 0.901586
0.769749 0.122646
0.00901475 0.905059
0.230311 0.520093
0.002979 0.94542
0.0285306 0.83109
0.0748356 0.726439
0.992481 0.00408447
0.171853 0.585448
0.0992473 0.685058
0.287323 0.467649
0.129137 0.642471
0.826736 0.0909749
0.00196277 0.955697
0.287661 0.467332
0.344963 0.41267
0.796373 0.107603
0.307813 0.445191
0.392908 0.373176
0.148852 0.614191
0.668086 0.182655
0.511335 0.284923
0.266654 0.486703
0.615167 0.215688
0.0761048 0.724129
0.507991 0.289119
0.372241 0.389885
0.34358 0.413847
0.889306 0.0571595
0.136702 0.630267
0.419367 0.352415
0.135227 0.632268
0.497489 0.29469
0.261414 0.488716
