7744 10.0015
6.21852e-27 1
1 0.000126307
0.418833 0.614705
0.0405979 0.996867
0.996567 0.130391
0.235913 0.586202
0.997828 0.0500151
0.494633 0.496743
0.898257 0.30855
0.0136727 0.987112
0.286112 1.30316
0.163727 1.02421
0.996567 0.130391
0.193326 0.7459
0.922138 0.305904
0.0948496 0.901819
0.0313939 1.17724
0.397752 0.757836
0.0136727 0.987112
0.331626 0.553492
0.00476908 0.996516
0.989928 0.150156
0.250282 1.072
0.408289 0.648142
0.636467 0.380193
0.938284 0.0804915
0.0675524 0.880304
0.457926 0.615129
0.938284 0.0804915
0.0269756 0.931307
0.639952 0.425905
0.915649 0.36029
0.677468 0.560993
0.930892 0.281294
0.00866809 0.998757
0.235913 0.586202
0.300288 0.720927
0.83597 0.284921
1.06723e-27 1.30406
0.767748 0.291129
0.0943947 0.967538
0.877177 0.110211
0.354593 0.669844
0.996869 0.11477
0.0269756 0.931307
0.0751528 0.818242
0.306144 0.658215
0.894171 0.125821
0.331626 0.566908
0.14542 0.804887
0.87778 0.0792632
0.746417 0.294586
0.320479 0.725056
0.86451 0.200986
0.358581 0.686554
0.0943947 0.967538
0.87778 0.0792632
1.93236e-27 1.27447
3.2285e-27 1.18328
0.309235 0.770379
0.432696 0.662114
0.397752 0.757836
0.660194 0.424565
0.0751528 0.818242
0.81249 0.233787
0.163727 1.02421
0.727985 0.388223
0.140768 0.976877
0.286112 1.30316
0.228317 0.758253
0.358581 0.686554
0.964973 0.130336
0.915649 0.36029
0.877177 0.110211
0.922138 0.305904
0.964973 0.130336
0.833915 0.34157
0.81249 0.233787
0.428177 0.70841
0.0969701 0.885957
0.746417 0.294586
0.0948496 0.901819
0.669688 0.331622
0.94755 0.174633
0.652423 0.775829
0.898257 0.30855
0.34198 0.796809
1.93236e-27 1.27447
0.215728 1.30069
0.419734 0.606883
0.0675524 0.880304
0.140768 0.976877
0.00476908 0.996516
0.0969701 0.885957
0.309235 0.770379
0.767748 0.291129
0.564828 0.717944
0.660194 0.424565
0.894171 0.125821
0.494633 0.496743
