103514 340.059
0.4956 0.302242
0.706037 0.166081
0.574481 0.249879
0.622534 0.218717
0.464202 0.326184
0.790514 0.118732
0.415218 0.363942
0.906006 0.0541627
0.928348 0.0442428
0.965111 0.0244536
0.949951 0.0305404
0.723658 0.157084
0.281403 0.479802
0.481027 0.315111
0.768659 0.130268
0.746526 0.144508
0.830457 0.0954544
0.590111 0.239321
0.115384 0.668154
0.876761 0.0707047
0.402906 0.372615
0.850546 0.0851955
0.867175 0.075781
0.125187 0.653422
0.197068 0.566034
0.341497 0.424473
0.00433079 0.946616
0.322425 0.441404
0.390814 0.380953
0.75872 0.137508
0.333098 0.433403
0.00998392 0.911544
0.836544 0.0912802
0.349812 0.416481
0.374979 0.396335
0.264268 0.494317
0.00767669 0.924256
0.602993 0.231039
0.0763544 0.734142
0.897175 0.0656544
0.608997 0.227983
0.270404 0.490608
0.241757 0.514141
0.0688091 0.748032
0.0356638 0.823275
0.255778 0.502911
0.0828433 0.722624
0.380468 0.391314
0.365227 0.406024
0.161677 0.606468
0.00109903 0.980167
0.0499792 0.784063
0.178917 0.584535
0.0411877 0.8087
0.0731662 0.741392
0.172667 0.593926
0.014638 0.891718
0.019696 0.870854
0.030094 0.837625
0.312313 0.451597
0.359933 0.409049
0.999811 0.00399681
4.96044e-08 1.01644
0.20965 0.565536
0.401276 0.388164
0.951242 0.0454784
0.375895 0.412556
0.793782 0.125455
0.0553862 0.802729
0.846359 0.100812
0.857599 0.0907251
0.117145 0.68869
0.362 0.420246
0.533397 0.288704
0.250572 0.526351
0.374885 0.416737
0.869792 0.0817376
0.447835 0.352916
0.810574 0.116278
0.807954 0.11774
0.60488 0.241158
0.758867 0.146503
0.482146 0.326331
0.455088 0.342398
0.192608 0.590887
0.961502 0.0367774
0.78549 0.132876
0.721821 0.170944
0.952507 0.0438751
0.406377 0.38996
0.297639 0.487664
0.098787 0.718469
0.473415 0.334655
0.894387 0.0707057
0.485224 0.326499
0.46202 0.344678
0.492306 0.320599
0.0554848 0.795897
0.602015 0.244946
0.686808 0.192622
