164964 560.1
0.198857 0.56303
0.221497 0.538288
0.406467 0.372274
0.0362775 0.82408
0.897173 0.0576792
0.289736 0.472685
0.0227415 0.859861
0.0689701 0.748245
0.177229 0.60508
0.869914 0.074724
0.529534 0.28139
0.0477786 0.793968
0.800804 0.121508
0.730569 0.152321
0.356846 0.410479
0.338099 0.427213
0.248503 0.510054
0.0562312 0.776124
0.132931 0.644326
0.154145 0.618656
0.326838 0.439807
0.67742 0.190286
0.648733 0.203239
0.257884 0.503426
0.435437 0.347632
0.378215 0.393779
0.621191 0.217755
0.97906 0.0168865
0.70329 0.168771
0.59017 0.239472
0.428032 0.354544
0.003068 0.964277
0.00569176 0.939906
0.830798 0.106811
0.580729 0.245908
0.108201 0.683366
0.611162 0.228134
0.305582 0.45708
0.946462 0.0348709
0.755422 0.137393
0.637021 0.209379
0.466959 0.32991
0.880995 0.0689965
0.931578 0.0516413
0.558501 0.260968
0.0977888 0.699871
0.146596 0.62739
0.855145 0.0999152
0.710913 0.164828
0.0849432 0.739279
0.371021 0.40121
0.508629 0.294377
0.0166539 0.883379
0.119862 0.678695
0.750104 0.141094
0.0145141 0.893436
0.472421 0.321731
0.486698 0.310199
0.138967 0.637863
0.514127 0.291465
0.0959616 0.715199
0.999992 0.00332614
9.76559e-09 1.01334
0.19992 0.579111
0.35669 0.424802
0.724443 0.166482
0.0290682 0.864986
0.385031 0.400486
0.0594328 0.787179
0.527799 0.296264
0.585589 0.255971
0.879642 0.0783342
0.0342707 0.845979
0.807952 0.119297
0.0110066 0.926473
0.1719 0.612786
0.0101467 0.933586
0.997557 0.0186181
0.110309 0.701396
0.134586 0.665825
0.209707 0.565232
0.0645289 0.773099
0.455804 0.344522
0.662264 0.209473
0.492963 0.318292
0.245735 0.533335
0.920847 0.0651849
0.0600537 0.784908
0.631577 0.226823
0.133868 0.666482
0.325608 0.45017
0.955808 0.037856
0.336921 0.445107
0.790179 0.133972
0.232487 0.544934
0.487505 0.32535
0.0150969 0.910032
0.179459 0.596146
0.371735 0.414645
0.208047 0.572478
