275131 250.011
4.89065e-05 0.993007
0.999932 5.52244e-05
0.204701 1.21355
0.0209346 1.09927
0.329557 0.587843
0.264587 0.657789
0.519202 0.396848
0.216922 0.882295
0.902391 0.303573
0.549459 0.518483
0.311013 0.592168
0.311013 0.592168
0.63291 0.424311
0.28252 0.622283
0.328816 0.695909
0.979603 0.143501
0.170084 0.837415
0.961375 0.155589
0.655745 0.272595
0.313209 0.606663
0.426603 0.500536
0.926142 0.299454
0.501137 0.610579
0.905996 0.252244
0.955909 0.202636
0.0441229 1.10967
0.549459 0.518483
0.396222 0.619232
0.831113 0.182043
0.254383 0.881953
0.204701 1.21355
0.900706 0.326697
0.97673 0.149861
0.0159375 1.22552
1 0.14189
0.386543 0.62131
0.325806 0.650949
0.553314 0.376608
0.0455884 1.00882
0.955909 0.202636
0.0151926 1.30173
0.426603 0.500536
0.15496 0.727922
1 0.124288
0.997874 0.164489
0.523012 0.422529
0.429343 0.582639
0.434 0.529491
0.536882 0.567942
0.136009 0.713237
0.017917 0.984063
0.655745 0.272595
0.999981 0.0788811
0.900706 0.326697
0.0441229 1.10967
0.329557 0.587843
0.811687 0.314412
0.254383 0.881953
0.350989 0.592868
0.0219029 1.21167
0.0928395 0.887086
0.28252 0.622283
0.519069 0.528903
0.00477093 1.37342
0.689604 0.386143
0.0455884 1.00882
0.567522 0.464492
0.017917 0.984063
0.993481 0.169616
0.70734 0.250373
0.0141391 1.06853
0.689604 0.386143
0.350989 0.592868
0.542856 0.326008
0.414584 0.793436
0.141618 1.03208
0.414584 0.793436
0.831113 0.182043
0.997874 0.164489
0.53304 0.424949
0.902391 0.303573
0.434 0.529491
0.478442 0.416529
0.0928395 0.887086
0.979603 0.143501
0.811687 0.314412
0.361671 0.522871
0.0159375 1.22552
0.219675 0.741435
0.8964 0.106282
0.264115 0.640249
0.15496 0.727922
0.536882 0.567942
0.00556215 1.45977
0.396222 0.619232
0.226213 0.932422
0.523012 0.422529
0.961375 0.155589
0.386543 0.62131
0.775562 0.383781
