86950 300.058
0.841474 0.090128
0.61316 0.223757
0.894781 0.0634484
0.910476 0.0524902
0.499164 0.299859
0.944141 0.0369198
0.805048 0.112991
0.120803 0.661815
0.00803471 0.929536
0.758064 0.135033
0.682374 0.180572
0.978798 0.0175109
0.722725 0.158361
0.211852 0.546946
0.708805 0.165743
0.642309 0.206832
0.383173 0.388265
0.000392946 0.991191
0.557251 0.262649
0.442295 0.342102
0.581517 0.2446
0.665768 0.191932
0.532025 0.278757
0.267381 0.493353
0.0720678 0.740176
0.567409 0.254957
0.324112 0.438414
0.404705 0.371803
0.654489 0.199143
0.201215 0.560882
0.159294 0.609035
0.149007 0.625055
0.0234768 0.858197
0.524855 0.283356
0.479797 0.320659
0.0979309 0.69722
0.966585 0.031621
0.288229 0.470264
0.594509 0.241251
0.0130966 0.898385
0.515975 0.293079
0.362461 0.415067
0.782573 0.124887
0.468282 0.32418
0.345843 0.420454
0.0176261 0.878709
0.112535 0.681162
0.462264 0.328584
0.235268 0.529466
0.455179 0.336107
0.431367 0.35267
0.280547 0.484257
0.789499 0.122423
0.169164 0.598671
0.1378 0.637632
0.176895 0.591133
0.0446742 0.799542
0.771226 0.132257
0.066115 0.753001
0.25721 0.507207
0.191023 0.573425
0.999911 0.00411555
6.27112e-08 1.01505
0.64942 0.206752
0.780186 0.126538
0.952514 0.0324675
0.711673 0.166101
0.234052 0.527368
0.951113 0.0341867
0.797495 0.115164
0.87559 0.0744324
0.774852 0.127233
0.703957 0.171403
0.575132 0.25262
0.408453 0.372232
0.996005 0.0114206
0.689856 0.17766
0.554805 0.26437
0.648171 0.206958
0.841691 0.0928634
0.675466 0.189215
0.756875 0.140128
0.768266 0.132459
0.919641 0.0491498
0.495192 0.304607
0.555308 0.263592
0.656448 0.198678
0.900873 0.0614273
0.726937 0.155665
0.908323 0.0552729
0.569169 0.254095
0.708591 0.168743
0.741067 0.149011
0.650152 0.203897
0.753819 0.142673
0.80959 0.107298
0.870209 0.0759757
0.76329 0.134592
0.502813 0.30245
0.604466 0.233247
