23998 80.0206
0.226929 0.531584
0.169108 0.597311
0.359084 0.409611
0.299254 0.462582
0.258357 0.498804
0.130952 0.647979
0.428493 0.356521
0.270815 0.487554
0.00590585 0.933902
0.0136172 0.89546
0.540937 0.271665
0.396053 0.379748
0.199741 0.564569
0.0212272 0.863241
0.560779 0.258555
0.316197 0.447288
0.109109 0.679174
0.610192 0.223673
0.103761 0.691394
0.0290612 0.839546
0.00150791 0.9736
0.387994 0.38757
0.63818 0.20682
0.188735 0.573892
0.124663 0.658611
0.340582 0.424909
0.0610703 0.761558
0.0809652 0.725559
0.17857 0.586213
0.998125 0.00436001
0.0367236 0.822161
0.463456 0.326833
0.626588 0.21515
0.519952 0.285103
0.453659 0.333729
0.0507366 0.79037
0.0784173 0.730514
0.507642 0.294762
0.494718 0.304281
0.484365 0.31249
0.589009 0.239115
0.477896 0.318164
0.442361 0.348053
0.66317 0.191625
0.0590709 0.768083
0.65525 0.201484
0.333798 0.431798
0.707948 0.165835
0.0428272 0.805856
0.966494 0.0242991
0.738727 0.148964
0.329866 0.438022
0.60106 0.235261
0.774152 0.127055
0.58046 0.244907
0.448328 0.341858
0.0453351 0.799923
0.78611 0.119828
0.909697 0.0545027
0.758719 0.134873
0.979075 0.017132
0.998125 0.00436001
6.66295e-08 1.01482
0.397513 0.377033
0.246873 0.51234
0.36057 0.407183
0.21266 0.547718
0.10918 0.680432
0.207581 0.553353
0.488054 0.308688
0.435142 0.349235
0.540973 0.272039
0.174537 0.591588
0.109875 0.678998
0.0655324 0.754539
0.250813 0.506741
0.206761 0.553623
0.298128 0.462566
0.136346 0.639732
0.244363 0.514892
0.285804 0.474317
0.360822 0.407268
0.242377 0.516604
0.0709482 0.743795
0.159425 0.610868
0.257943 0.500918
0.0840297 0.718221
0.213929 0.545429
0.262013 0.495921
0.0683655 0.747978
0.269732 0.487914
0.173118 0.593614
0.115176 0.670135
0.235904 0.521927
0.167893 0.600312
0.0850452 0.718285
0.171326 0.595799
0.121574 0.661582
0.273055 0.485609
0.120065 0.662828
