77664 250.049
0.999963 0.00028068
0.999963 0.00028068
1.66533e-16 1.00055
1.66533e-16 1.00055
0.236373 0.586135
0.2478 0.525704
0.15099 0.61406
0.280291 0.471911
0.352568 0.407338
0.388622 0.377919
0.906407 0.0485048
0.0355488 0.824539
0.441012 0.342374
0.553425 0.256954
0.117144 0.670625
0.871873 0.0672699
0.323814 0.432074
0.940722 0.0308939
0.84186 0.0835679
0.134512 0.635676
0.692842 0.167982
0.416224 0.35756
0.050743 0.780835
0.663957 0.185551
0.0211645 0.855825
0.812588 0.0989209
0.30277 0.452
0.072589 0.734027
0.719425 0.152147
0.787539 0.113054
0.517901 0.280942
0.64054 0.200065
0.475148 0.314275
0.0132866 0.886198
0.618325 0.214056
0.57791 0.241
0.743072 0.138378
0.00121998 0.970407
0.0969137 0.697873
0.765215 0.126398
0.0586416 0.762136
0.596667 0.228367
0.968236 0.0171734
0.509629 0.287736
0.00563309 0.934684
0.480027 0.308193
0.0883168 0.711668
0.00815189 0.915474
0.983904 0.00850883
0.997948 0.00180536
0.997948 0.00180536
0.998935 0.000962092
0.998935 0.000982392
0.663957 0.185949
0.743072 0.138539
0.983904 0.00936482
0.719425 0.152334
0.998935 0.00106715
0.663957 0.186439
0.743072 0.138714
0.719425 0.152433
0.998935 0.00111952
0.719425 0.152555
0.743072 0.13883
0.998935 0.00113868
0.719425 0.152637
0.743072 0.138856
0.998935 0.0011465
0.719425 0.152685
0.743072 0.138875
0.998935 0.00120519
0.719425 0.15274
0.743072 0.139075
0.998935 0.00122115
0.719425 0.152924
0.743072 0.139097
0.998935 0.00122293
0.719425 0.152927
0.743072 0.139125
0.998935 0.00122674
0.719425 0.152946
0.743072 0.13915
0.998935 0.00130114
0.719425 0.153348
0.743072 0.139311
0.998935 0.00130738
0.743072 0.139385
0.998935 0.00131692
0.998935 0.00133095
0.998935 0.00133963
0.998935 0.00134829
0.998935 0.00135965
0.998935 0.00136402
0.998935 0.00139528
0.998935 0.00145612
0.998935 0.00146095
0.998935 0.0015245
0.998935 0.00156985
0.998935 0.00171759
0.998935 0.00176655
