106602 340.057
0.12109 0.656179
1 1.27564e-05
0.236098 0.516392
0.181495 0.579558
0.100058 0.69434
0.323937 0.435558
0.5 0.301151
0.520744 0.285862
0.908021 0.0591125
0.207518 0.546613
0 1.00761
0.180108 0.578541
0.372815 0.394713
0.207888 0.553321
0 1.01107
0 1.00149
0.148246 0.623312
0.672201 0.183049
0.121413 0.658471
0.52414 0.285208
0.467589 0.318911
0 1.0167
0.266375 0.487034
0.0197856 0.862263
0.957841 0.0225897
0.330868 0.427775
0.108765 0.673366
0.5 0.296791
0.470046 0.316113
0.344307 0.426785
0.0831849 0.720697
0.495451 0.302291
1 0.00189942
0 1.00346
0 1.00691
0.050612 0.780156
0.5 0.298088
0.370394 0.400795
0.0956711 0.69313
0.5 0.297741
0.0241347 0.850416
0.849349 0.0807425
0.958548 0.0255205
0.538114 0.270447
0.577026 0.242178
0 1.00324
0 1.01467
0.5 0.29504
0.783955 0.117314
0.788936 0.114566
0 1.01367
0.35385 0.418053
0.497273 0.301414
0 1.00378
0 1.00179
0.224809 0.536088
1 0.000943055
0 1.00547
0.727524 0.147512
0.727408 0.152394
0.160779 0.606004
1 0.00420782
0.212664 0.542388
0.15221 0.615565
0.517222 0.284359
0.691302 0.171397
0.146293 0.620149
0.355991 0.407466
0.232848 0.526114
1 0.00550914
0 1.00929
0 1.02366
0.5 0.294027
0.5 0.299955
0.916248 0.04359
0.243384 0.51256
1 0.00409391
0.456228 0.333707
0.398553 0.373867
0.721528 0.152785
0.0867104 0.708714
0.167274 0.595436
0.586156 0.239445
0.587998 0.236474
0 1.00651
1 0.00150632
0.179335 0.587303
0 1.00585
0 1.00157
0.539897 0.268462
0.538131 0.270626
0.5 0.294879
0.0296119 0.830153
0 1.00255
0.663396 0.193608
0.0275039 0.84064
0.488469 0.305525
0.704199 0.163884
0.524269 0.281458
0.876728 0.0662423
