236879 180.007
3.04198e-09 1.13613
3.04198e-09 1.13613
0.862498 0.18856
0.505012 0.376368
0.123546 0.755609
0.200155 0.648084
0.74777 0.250041
0.862498 0.18856
0.0240028 0.979524
0.0368064 0.914985
0.361211 0.481743
0.0368064 0.914985
0.123507 0.868075
0.442082 0.425075
0.732897 0.253297
0.123507 0.868075
0.123516 0.755931
0.361207 0.490226
0.303682 0.538285
0.505012 0.376368
0.200163 0.642281
0.2482 0.593443
0.862498 0.18856
0.58082 0.321586
0.0240028 0.979524
0.2482 0.593443
0.303673 0.592854
0.74777 0.250041
0.303673 0.592854
0.628816 0.319648
0.442082 0.425075
0.2482 0.593443
0.361211 0.481743
0.628849 0.281301
0.628816 0.319648
0.55938 0.328214
3.04198e-09 1.13613
0.2482 0.593443
0.123507 0.868075
0.0240028 0.979524
0.74777 0.250041
0.200155 0.648084
0.200163 0.642281
0.732897 0.253297
0.628816 0.319648
0.123516 0.755931
0.123546 0.755609
0.628816 0.319648
0.123516 0.755931
0.123546 0.755609
0.628816 0.319648
0.862498 0.18856
0.0368064 0.914985
0.361207 0.490226
0.55938 0.328214
0.628816 0.319648
0.628849 0.281301
0.123546 0.755609
0.123507 0.868075
0.628849 0.281301
0.442082 0.425075
3.04198e-09 1.13613
0.732897 0.253297
0.628816 0.319648
0.0368064 0.914985
0.55938 0.328214
0.0240028 0.979524
0.303673 0.592854
0.123507 0.868075
0.200155 0.648084
0.628816 0.319648
0.123546 0.755609
0.303673 0.592854
0.74777 0.250041
3.04198e-09 1.13613
0.442082 0.425075
0.123516 0.755931
0.123546 0.755609
0.628816 0.319648
0.200163 0.642281
0.0368064 0.914985
0.123507 0.868075
0.55938 0.328214
0.200155 0.648084
0.628849 0.281301
0.862498 0.18856
0.123507 0.868075
0.732897 0.253297
0.123516 0.755931
0.58082 0.321586
0.0240028 0.979524
0.628816 0.319648
0.0368064 0.914985
0.55938 0.328214
0.123507 0.868075
0.123507 0.868075
0.200155 0.648084
3.04198e-09 1.13613
0.123546 0.755609
0.303673 0.592854
