279763 520.057
0.788173 0.119444
0.754675 0.140724
0.855615 0.0864395
0.922896 0.0481092
0.967661 0.024724
0.684848 0.181543
0.896877 0.0628718
0.621005 0.219473
0.498973 0.302822
0.865086 0.0785881
0.665855 0.190522
0.0674999 0.751897
0.599735 0.237057
0.583787 0.243651
0.0105178 0.910267
0.0765566 0.736327
0.300674 0.458577
0.954619 0.0316227
0.721903 0.159788
0.511816 0.291439
0.537536 0.272217
0.57002 0.252395
0.093468 0.704292
0.190345 0.57021
0.147027 0.627691
0.64721 0.20195
0.201247 0.562487
0.884556 0.0707411
0.552917 0.263288
0.939549 0.0418165
0.311544 0.449801
0.000911702 0.980477
0.253804 0.504091
0.0853571 0.716854
0.00324745 0.956858
0.480209 0.315669
0.0583113 0.768159
0.10752 0.680832
0.0409199 0.807043
0.243196 0.515793
0.435869 0.348756
0.00678407 0.938065
0.283056 0.473766
0.157932 0.614178
0.382293 0.389198
0.321944 0.441244
0.528866 0.280523
0.134978 0.64158
0.21414 0.547041
0.362273 0.40979
0.0262628 0.847737
0.0500216 0.787241
0.443472 0.340577
0.330029 0.434593
0.126167 0.656471
0.523243 0.286493
0.290961 0.470928
0.270923 0.486613
0.217132 0.543265
0.23214 0.530016
0.0327211 0.828625
0.999936 0.00386462
1.75838e-07 1.01895
0.903573 0.0576157
0.353633 0.418378
0.820012 0.101893
0.952413 0.0322709
0.806744 0.108821
0.973803 0.0205999
0.921853 0.0490417
0.874105 0.0724582
0.235072 0.527474
0.789121 0.120965
0.695449 0.174585
0.831079 0.0958659
0.796595 0.116613
0.949803 0.0328264
0.769293 0.131545
0.602753 0.23106
0.794774 0.115792
0.959944 0.0266441
0.855929 0.0828451
0.565982 0.257105
0.730584 0.154351
0.868164 0.0765415
0.658942 0.199536
0.801049 0.11331
0.782959 0.121952
0.700139 0.17301
0.755214 0.139287
0.802 0.112877
0.590742 0.241144
0.756645 0.137789
0.815057 0.103768
0.902904 0.0577286
0.656229 0.198639
0.827139 0.097634
0.701008 0.170962
0.854747 0.0832303
0.915172 0.0518009
