237303 320.025
8.66703e-05 0.990795
0.999896 5.22809e-05
0.40774 0.463728
0.566648 0.415722
0.394579 0.453704
0.622748 0.368003
0.648519 0.294644
0.00396138 1.22011
0.592464 0.454315
0.237359 0.752603
0.0755403 0.971424
0.519204 0.503252
0.837309 0.115887
0.437256 0.54179
0.682734 0.588772
0.566648 0.415722
0.682734 0.588772
0.0462941 1.10848
0.971146 0.350169
0.847566 0.235182
0.0496151 1.12277
0.515437 0.415855
0.445372 0.549856
0.0308746 0.951703
0.560636 0.597476
0.650555 0.444724
0.00773265 1.183
0.00247157 1.18182
0.948562 0.128547
0.566499 0.392005
0.0202235 1.06184
0.117756 0.978951
0.914372 0.0749897
0.124947 0.913292
0.824997 0.355943
0.116929 0.76992
0.0769048 0.827886
0.659012 0.645916
0.847566 0.235182
0.650555 0.444724
0.592464 0.454315
0.999575 0.170324
0.431761 0.41885
0.0165556 1.07575
0.340279 0.593612
0.371497 0.536585
0.837309 0.115887
0.812491 0.279836
0.0462941 1.10848
0.560636 0.597476
0.352184 0.819175
0.927807 0.193648
0.581789 0.350098
0.51797 0.53433
0.539129 0.787486
0.774886 0.240427
0.545976 0.568327
0.0180134 1.04875
0.352184 0.819175
0.900381 0.160613
0.740199 0.269211
0.0185474 1.03579
0.693236 0.326698
0.237359 0.752603
0.587327 0.343758
0.648519 0.294644
0.927807 0.193648
0.936126 0.268073
0.0496151 1.12277
0.0165556 1.07575
0.757049 0.390352
0.288429 0.674303
0.007566 1.27717
0.854644 0.187866
0.824997 0.355943
0.515437 0.415855
0.581789 0.350098
0.936126 0.268073
0.010125 1.13685
0.0755403 1.02988
0.813461 0.276621
0.010125 1.13685
0.659012 0.645916
0.0185474 1.03579
0.922546 0.107588
0.288429 0.674303
0.509778 0.608218
0.345694 0.667961
0.587327 0.343758
0.371497 0.536585
0.495044 0.426392
0.813461 0.276621
0.552781 0.391855
0.900381 0.160613
0.509778 0.608218
0.109625 1.02554
0.189376 0.660137
0.40774 0.463728
0.0755776 0.914027
0.0180134 1.04875
