217039 490.057
0.999996 0.000159932
0.999996 0.000159932
5.9848e-17 1.0002
5.9848e-17 1.0002
0.420747 0.352439
0.763234 0.159242
0.383361 0.384218
0.689519 0.174774
0.46518 0.321014
0.892453 0.0604547
0.353026 0.409887
0.793934 0.111284
0.21994 0.531605
0.534602 0.269442
0.323746 0.435994
0.259007 0.492365
0.0570031 0.762252
0.00224385 0.955169
0.61086 0.219218
0.641872 0.199531
0.195253 0.558867
0.0416899 0.797467
0.573214 0.243503
0.0716094 0.732892
0.0218049 0.853025
0.159861 0.60106
0.489974 0.301113
0.141183 0.624985
0.776513 0.122584
0.247905 0.503028
0.177308 0.579684
0.510825 0.286085
0.0307229 0.826053
0.0121674 0.890766
0.00754528 0.913629
0.892453 0.0604547
0.669938 0.186534
0.793934 0.111284
0.960294 0.0243516
0.914243 0.0451983
0.936213 0.0371019
0.982623 0.016166
0.125573 0.646818
0.298181 0.455463
0.58477 0.235914
0.105291 0.676262
0.298181 0.455463
0.08605 0.707861
0.0919131 0.698202
0.114964 0.662096
0.999752 0.000428061
0.999802 0.000686886
5.9848e-17 1.00126
0.105291 0.67652
0.999752 0.000968012
0.08605 0.707991
0.0919131 0.698327
0.999802 0.000732011
5.9848e-17 1.00167
0.105291 0.67663
0.08605 0.708078
0.0919131 0.698704
0.999802 0.000792519
5.9848e-17 1.00209
0.105291 0.676741
0.08605 0.708192
0.0919131 0.698734
0.999802 0.000825647
5.9848e-17 1.00271
0.105291 0.676793
0.999802 0.000862613
0.105291 0.676882
0.999802 0.000867713
0.105291 0.676895
0.999802 0.000933592
0.105291 0.676898
0.999802 0.000959305
0.105291 0.676941
0.999802 0.000976338
0.105291 0.676967
0.999802 0.00100981
0.105291 0.677025
0.999802 0.00101642
0.105291 0.677044
0.999802 0.00103691
0.105291 0.677057
0.999802 0.00105708
0.105291 0.677064
0.999802 0.00106903
0.105291 0.677119
0.999802 0.00114559
0.105291 0.677141
0.999802 0.00115038
0.105291 0.677361
0.999802 0.00118159
0.105291 0.677403
0.999802 0.00123317
0.105291 0.67742
0.999802 0.00138821
0.105291 0.677469
