66939 240.049
4.16334e-17 1
4.16334e-17 1
1 1.11022e-16
0.424992 0.348086
0.886931 0.0583331
0.748962 0.134574
0.913063 0.044457
0.00396293 0.937049
0.373839 0.388577
0.353658 0.405527
0.000745522 0.972696
0.0804799 0.716314
0.525489 0.280753
0.500821 0.292368
0.657414 0.189329
0.342078 0.415126
0.0927901 0.695407
0.790315 0.11101
0.289866 0.461608
0.491476 0.299149
0.807895 0.101304
0.30743 0.445544
0.0307457 0.824658
0.77309 0.120745
0.192629 0.561437
0.237218 0.51295
0.447541 0.331017
0.225826 0.524792
0.59435 0.231332
0.644345 0.197289
0.16889 0.595685
0.690907 0.168797
0.394936 0.371561
0.131759 0.637014
0.87149 0.0665873
0.386177 0.378568
0.632993 0.204391
0.246942 0.50307
0.161288 0.601219
0.275692 0.474939
0.949532 0.0255633
0.324313 0.430515
0.532274 0.27043
0.926777 0.0373075
0.620985 0.211976
0.93615 0.0324526
0.123281 0.648886
0.149797 0.612964
0.981056 0.00951761
0.543782 0.263506
0.300447 0.451869
0.473065 0.312203
0.205173 0.547039
0.326297 0.428776
0.0986822 0.685884
0.11819 0.657746
0.965112 0.0176018
0.179636 0.576518
0.067777 0.73966
0.718715 0.15223
0.255498 0.494532
0.700675 0.16305
0.734237 0.143123
0.675891 0.177875
0.408018 0.361242
0.177754 0.5784
0.559287 0.252145
0.576405 0.240787
0.460342 0.321515
0.834042 0.0868619
0.0366764 0.808696
0.710863 0.158143
0.990065 0.00829816
0.000150916 0.987718
0.0432667 0.792044
0.820228 0.0945673
0.576871 0.24048
0.139482 0.626527
0.776838 0.118616
0.199731 0.553087
0.00659814 0.918985
0.0729938 0.729829
0.611582 0.217976
0.553763 0.258243
0.215675 0.535592
0.110238 0.668058
0.729744 0.14575
0.676164 0.177708
0.961647 0.0222753
0.0195683 0.860114
0.0249655 0.84204
0.407988 0.361272
0.84517 0.0806688
0.0100406 0.903308
0.0249655 0.84204
0.0160427 0.873341
0.849719 0.0792153
0.447851 0.330784
0.105497 0.675198
0.0605007 0.754041
