84839 50.0019
4.35586e-09 1.34572
0.889492 0.215886
0.794335 0.315762
0.678008 0.339971
0.491858 0.406853
0.292828 0.633425
0.613781 0.403709
0.19875 0.728674
0.126016 0.776663
0.427453 0.50851
0.342646 0.571158
0.0051158 1.13971
0.19875 0.728674
0.29284 0.615527
0.088237 0.893991
0.19875 0.728674
0.126016 0.818745
0.491855 0.500123
0.0434362 0.94307
0.0434362 0.94307
0.407414 0.561932
0.491855 0.500123
0.613781 0.403709
0.0434237 1.0794
0.613782 0.340907
4.35586e-09 1.34572
0.407414 0.561932
0.0934852 0.828851
0.0882234 0.931018
0.342646 0.571158
0.0882234 0.931018
0.613782 0.340907
0.0934852 0.828851
0.407414 0.561932
0.491855 0.500123
0.126016 0.776663
0.613782 0.340907
0.0882303 0.928373
0.0434362 0.94307
0.0051158 1.13971
0.29284 0.615527
0.292828 0.633425
0.0051158 1.13971
0.613781 0.403709
0.0882234 0.931018
4.35586e-09 1.34572
0.0434429 0.937607
0.126016 0.776663
0.491858 0.406853
0.0434429 0.937607
0.407414 0.561932
0.491858 0.406853
0.491858 0.406853
0.427453 0.50851
0.126016 0.776663
0.0434429 0.937607
0.0051158 1.13971
0.342646 0.571158
0.491858 0.406853
0.491858 0.406853
0.342646 0.571158
0.0051158 1.13971
0.126016 0.776663
0.0434362 0.94307
0.19875 0.728674
0.342646 0.571158
0.0882234 0.931018
0.0434362 0.94307
0.491858 0.406853
0.19875 0.728674
0.427453 0.50851
0.342646 0.571158
0.0051158 1.13971
0.19875 0.728674
0.29284 0.615527
0.19875 0.728674
0.126016 0.818745
0.491855 0.500123
0.0934852 0.828851
0.0934852 0.828851
0.491855 0.500123
0.613782 0.340907
0.0434362 0.94307
0.292828 0.633425
0.0051158 1.13971
0.491858 0.406853
0.427453 0.50851
0.126016 0.776663
0.0434429 0.937607
0.342646 0.571158
0.491858 0.406853
0.342646 0.571158
0.0051158 1.13971
0.126016 0.776663
0.0434362 0.94307
0.342646 0.571158
5.47411e-06 1.19383
0.0051158 1.13971
0.00511655 1.09264
0.0934852 0.828851
