15 0.0325223
0.764806 1.87995
0 3.63357
0.729443 1.8368
0.5 2.28091
0.5 2.65483
0.0363709 3.20361
0.537515 2.47363
0.670918 1.83408
0.407842 2.42173
0 4.33848
0.217696 3.12171
0.590366 1.89053
1 1.60641
0.764881 2.09901
0.372177 2.89854
0.240307 2.86212
0 4.3137
0.673545 2.69704
0.691096 2.29749
0.084739 3.41509
0.516491 2.10708
0.235382 3.2813
0.738186 2.17797
0.900939 1.88686
0.682261 1.87716
1 1.67579
0.941164 1.74689
0 4.23033
0.0826846 3.4919
1 1.64042
0.557584 2.57324
0.869939 1.97458
0.566682 2.30843
0.581267 2.58597
0.569203 2.42266
0.5 2.77835
0.167542 3.28275
0.710629 2.16881
0 4.0591
0.00865395 3.50997
0.158078 3.53371
0.243234 3.08662
0.119913 3.36116
0.5 2.36076
0.539743 2.51538
0.5 1.88465
0.5 2.77877
0.193935 2.89004
0.551716 2.13191
0.333287 2.25599
0.5 2.72563
0 4.21008
0 3.87859
0.302292 2.91642
0.5 2.57125
0.723352 2.05501
0.5 2.40864
0.120037 3.30747
0.317299 2.6166
0.24978 2.99529
0.606583 2.16997
0.652028 2.1341
0.147453 3.39518
0.5 2.21919
0.461157 2.38745
0.536179 2.22687
0.250947 2.93045
0.5 2.74433
0.342973 2.87443
0.610776 2.55407
0.0311183 3.54686
0 4.6065
0.5 2.61534
0.455913 2.31235
0.510545 2.63426
0.632031 2.61482
0.656089 2.15775
0.0957097 3.24263
0.702959 2.16654
0 3.74166
0 4.10255
0.523623 2.54129
0.150427 3.22308
0.5 2.30475
0.367406 2.52661
0.473451 2.32694
0.034345 3.6099
0.272562 2.47072
0.5 2.3457
0 3.98503
0.36926 2.37724
0.874493 2.01007
0.229293 2.90249
0.190736 2.76139
0.652812 2.46017
0 3.91888
0 4.1838
0.87228 1.84903
0.642493 2.2942
0.244933 3.1968
