100013 370.08
0.999981 0.000505463
0.999981 0.000505463
3.42218e-09 1.00122
3.42218e-09 1.00122
0.501714 0.29539
0.501714 0.29539
0.614423 0.217034
0.80654 0.108016
0.364659 0.396982
0.678683 0.177022
0.323851 0.431635
0.614423 0.217034
0.0835274 0.712551
0.118247 0.677565
0.414709 0.359372
0.943378 0.0371859
0.0224349 0.851453
0.763637 0.128681
0.198636 0.555318
0.977053 0.0142557
0.129592 0.650054
0.034724 0.814658
0.395531 0.385093
0.157115 0.627626
0.240468 0.510652
0.225278 0.539725
0.26183 0.489401
0.889441 0.0598054
0.283478 0.46852
0.446164 0.333475
0.0457917 0.787119
0.303969 0.449761
0.17512 0.582674
0.913995 0.0484201
0.001205 0.966531
0.00477838 0.93242
0.0599604 0.758731
0.0708439 0.740112
0.446164 0.333475
0.720121 0.152986
0.857609 0.0756603
0.720121 0.152986
0.857609 0.0756603
0.785492 0.124056
0.0129074 0.887459
0.167749 0.601007
0.00981443 0.901995
0.646582 0.196499
0.646582 0.196499
0.99856 0.00148589
0.999424 0.00100658
0.999537 0.000866182
0.999994 0.000807354
0.00981443 0.90243
0.0129074 0.887739
0.99856 0.00165693
0.999424 0.00107535
0.999537 0.000953928
0.999537 0.00100694
0.00981443 0.902438
0.0129074 0.887753
0.99856 0.00166419
0.999424 0.00113253
0.999537 0.00105413
0.00981443 0.90244
0.0129074 0.887766
0.99856 0.00190839
0.999424 0.00113403
0.999537 0.001079
0.00981443 0.90264
0.0129074 0.88777
0.999424 0.00116834
0.999537 0.00109995
0.00981443 0.902867
0.0129074 0.887813
0.999424 0.00121665
0.999537 0.00114625
0.0129074 0.887864
0.999424 0.00125312
0.999537 0.00115827
0.0129074 0.888001
0.999424 0.00125635
0.999537 0.00117641
0.0129074 0.888081
0.999424 0.00126185
0.999537 0.00119219
0.0129074 0.888088
0.999424 0.00136689
0.999424 0.00137901
0.0129074 0.888122
0.999424 0.00142336
0.0129074 0.888131
0.999424 0.00142677
0.0129074 0.888207
0.999537 0.0014322
0.0129074 0.888629
0.999424 0.00144128
0.999424 0.00166983
0.0129074 0.888653
0.0129074 0.88866
