95023 320.058
0.0844768 0.721103
0.12017 0.664657
0.255308 0.503264
0.153084 0.62753
0.161597 0.608338
0.10551 0.684496
0.314796 0.448013
0.543785 0.271366
0.273917 0.48289
0.00336791 0.953555
0.0601839 0.769644
0.423026 0.357535
0.0104171 0.91547
0.235611 0.521403
0.0471921 0.795475
0.322545 0.438892
0.384915 0.387889
0.197224 0.565991
0.0739202 0.741093
0.219765 0.539016
0.526641 0.283671
0.182808 0.584046
0.206337 0.555498
0.617646 0.221841
0.477766 0.317431
0.0398784 0.80904
0.284196 0.478555
0.0248543 0.853294
0.501969 0.296988
0.466288 0.323156
0.570538 0.25109
0.341693 0.429202
0.176372 0.593953
0.0180551 0.874283
0.438149 0.344895
0.0676964 0.756571
0.0152725 0.887826
0.511912 0.292089
0.112294 0.67565
0.871778 0.0730467
0.030522 0.836948
0.602207 0.231833
0.0340228 0.827227
0.00193519 0.982387
0.229402 0.530615
0.984535 0.012225
0.365103 0.402759
0.561021 0.25874
0.351284 0.423749
0.724348 0.155085
0.405054 0.373701
0.413309 0.369958
0.359052 0.415277
0.743948 0.143699
0.762148 0.134997
0.459095 0.332049
0.660096 0.1941
0.677916 0.183901
0.639879 0.207343
0.666535 0.190321
0.98008 0.0163857
0.999971 0.0040558
2.39883e-07 1.02049
0.199139 0.565224
0.130381 0.65088
0.424967 0.357226
0.247768 0.512181
0.0396549 0.814296
0.32926 0.438708
0.0964213 0.700997
0.198295 0.565571
0.196927 0.568746
0.128852 0.652999
0.0987726 0.69678
0.105536 0.687858
0.153338 0.61895
0.0540582 0.782447
0.0124213 0.901651
0.31469 0.450101
0.0585901 0.771289
0.179786 0.587029
0.0532505 0.781961
0.370566 0.402303
0.0700479 0.750119
0.139359 0.638676
0.0374968 0.819943
0.109061 0.682042
0.243538 0.518236
0.184093 0.582737
0.0731578 0.74177
0.161793 0.609294
0.204666 0.558584
0.0602558 0.767169
0.126183 0.657666
0.000665063 0.990422
0.152835 0.62127
0.126318 0.658557
0.112566 0.67664
0.0745707 0.740956
0.345848 0.421867
