170812 570.095
0.768158 0.130112
0.102353 0.688716
0.0799036 0.728714
0.560834 0.256541
0.0121002 0.910933
0.598779 0.230882
0.53818 0.273408
0.190317 0.570554
0.0381736 0.814889
0.629264 0.214494
0.513639 0.291484
0.0656996 0.754632
0.207744 0.553944
0.458719 0.329574
0.495042 0.305628
0.238837 0.521054
0.475905 0.318223
0.174604 0.592922
0.122729 0.670939
0.330603 0.43337
0.907122 0.0546522
0.152128 0.617784
0.134317 0.643702
0.3585 0.410035
0.855834 0.0807855
0.867719 0.0751609
0.806243 0.107467
0.813487 0.103261
0.0160841 0.885298
0.391392 0.380773
0.257199 0.500787
0.975522 0.0175758
0.711739 0.163695
0.897738 0.0611277
0.163629 0.6065
0.721742 0.156738
0.681614 0.182137
0.307372 0.455846
0.6153 0.222988
0.69128 0.176874
0.14098 0.634257
0.287357 0.478842
0.022302 0.869891
0.320555 0.440746
0.246606 0.512968
0.672598 0.201538
0.381316 0.391326
0.275718 0.483796
0.268899 0.490185
0.966989 0.0327366
0.936989 0.0483272
0.439764 0.34435
0.948298 0.0411898
0.405096 0.371887
0.312349 0.4494
0.0555294 0.792356
0.427342 0.355599
0.434109 0.347313
0.984795 0.0132098
0.0280201 0.842708
0.371094 0.399295
0.99985 0.0037786
5.67242e-08 1.01855
0.900563 0.0661717
0.878238 0.0822942
0.74791 0.156744
0.190173 0.591337
0.771517 0.143915
0.215772 0.550768
0.662859 0.207447
0.563454 0.267136
0.34282 0.435475
0.69046 0.18555
0.508457 0.304672
0.157496 0.623206
0.576638 0.258223
0.577401 0.263319
0.174845 0.604136
0.665783 0.2024
0.763844 0.140076
0.829566 0.107131
0.341872 0.437609
0.983719 0.0203954
0.268878 0.505717
0.813979 0.114117
0.208284 0.569572
0.839992 0.0963343
0.244538 0.526032
0.628282 0.227717
0.588835 0.251724
0.995871 0.0166898
0.830613 0.104954
0.765056 0.142983
0.804943 0.115644
0.128367 0.666796
0.763121 0.146639
0.575342 0.261889
0.864377 0.0899173
0.779818 0.13271
0.660261 0.20378
