17867 60.0081
0.292315 0.46929
0.184477 0.582575
0.209948 0.559491
0.261088 0.498986
0.0462298 0.799779
0.0303443 0.83861
0.433157 0.3519
0.718471 0.158962
0.342724 0.425843
0.160574 0.611877
0.404669 0.373659
0.00175243 0.972415
0.0060109 0.940427
0.0118375 0.904942
0.0971551 0.701896
0.376107 0.395884
0.247755 0.512878
0.530424 0.276404
0.229408 0.534913
0.498198 0.302578
0.142315 0.633934
0.366962 0.403075
0.235564 0.524259
0.0547743 0.779213
0.0787025 0.734365
0.397299 0.380351
0.151894 0.620869
0.112396 0.677272
0.104507 0.689726
0.518769 0.29044
0.120664 0.665757
0.568985 0.255444
0.612446 0.225075
0.643969 0.205204
0.665554 0.192556
0.090635 0.723083
0.476148 0.322464
0.581247 0.248764
0.846838 0.0882335
0.349883 0.418784
0.0228325 0.864885
0.0751394 0.74481
0.597589 0.237728
0.0642473 0.76274
0.12832 0.654634
0.747203 0.14441
0.674944 0.186472
0.74174 0.148592
0.0170346 0.895996
0.13351 0.649193
0.97274 0.0225106
0.760903 0.138781
0.655663 0.200937
0.548353 0.272263
0.024937 0.857746
0.0609058 0.768109
0.591808 0.242565
0.558547 0.265643
0.448868 0.339622
0.464894 0.331188
0.912904 0.0527331
0.99965 0.00399765
2.43805e-07 1.01671
0.101429 0.690762
0.0913283 0.713193
0.516132 0.292082
0.2253 0.538914
0.371348 0.401313
0.174631 0.593245
0.343006 0.42619
0.253844 0.507627
0.239739 0.521408
0.109579 0.681418
0.234807 0.528652
0.19502 0.57268
0.0970503 0.700008
0.289545 0.472777
0.192739 0.573306
0.161513 0.609557
0.0861189 0.721009
0.342432 0.423893
0.543733 0.272227
0.317423 0.448841
0.31835 0.447595
0.371108 0.401088
0.175258 0.593558
0.260753 0.501729
0.192082 0.573426
0.331198 0.434911
0.195488 0.570352
0.32989 0.435733
0.195732 0.56955
0.331333 0.435049
0.230597 0.532099
0.404842 0.37341
0.224287 0.538129
0.144381 0.632882
0.28309 0.479133
0.444915 0.341922
0.336472 0.431788
