62591 100.018
0.999949 0.00128227
0.999949 0.00128227
6.245e-17 1.00274
6.245e-17 1.00274
0.510753 0.302018
0.888517 0.0635959
0.510753 0.302018
0.888517 0.0635959
0.469326 0.319674
0.0336566 0.819451
0.00133319 0.967187
0.00561947 0.929814
0.924125 0.0467667
0.31905 0.437874
0.266276 0.487242
0.0766747 0.72583
0.0647009 0.748661
0.245491 0.506765
0.0236196 0.851671
0.296948 0.459001
0.0112441 0.898954
0.433912 0.351159
0.453921 0.341626
0.0529858 0.773792
0.0440285 0.79319
0.420672 0.375305
0.377324 0.388576
0.964137 0.0255905
0.9423 0.0357961
0.988036 0.0193296
0.0167879 0.873232
0.283719 0.47111
0.217901 0.536883
0.108387 0.674107
0.178019 0.585042
0.35969 0.402651
0.230687 0.522334
0.395429 0.375599
0.090281 0.702251
0.162453 0.600075
0.89127 0.0600952
0.1201 0.656485
0.33608 0.423773
0.129694 0.643553
0.0988897 0.693514
0.346047 0.41506
0.203124 0.55316
0.189133 0.568582
0.198394 0.561579
0.149564 0.615726
0.15366 0.614277
0.139674 0.629073
0.139674 0.629073
0.999949 0.00205796
2.21613e-07 1.00283
0.149564 0.616619
0.129694 0.644211
0.139674 0.63019
0.999949 0.00208389
2.21613e-07 1.00581
0.149564 0.616623
0.129694 0.64521
0.139674 0.630908
0.999949 0.0021534
2.21613e-07 1.00659
0.149564 0.616652
0.139674 0.631722
0.999949 0.00219641
2.21613e-07 1.00667
0.149564 0.616956
0.999949 0.00234054
2.21613e-07 1.00696
0.149564 0.617295
0.999949 0.00237117
0.149564 0.618205
0.999949 0.00263031
0.149564 0.618242
0.999949 0.00272107
0.149564 0.618892
0.999949 0.00296696
0.149564 0.619059
0.999949 0.00314543
0.149564 0.619185
0.999949 0.00336246
0.149564 0.619509
0.999949 0.00360478
0.149564 0.620198
0.999949 0.00365847
0.149564 0.620253
0.999949 0.00367159
0.149564 0.620373
0.999949 0.00400003
0.149564 0.62074
0.999949 0.00416739
0.149564 0.620752
0.999949 0.00480845
0.149564 0.622077
0.999949 0.00484695
0.999949 0.00513572
0.999949 0.00537143
