187871 600.001
0.425934 0.358438
0.0159795 0.873743
0.5 0.294679
0.23787 0.514707
0.857568 0.0816693
0.0507976 0.783356
0.5 0.297229
0.755853 0.13422
0 1.00257
0.337424 0.423858
0.239813 0.514128
0.0871224 0.71057
0.319317 0.441737
0.698712 0.167558
0.13715 0.630275
0 1.00038
0.475292 0.315222
0 1.00473
0.5 0.295017
0.543084 0.26665
0 1.00443
0.722512 0.152657
0.0418006 0.801173
0 1.00669
1 0.00440654
0.666343 0.185897
0.0841792 0.714058
0.264949 0.488658
1 0.00383155
0.5 0.294613
1 0.00295514
0.0491467 0.789256
0.723609 0.15388
0.684945 0.180177
0.911041 0.0508941
1 0.00255244
0 1.00818
0.451155 0.334215
0.5 0.297768
0.707739 0.162052
0.5 0.306728
0.111447 0.677209
0.29102 0.464182
0.898279 0.0536918
0.121834 0.655479
0.168568 0.602077
0.5 0.294829
0.92022 0.0424248
0.233422 0.516933
0 1.00634
0.434668 0.345016
0.369966 0.401042
1 0.00303853
0.808309 0.106012
0 1.01161
0.500329 0.298117
0.64288 0.212772
0 1.00371
0.263544 0.488629
0.340899 0.419755
0.333379 0.423252
0.737025 0.149681
0.542865 0.267215
0.438876 0.338369
0.653774 0.19226
0.129703 0.647291
0.121306 0.661002
0.743714 0.139839
0.80132 0.113487
0.413381 0.358035
0.265171 0.48751
1 0.00277627
1 0.00449942
0.199482 0.559925
0.350415 0.420359
0 1.0054
0.0390836 0.814036
0.297923 0.46491
0.430369 0.357166
0.792566 0.121634
0.418788 0.355611
1 0.00972678
0.104999 0.681182
0.5 0.297465
1 0.00484084
1 0.0146024
0.779911 0.12144
0.41121 0.372348
0.0290664 0.837076
0.275148 0.478716
0.0432071 0.80996
0 1.00385
0.351191 0.409389
0.25418 0.501195
0.430562 0.348667
0 1.00994
0.923352 0.0471811
0.242464 0.514007
1 0.00263692
0.165961 0.601503
