601717 550.028
0.879315 0.110181
5.31183e-08 1.4919
0.879315 0.110181
0.870686 0.110845
0.710728 0.206406
0.360493 0.436406
0.463253 0.355431
0.463253 0.355431
0.241115 0.548581
0.567613 0.279804
0.512857 0.315936
5.57649e-08 1.26584
5.57649e-08 1.26584
0.567613 0.279804
0.0310626 0.870343
0.184485 0.633345
0.567613 0.279804
0.0136711 0.95233
0.13691 0.671702
0.0136711 0.95233
0.241107 0.596187
0.184494 0.615521
0.241107 0.596187
2.20891e-06 1.04753
2.20891e-06 1.04753
0.0136711 0.95233
0.463253 0.355431
0.669962 0.216939
0.360492 0.438901
0.710728 0.206406
0.710728 0.206406
0.0737343 0.773728
5.57649e-08 1.26584
0.0737297 0.869689
0.0737308 0.840985
0.640772 0.232737
0.567613 0.279804
0.241115 0.548581
0.241107 0.596187
0.669962 0.216939
0.496452 0.326676
0.0737308 0.840985
0.0737343 0.773728
0.0310626 0.870343
0.136889 0.719093
0.136896 0.69189
0.496452 0.326676
0.496452 0.326676
0.184494 0.615521
0.870686 0.110845
0.669962 0.216939
0.0737403 0.768912
0.360493 0.436406
0.13691 0.671702
0.136903 0.673741
5.57649e-08 1.26584
0.136903 0.673741
5.31183e-08 1.4919
0.512857 0.315936
0.463253 0.355431
0.463253 0.355431
5.31183e-08 1.4919
0.241107 0.596187
0.640772 0.232737
0.870686 0.110845
0.241115 0.548581
0.870686 0.110845
0.136889 0.719093
2.20891e-06 1.04753
0.463253 0.355431
0.0136711 0.95233
0.669962 0.216939
5.31183e-08 1.4919
5.31183e-08 1.4919
0.360493 0.436406
0.0136711 0.95233
0.640772 0.232737
0.567613 0.279804
2.20891e-06 1.04753
2.20891e-06 1.04753
0.669962 0.216939
0.0737343 0.773728
0.136889 0.719093
0.496452 0.326676
0.870686 0.110845
0.184494 0.615521
5.31183e-08 1.4919
0.13691 0.671702
0.0310626 0.870343
0.512857 0.315936
0.879315 0.110181
0.640772 0.232737
0.870686 0.110845
0.241115 0.548581
0.870686 0.110845
0.136889 0.719093
0.669962 0.216939
0.360488 0.4608
0.512857 0.315936
0.567613 0.279804
