4381 10.0034
0.999989 0.000576443
0.999989 0.000576443
1.6746e-05 0.998268
1.6746e-05 0.998268
0.893447 0.0677447
0.810948 0.102512
0.600838 0.226536
0.94675 0.0276576
0.421832 0.357537
0.465858 0.32097
0.484098 0.307829
0.366159 0.396169
0.526131 0.276257
0.00295685 0.947301
0.173635 0.585105
0.400084 0.368467
0.910015 0.0503026
0.195596 0.559264
0.216735 0.536401
0.652981 0.193575
0.152529 0.610641
0.343411 0.415534
0.242339 0.514599
0.616054 0.217465
0.318677 0.436605
0.0232822 0.849238
0.67079 0.181766
0.706025 0.164579
0.722519 0.151609
0.755225 0.132474
0.259367 0.492319
0.279517 0.473044
0.134934 0.634815
0.298942 0.454163
0.0139727 0.883409
0.00839395 0.909814
0.988086 0.00709295
0.0538814 0.769433
0.773147 0.122246
0.0330645 0.819718
0.0423333 0.795992
0.543297 0.266575
0.120204 0.655139
0.107919 0.672811
0.0863567 0.708131
0.073274 0.73041
0.0654421 0.746481
0.802633 0.107313
0.543297 0.266575
0.0955613 0.692332
0.99608 0.00286113
0.99608 0.00300124
0.073274 0.730916
0.298942 0.45522
0.0955613 0.692602
0.99608 0.00300496
0.073274 0.731106
0.298942 0.455847
0.0955613 0.693227
0.99608 0.00306174
0.073274 0.731231
0.0955613 0.693358
0.99608 0.00307833
0.073274 0.731364
0.99608 0.00310255
0.073274 0.731395
0.99608 0.00313364
0.073274 0.731474
0.99608 0.00315182
0.073274 0.731511
0.99608 0.00315224
0.073274 0.731523
0.99608 0.00316977
0.073274 0.731528
0.99608 0.00320866
0.073274 0.731531
0.99608 0.00328713
0.073274 0.731831
0.99608 0.00331405
0.073274 0.731868
0.99608 0.00333088
0.073274 0.731981
0.99608 0.00341562
0.073274 0.732062
0.99608 0.00342916
0.073274 0.732154
0.99608 0.00343225
0.073274 0.732175
0.99608 0.00344571
0.073274 0.732334
0.99608 0.00344791
0.073274 0.732578
0.99608 0.00344808
0.99608 0.00347978
0.99608 0.00349047
0.99608 0.00353727
0.99608 0.00354762
0.99608 0.00366665
0.99608 0.00367734
0.99608 0.00373779
