56065 110.015
0.0682062 0.749335
0.321506 0.446509
0.115793 0.674407
0.356392 0.413124
0.0223795 0.864627
0.166092 0.606056
0.0121807 0.906378
0.18281 0.584563
0.0501272 0.788966
0.148895 0.625155
0.196141 0.564967
0.00651475 0.934705
0.376454 0.395289
0.549483 0.266773
0.288004 0.473143
0.434297 0.349429
0.0418915 0.804664
0.001776 0.972186
0.491068 0.308139
0.417898 0.36196
0.575307 0.248569
0.135813 0.640123
0.50135 0.302083
0.405103 0.371729
0.61212 0.22434
0.207729 0.55406
0.219612 0.543013
0.26433 0.493997
0.230293 0.531584
0.53514 0.275429
0.606498 0.231273
0.281496 0.47932
0.258304 0.50008
0.0347488 0.827951
0.450543 0.3372
0.239377 0.521838
0.125606 0.661223
0.388199 0.387174
0.247983 0.515177
0.0322614 0.840402
0.467553 0.326487
0.631185 0.212881
0.999861 0.0039606
0.396858 0.382142
0.131881 0.651212
0.64379 0.205584
0.474865 0.324349
0.981652 0.0152545
0.828372 0.0959676
0.45764 0.334172
0.898896 0.0585183
0.740395 0.14613
0.779917 0.123878
0.792889 0.11609
0.671016 0.187513
0.573434 0.253687
0.74829 0.141439
0.805635 0.108948
0.523661 0.285176
0.636063 0.210088
0.699118 0.169967
0.999861 0.0039606
1.17211e-07 1.01201
0.3813 0.397833
0.245385 0.519791
0.504959 0.302307
0.252503 0.507539
0.164004 0.604442
0.139157 0.637987
0.341299 0.425619
0.181655 0.589235
0.171021 0.596891
0.0342778 0.827467
0.100021 0.694437
0.152953 0.620415
0.367736 0.407236
0.10074 0.694292
0.432579 0.355656
0.16202 0.608327
0.62173 0.223366
0.0850695 0.72123
0.263048 0.498075
0.0523691 0.784569
0.14918 0.62433
0.451086 0.336564
0.314884 0.452504
0.166165 0.603984
0.314887 0.452483
0.0828422 0.724407
0.0338358 0.827943
0.388324 0.38962
0.13217 0.647148
0.158288 0.613463
0.185265 0.580263
0.0535047 0.783567
0.0397212 0.814502
0.0642702 0.757473
0.0621305 0.762767
0.354131 0.418801
0.119586 0.665726
