382917 350.017
9.53141e-05 0.990237
0.999993 1.21786e-05
0.608473 0.413815
0.277015 0.736758
0.299803 0.741666
0.984716 0.145033
0.999433 0.188468
0.176927 0.821745
0.262623 0.709878
0.569276 0.311889
0.671866 0.355886
0.0357403 1.06576
0.703726 0.244863
0.120842 1.23394
0.703359 0.299392
0.325218 0.625477
0.325218 0.625477
0.377017 0.594247
0.754667 0.341235
0.0357403 1.06576
0.66561 0.249374
0.8884 0.26709
0.117478 0.964603
0.45772 0.372535
0.999433 0.188468
0.988014 0.204544
0.856291 0.2849
0.712318 0.250289
0.288522 0.682682
0.468595 0.502198
0.000416558 1.71504
0.000333558 1.86153
0.407547 0.577246
0.901756 0.11375
0.00945629 1.47184
0.738336 0.195762
0.891841 0.181429
0.00945629 1.47184
0.662747 0.349428
0.442696 0.513608
0.288104 1.01039
0.262623 0.709878
0.999994 0.0241929
0.662759 0.411146
0.621851 0.276859
0.976142 0.153037
0.269024 0.757447
0.904308 0.173344
0.37925 0.554993
0.39951 0.50173
0.288522 0.682682
0.984716 0.138176
0.0357403 1.06576
0.662759 0.411146
0.779289 0.235917
0.468595 0.502198
0.984716 0.138176
0.0323507 1.29252
0.255668 0.970343
0.399041 0.454865
0.000528711 1.63237
0.738336 0.195762
0.793077 0.301937
0.999196 0.180103
0.869941 0.284522
0.39951 0.50173
0.127929 0.729868
0.611839 0.298626
0.0323507 1.29252
0.117478 0.964603
0.999196 0.180103
0.611839 0.298626
0.277015 0.736758
0.989758 0.27628
0.463368 0.620845
0.234956 0.663346
0.754667 0.341235
0.608473 0.413815
0.176927 0.821745
0.671866 0.355886
0.000416558 1.71504
0.593918 0.288473
0.895813 0.199925
0.680746 0.420842
0.91875 0.303634
0.901756 0.11375
0.15085 0.625831
0.926498 0.262897
0.895813 0.199925
0.0357403 1.06576
0.856291 0.2849
0.703359 0.299392
0.37925 0.554993
0.811473 0.352357
0.712318 0.250289
0.869941 0.284522
0.127929 0.729868
0.377017 0.594247
0.680746 0.420842
0.833371 0.188116
