47 0.0784562
0.965758 0.733803
0 2.24851
0.936606 1.09433
0.698432 0.97541
0.98379 0.832939
0.0618047 2.36398
0.293234 1.61434
0.455975 1.29765
0.88494 1.03287
0.5 1.32323
0.850018 1.1163
0.504732 1.29003
0.597316 1.4029
0.5 1.45978
0.773527 0.983251
0.421186 1.52222
0.871104 0.871033
0.5 1.16313
1 1.13626
0.462641 1.40294
0.5 1.41433
0.79858 1.2087
0.136965 2.1381
0.786675 1.36304
0.807379 1.13422
0.854391 1.25506
0.5 1.17328
0.186329 1.92968
0.0118014 2.43808
0.482684 1.54941
0.528966 1.45363
0.480005 1.4815
0.695388 1.93071
0.811027 1.35716
0.396911 1.59819
0.328491 1.8655
1 0.984126
0.958098 0.998597
0.5 1.594
0.885036 0.972792
0.126662 1.90344
0.638698 1.24613
0.636427 1.43713
0.960325 0.9986
0.0159012 2.65549
0.0842645 2.12203
0.577285 1.2521
1 0.860573
0.0740628 1.87963
0.970814 1.13267
0.492395 1.4992
0.679742 1.29424
0.838878 1.02516
0.953945 0.947551
0.798795 1.03566
0 2.77732
0.260297 2.10936
1 0.82351
0.399242 1.73113
1 1.05511
0.5 1.21593
0.583967 1.57604
0.410275 1.67324
0.71104 1.08515
0.261528 1.85074
1 0.948899
0.547847 1.43941
0.602881 1.21046
0.327993 1.91774
0.423452 1.92043
0.353322 1.23365
0.165091 1.93508
0.0657559 2.23047
0.5 1.40218
0.560435 1.74204
0.649779 1.14967
1 0.902494
1 1.0275
0.881483 0.849609
0.15481 2.15495
0.609451 1.58382
0.285346 2.49137
0.658639 1.1358
0.600167 1.63068
0.953047 1.03729
0.5 1.15845
1 1.09217
0.623912 1.27468
0.548177 1.46355
0.320844 1.53593
0.5 1.50605
0.841272 1.00655
0 2.86276
0 2.68833
0.903295 1.2194
0.5 1.85958
0.100544 2.70582
0.350831 1.69266
0 2.54976
0.626434 1.16472
