132207 460.084
1 1.11022e-16
5.0307e-17 1
5.0307e-17 1
0.883147 0.0602412
0.822322 0.0931804
0.85897 0.073277
0.660212 0.187472
0.918687 0.0415185
0.11519 0.66076
0.0346214 0.813932
0.0243529 0.843948
0.678301 0.176417
0.161843 0.598247
0.201804 0.551915
0.102574 0.679728
0.796923 0.108244
0.518342 0.28004
0.189327 0.564883
0.173403 0.583588
0.95727 0.0215982
0.0083244 0.908809
0.0373422 0.806759
0.0141693 0.880965
0.383752 0.380523
0.742316 0.138423
0.575501 0.241384
0.81132 0.0992683
0.37199 0.390091
0.129675 0.639897
0.730555 0.145275
0.643947 0.197537
0.240449 0.509644
0.0655525 0.743968
0.0513453 0.773417
0.262384 0.487766
0.337332 0.419198
0.000701156 0.973521
0.0754912 0.725243
0.492228 0.298411
0.537769 0.267316
0.918913 0.0414007
0.942085 0.0293896
0.12335 0.648954
0.346085 0.41171
0.970627 0.0147965
0.0587455 0.757625
0.450199 0.329031
0.181093 0.57445
0.559691 0.251875
0.0466961 0.78391
0.281836 0.469127
0.457895 0.32332
0.50034 0.292653
0.63666 0.202091
0.267927 0.482499
0.0975104 0.688475
0.699218 0.163814
0.0798743 0.71738
0.511949 0.285449
0.76109 0.127596
0.712616 0.155841
0.479376 0.307631
0.756639 0.13015
0.584184 0.235684
0.00648557 0.928798
0.469036 0.315176
0.00123383 0.964874
0.0895924 0.700734
0.0193868 0.860764
0.397049 0.373392
0.210807 0.540863
0.783612 0.115797
0.438322 0.338526
0.718056 0.152618
0.150629 0.611891
0.303467 0.449122
0.295777 0.456146
0.249194 0.500812
0.361703 0.398583
0.776017 0.119083
0.596585 0.227611
0.139462 0.626555
0.868672 0.067982
0.215074 0.536241
0.140686 0.624918
0.0157913 0.874337
0.326322 0.428755
0.40822 0.361085
0.980794 0.0100611
0.153019 0.608823
0.4339 0.341289
0.68931 0.169759
0.40185 0.369668
0.314936 0.438809
0.609313 0.219415
0.424704 0.349274
0.94231 0.0292737
0.610725 0.218511
0.54671 0.260602
0.623253 0.210536
