3262 10.0014
0.130752 0.645774
0.153395 0.625265
0.169594 0.602644
0.0386249 0.811931
0.0810487 0.730083
0.272404 0.492204
0.183941 0.580388
0.0473119 0.79547
0.949382 0.0348581
0.0999069 0.700993
0.237136 0.522798
0.292903 0.473076
0.842233 0.0899414
0.74824 0.143004
0.218318 0.545468
0.377562 0.393315
0.024372 0.858293
0.305778 0.454052
0.0643163 0.759572
0.327748 0.437113
0.50595 0.297003
0.444306 0.339285
0.0693124 0.746841
0.00791686 0.926613
0.108928 0.683534
0.357964 0.409811
0.20175 0.558492
0.248437 0.509487
0.977766 0.0222701
0.872183 0.0740763
0.931661 0.0441111
0.0143847 0.896928
0.487993 0.309981
0.696146 0.173396
0.466647 0.327906
0.685403 0.178475
0.315379 0.446346
0.856117 0.084112
0.00672285 0.948411
0.51812 0.289889
0.54653 0.2701
0.622425 0.220083
0.667426 0.196487
0.346246 0.419293
0.613377 0.228784
0.0306737 0.848538
0.903222 0.0560758
0.91671 0.0509584
0.896084 0.0618008
0.782837 0.126166
0.116851 0.667884
0.595341 0.237579
0.722358 0.162949
0.998774 0.00532587
0.567541 0.253622
0.42191 0.36335
0.0183687 0.887546
0.455372 0.334365
0.197346 0.568102
0.394317 0.383942
0.803825 0.109685
0.998774 0.00532587
1.72089e-06 1.03367
0.175018 0.592141
0.186958 0.589922
0.108247 0.682774
0.170121 0.59845
0.129462 0.660887
0.0534808 0.780442
0.395661 0.380315
0.324549 0.438852
0.226539 0.537031
0.0973012 0.701793
0.161633 0.608405
0.0982875 0.700431
0.223287 0.536904
0.402706 0.376393
0.0895199 0.710746
0.052577 0.783359
0.195459 0.569177
0.0425299 0.804198
0.182216 0.585536
0.265954 0.498575
0.334982 0.430753
0.345358 0.426949
0.379864 0.400826
0.202061 0.567649
0.252948 0.507603
0.158453 0.615537
0.162435 0.611063
0.121345 0.664051
0.126083 0.656762
0.138991 0.640919
0.241217 0.528167
0.230546 0.537717
0.120614 0.662633
0.0229048 0.861864
0.281106 0.48576
0.114629 0.673596
0.233405 0.527687
