252725 200.008
1.15513e-08 1.75889
1.15513e-08 1.75889
0.411825 0.442198
2.37135e-07 1.3706
2.37135e-07 1.3706
0.589563 0.374155
0.0596337 0.964806
0.616305 0.309816
0.847028 0.159018
0.125495 0.741476
0.21714 0.678334
0.317119 0.515651
0.411821 0.47845
0.950909 0.152149
0.723643 0.243299
4.69185e-07 1.18906
0.411825 0.442198
2.85121e-06 1.13767
0.790273 0.208215
0.723643 0.243299
0.723643 0.243299
0.274243 0.591781
0.217148 0.642514
0.113293 0.910433
0.0596337 0.964806
0.317119 0.515651
0.616305 0.309816
0.589563 0.374155
0.779359 0.241411
0.113293 0.910433
0.113294 0.835389
0.847028 0.159018
0.27425 0.5862
0.27425 0.5862
0.589563 0.374155
0.113303 0.799457
0.113308 0.776735
0.790273 0.208215
0.317119 0.515651
0.957148 0.124724
0.411821 0.47845
0.589563 0.374155
0.217148 0.642514
0.125495 0.741476
0.21714 0.678334
0.125495 0.741476
0.21714 0.678334
0.27425 0.5862
0.317119 0.515651
0.21714 0.678334
0.125495 0.741476
0.21714 0.678334
0.847028 0.159018
0.274243 0.591781
0.847028 0.159018
4.69185e-07 1.18906
0.0596337 0.964806
4.69185e-07 1.18906
1.15513e-08 1.75889
2.37135e-07 1.3706
0.616305 0.309816
0.21714 0.678334
0.21714 0.678334
0.113294 0.835389
0.723643 0.243299
0.113294 0.835389
0.779361 0.20824
0.957152 0.103225
0.847028 0.159018
0.723643 0.243299
0.113293 0.910433
0.616305 0.309816
0.113303 0.799457
0.0596337 0.964806
0.274243 0.591781
0.589563 0.374155
0.21714 0.678334
0.411821 0.47845
0.589563 0.374155
0.217148 0.642514
0.27425 0.5862
0.113293 0.910433
0.125495 0.741476
0.589563 0.374155
0.274243 0.591781
0.0596337 0.964806
4.69185e-07 1.18906
0.217148 0.642514
2.37135e-07 1.3706
0.950909 0.152149
0.21714 0.678334
0.113294 0.835389
0.723643 0.243299
0.113294 0.835389
2.85121e-06 1.13767
0.411825 0.442198
0.847028 0.159018
0.723643 0.243299
0.616305 0.309816
0.0596337 0.964806
