20280 40.0034
1 1.9984e-14
0 1
0 1
0.40923 0.360289
0.543609 0.262762
0.954081 0.0232293
0.150685 0.61182
0.13187 0.636861
0.931983 0.035406
0.503276 0.290591
0.43774 0.338381
0.613054 0.217025
0.630245 0.206121
0.00824006 0.909225
0.567455 0.247377
0.740608 0.139471
0.314412 0.439281
0.191517 0.56254
0.790669 0.11082
0.476466 0.309735
0.598721 0.226229
0.290693 0.460841
0.345544 0.412485
0.679729 0.175544
0.718067 0.152628
0.380549 0.383128
0.0900316 0.700001
0.973896 0.0169324
0.66551 0.184212
0.585726 0.234674
0.0138977 0.882399
0.835764 0.0857988
0.464033 0.318801
0.523026 0.276797
0.244469 0.505562
0.118616 0.655601
0.00179497 0.957634
0.203801 0.548558
0.359316 0.400571
0.0217449 0.852627
0.100459 0.683047
0.215553 0.53574
0.273386 0.477137
0.156779 0.604049
0.329106 0.426334
0.108163 0.671515
0.824087 0.0922078
0.526239 0.274579
0.229046 0.521414
0.81146 0.0994193
0.27636 0.474301
0.391389 0.374998
0.867788 0.0685277
0.39902 0.36832
0.257422 0.492632
0.000148256 0.987825
0.713372 0.155387
0.781289 0.116094
0.000983013 0.968649
0.0615976 0.75185
0.983664 0.0108159
0.0290949 0.83285
0.904082 0.049218
0.179289 0.578876
0.048311 0.780203
0.0121593 0.889732
0.182757 0.574795
0.304007 0.448705
0.0845202 0.709278
0.853914 0.0759299
0.0535473 0.768597
0.695565 0.170209
0.849495 0.0785463
0.00456459 0.932444
0.00443308 0.933419
0.227849 0.522664
0.0709621 0.733626
0.0217852 0.852402
0.895762 0.0535536
0.875317 0.0644919
0.0448407 0.78954
0.490918 0.299345
0.367255 0.393985
0.993972 0.00606892
0.755355 0.13091
0.697944 0.16457
0.299452 0.452778
0.167001 0.591608
0.644078 0.197455
0.0351248 0.812584
0.168194 0.590044
0.209982 0.542559
0.770293 0.122373
0.918707 0.0415081
0.0709659 0.733612
0.0795797 0.717989
0.765701 0.124966
0.74937 0.13439
0.0298985 0.827182
0.44852 0.330599
