324677 470.038
6.18268e-05 0.992137
0.999995 9.48753e-05
0.595049 0.348109
0.995309 0.0950596
0.748618 0.224163
0.431594 0.551119
0.624289 0.44218
0.101327 1.20605
0.526316 0.394799
0.985675 0.0706122
0.0276353 1.28449
0.785314 0.180505
0.600237 0.40786
0.958611 0.111907
0.569504 0.351345
0.987026 0.1204
0.958611 0.111907
0.623616 0.33277
0.680286 0.436714
0.948297 0.0262489
0.117562 0.802729
0.476952 0.532761
0.431594 0.551119
0.53699 0.335754
0.782467 0.331902
0.695268 0.444358
0.980818 0.131868
0.328963 0.648541
0.367936 0.519924
0.308811 0.620446
0.0131915 1.05254
0.0623132 0.871936
0.707678 0.4829
0.352856 0.621801
0.75695 0.361475
0.624289 0.44218
0.980818 0.131868
0.623616 0.33277
0.56978 0.29932
0.857897 0.210528
0.648872 0.297136
0.948297 0.0262489
0.117562 0.822459
0.117562 0.802729
2.53504e-05 1.02333
0.328629 0.706373
0.987741 0.110679
0.0713818 0.862881
0.483906 0.551988
0.743007 0.329562
0.870832 0.296797
0.648872 0.297136
0.352856 0.621801
0.127791 0.882026
0.851302 0.224546
0.0340004 0.867581
0.782467 0.331902
0.877784 0.240626
0.215827 0.637533
0.117562 0.822459
0.0276353 1.28449
0.588162 0.29341
0.613236 0.522951
0.367936 0.519924
0.199096 0.794765
0.16553 0.781415
0.53699 0.335754
0.569504 0.351345
0.103457 1.02039
0.117562 0.802729
0.305545 0.699684
0.06909 0.882391
0.748618 0.224163
1 0.0388188
0.0131915 1.05254
0.101327 1.20605
0.497893 0.465898
0.127791 0.882026
0.211971 0.867154
0.0340004 0.867581
0.769667 0.306313
0.16553 0.781415
0.483906 0.551988
0.831042 0.303993
0.163897 0.798058
0.0797636 1.02462
0.497893 0.465898
0.32399 0.570095
0.06909 0.882391
0.0908725 0.927989
0.328629 0.706373
0.987741 0.110679
0.262403 0.519962
0.352856 0.621876
0.631814 0.32756
0.983432 0.0917453
0.985675 0.0706122
0.707678 0.4829
0.0846329 0.781965
0.743007 0.329562
