71550 260.05
0.770388 0.123251
0.770388 0.123251
0 1.00076
0 1.00076
0.0541854 0.827355
0.0726667 0.733899
0.124051 0.648739
0.150799 0.612633
0.00805527 0.91321
0.628737 0.207849
0.00544567 0.959701
0.101288 0.687326
0.00805527 0.91321
0.232603 0.518617
0.349996 0.409364
0.432723 0.343254
0.168231 0.590822
0.185314 0.571787
0.706975 0.160023
0.201989 0.551462
0.655135 0.191449
0.746456 0.137638
0.406709 0.363393
0.466148 0.318206
0.217897 0.534209
0.730037 0.147889
0.562555 0.250781
0.324168 0.431628
0.528463 0.273794
0.449514 0.330754
0.685708 0.172782
0.289431 0.462852
0.549853 0.259314
0.485615 0.304134
0.276235 0.475491
0.258524 0.492579
0.600401 0.226016
0.306451 0.448059
0.0923312 0.702879
0.499592 0.295014
0.51509 0.283453
0.670982 0.181977
0.0811064 0.719758
0.587019 0.234855
0.38411 0.381066
0.366541 0.395397
0.26055 0.490862
0.316896 0.4379
0.372448 0.391223
0.39607 0.371857
0.39607 0.371857
0.592339 0.231723
0.59608 0.228846
0.59608 0.228927
0.26055 0.491079
0.26055 0.491079
0.38411 0.381453
0.528463 0.27425
0.324168 0.43215
0.316896 0.43817
0.592339 0.231946
0.59608 0.229035
0.26055 0.491291
0.528463 0.274403
0.38411 0.381585
0.324168 0.432156
0.316896 0.438262
0.59608 0.229091
0.26055 0.491714
0.528463 0.274471
0.38411 0.381605
0.324168 0.43234
0.316896 0.438794
0.59608 0.229092
0.38411 0.381615
0.528463 0.274524
0.59608 0.229178
0.38411 0.381617
0.528463 0.274964
0.59608 0.229226
0.38411 0.381648
0.59608 0.229318
0.38411 0.381705
0.59608 0.229471
0.38411 0.381753
0.59608 0.22954
0.38411 0.381799
0.59608 0.229549
0.38411 0.381829
0.59608 0.229558
0.38411 0.38193
0.59608 0.229744
0.38411 0.381951
0.59608 0.229787
0.38411 0.381968
0.59608 0.229833
0.38411 0.382016
0.59608 0.229916
0.38411 0.382195
0.38411 0.382364
