553474 480.069
0.996057 0.00197348
0.996057 0.00197348
0 1
0 1
0.218622 0.53243
0.561839 0.250441
0.561839 0.250441
0.218622 0.53243
0.701736 0.162303
0.925509 0.0379661
0.160482 0.599398
0.0710285 0.733488
0.701736 0.162303
0.017574 0.867433
0.925509 0.0379661
0.0710285 0.733488
0.160482 0.599398
0.968055 0.0161021
0.017574 0.867433
0.0292404 0.829002
0.995141 0.00243256
0.648627 0.194626
0.638752 0.200781
0.603188 0.223348
0.0562267 0.762878
0.0562267 0.762878
0.946594 0.0270692
0.954036 0.0232523
0.638752 0.200781
0.569535 0.245324
0.67956 0.175646
0.596115 0.227915
0.177486 0.578709
0.603188 0.223348
0.0461556 0.785161
0.177486 0.578709
0.67956 0.175646
0.197597 0.555481
0.0461556 0.785161
0.197597 0.555481
0.569535 0.245324
0.664547 0.184802
0.0292404 0.829002
0.664547 0.184802
0.596115 0.227915
0.21348 0.537961
0.0391451 0.802149
0.187893 0.566534
0.187893 0.566534
0.21348 0.537961
0.0391451 0.802149
0.929614 0.0358351
0.0339379 0.815778
0.0339379 0.815778
0.929614 0.0358351
0.996057 0.00197348
0.996057 0.00197348
0.996057 0.00197348
0.996057 0.00197348
0.996057 0.00197348
0.996057 0.00197348
0.996057 0.00197348
0.996057 0.00197348
0.996057 0.00197348
0.925509 0.0379661
0.925509 0.0379661
0.925509 0.0379661
0.701736 0.162303
0.701736 0.162303
0.701736 0.162303
0.701736 0.162303
0.67956 0.175646
0.67956 0.175646
0.67956 0.175646
0.67956 0.175646
0.67956 0.175646
0.67956 0.175646
0.664547 0.184802
0.218622 0.53243
0.218622 0.53243
0.218622 0.53243
0.21348 0.537961
0.21348 0.537961
0.21348 0.537961
0.21348 0.537961
0.187893 0.566534
0.177486 0.578709
0.177486 0.578709
0.177486 0.578709
0.177486 0.578709
0.177486 0.578709
0.177486 0.578709
0.177486 0.578709
0.0461556 0.785161
0.0461556 0.785161
0.0292404 0.829002
0.017574 0.867433
0.017574 0.867433
0 1
0 1
