150111 330.052
0.683036 0.178895
0.773478 0.12876
0.631401 0.210999
0.546516 0.265901
0.598023 0.23664
0.883319 0.0654988
0.00370285 0.955296
0.805976 0.108253
0.92014 0.0450667
0.611933 0.224851
0.973715 0.01671
0.849071 0.0845728
0.902337 0.0557324
0.522911 0.282993
0.942856 0.0332334
0.512834 0.294091
0.821155 0.100891
0.401895 0.374468
0.378702 0.392031
0.491263 0.308097
0.838633 0.090031
0.350597 0.41699
0.95575 0.027167
0.437054 0.351824
0.0105317 0.915537
0.464663 0.325527
0.197022 0.566297
0.273382 0.486623
0.37174 0.399984
0.457564 0.330133
0.359813 0.410915
0.485742 0.313404
0.337754 0.429168
0.147281 0.624269
0.129977 0.65122
0.417581 0.364973
0.394304 0.385319
0.537157 0.278096
0.000255657 1.00529
0.328025 0.439897
0.0371362 0.821451
0.448997 0.340559
0.306145 0.459102
0.257186 0.503675
0.2828 0.478138
0.18752 0.57849
0.0129969 0.899077
0.994161 0.0101962
0.246329 0.512644
0.23827 0.520997
0.298545 0.463908
0.206026 0.555423
0.293812 0.467876
0.444826 0.344901
0.0413362 0.80967
0.332744 0.434251
0.413499 0.367998
0.261249 0.498413
0.266094 0.494989
0.172398 0.596187
0.141972 0.634189
0.999316 0.00381886
9.51628e-08 1.01803
0.4801 0.327233
0.991473 0.0235891
0.174551 0.602927
0.468929 0.334876
0.919969 0.0624185
0.581895 0.264595
0.954867 0.0470566
0.077443 0.749753
0.562813 0.273311
0.314564 0.464589
0.614233 0.241626
0.0160107 0.90847
0.204605 0.578563
0.0737075 0.761811
0.0340075 0.852234
0.523596 0.310964
0.313754 0.45607
0.949958 0.0435609
0.636735 0.224012
0.575183 0.262988
0.458604 0.350881
0.719427 0.169603
0.825855 0.113734
0.43213 0.365771
0.32764 0.45452
0.985362 0.0233569
0.401567 0.391976
0.957006 0.0393563
0.676496 0.20532
0.709347 0.179528
0.415549 0.381206
0.0949657 0.731612
0.271436 0.511703
0.675619 0.204722
0.684405 0.196397
0.438924 0.362373
0.820646 0.108601
