142513 580.119
0.999684 0.000599375
0.999684 0.000599375
0 1.00087
0 1.00087
0.0173415 0.869525
0.767594 0.124963
0.0754247 0.728872
0.198968 0.56312
0.716919 0.154647
0.65697 0.190313
0.00596316 0.924202
0.229352 0.529919
0.309839 0.444319
0.101104 0.684501
0.0596296 0.757356
0.535279 0.269682
0.0418227 0.797038
0.247025 0.507586
0.0305163 0.827418
0.696428 0.166783
0.172878 0.586939
0.340167 0.418214
0.422574 0.351332
0.135697 0.633234
0.11342 0.664714
0.629186 0.207958
0.153087 0.611544
0.00170438 0.961197
0.275121 0.478022
0.605578 0.222809
0.361226 0.401537
0.562164 0.251279
0.793521 0.110538
0.863892 0.0715556
0.889278 0.0579578
0.937702 0.0324764
0.477868 0.310114
0.91287 0.0454015
0.839861 0.084354
0.816617 0.0974629
0.397073 0.371112
0.581088 0.238745
0.962214 0.0201436
0.285988 0.467022
0.382146 0.382968
0.450273 0.33022
0.984074 0.00893045
0.502198 0.292267
0.459097 0.323628
0.502198 0.292267
0.99607 0.00283814
0.998309 0.00205943
0.999456 0.00128422
0.999684 0.00118744
8.80407e-14 1.00184
0.937702 0.0327347
0.99607 0.00287113
0.999456 0.00156832
0.999684 0.00120182
6.51701e-13 1.00221
0.937702 0.0329485
0.99607 0.00288274
0.999456 0.00161706
0.999684 0.00130792
6.51701e-13 1.00227
0.937702 0.0329812
0.99607 0.00298275
0.999456 0.00166494
0.999684 0.00131114
6.51701e-13 1.00277
0.937702 0.0330361
0.99607 0.0029934
0.999456 0.00167086
0.999684 0.00139731
6.51701e-13 1.00352
0.937702 0.0330479
0.99607 0.00307538
0.999456 0.00175192
0.999684 0.00150389
0.937702 0.0335744
0.99607 0.00319494
0.999456 0.00176647
0.999456 0.00177163
0.937702 0.0339217
0.99607 0.00322888
0.999456 0.00186997
0.99607 0.00324016
0.999456 0.0021625
0.99607 0.00325929
0.99607 0.00329976
0.99607 0.00337859
0.99607 0.00337948
0.99607 0.003397
0.99607 0.00342726
0.99607 0.00347307
0.99607 0.00348769
0.99607 0.00352423
0.99607 0.00361207
0.99607 0.00377951
0.99607 0.00383227
