110415 160.01
7.47966e-05 0.991712
0.999874 6.49133e-05
0.965743 0.32588
0.1395 1.38857
0.386534 1.14187
0.856507 0.171817
0.631597 0.453822
0.929773 0.0831812
0.173744 1.0014
0.998147 0.2174
0.089337 1.3653
0.298984 0.78164
0.780142 0.197715
0.779328 0.279922
0.0853053 1.59901
0.887132 0.103533
0.428796 0.64128
0.100535 1.55276
0.808634 0.221518
0.929773 0.0831812
0.743367 0.381442
0.891224 0.291543
0.262204 0.829103
0.0894277 1.27322
0.116286 0.995348
0.470992 0.478183
0.0554667 1.33765
0.918024 0.246114
0.22076 0.867384
0.888132 0.124986
0.669931 0.378768
0.549226 0.347556
0.998147 0.2174
0.853028 0.151182
0.720631 0.411881
0.994297 0.301842
0.212259 1.03953
0.22076 0.867384
0.361235 1.11017
0.918024 0.246114
0.80795 0.133553
0.999996 0.0201153
0.806138 0.26486
0.262204 0.829103
0.631597 0.453822
0.875469 0.167934
7.47966e-05 0.991712
0.743367 0.381442
0.251878 0.883658
0.250788 0.87163
0.579262 0.585808
0.943534 0.0542509
0.100535 1.55276
0.0168719 1.82237
0.00107949 1.98527
0.173744 1.0014
0.978584 0.0325977
0.890995 0.176331
0.251878 0.883658
0.233168 0.78634
0.782641 0.448682
0.905126 0.17318
0.96714 0.246555
0.806138 0.26486
0.472782 0.4319
0.536508 0.676959
0.549226 0.347556
0.212259 1.03953
0.978584 0.0325977
0.818515 0.150926
0.591056 0.395638
0.890995 0.176331
0.358224 0.943409
0.0327539 1.57764
0.356415 0.636338
0.905126 0.17318
0.992419 0.222603
0.9262 0.264761
0.51937 0.373663
0.250788 0.87163
0.428796 0.64128
0.98574 0.259867
0.782641 0.448682
0.51937 0.373663
0.130078 1.09623
0.994165 0.0568387
0.222403 0.98852
0.887132 0.103533
0.130078 1.09623
0.0790592 1.19374
0.119329 0.852579
0.797195 0.180021
0.948096 0.0961496
0.182017 1.00518
0.994165 0.0568387
1 0.0489198
0.853028 0.151182
0.0894277 1.27322
0.928177 0.28737
7.47966e-05 0.991712
