286934 230.01
2.80563e-10 1.33782
2.80563e-10 1.33782
0.806003 0.16134
0.269227 0.629134
0.717515 0.257911
0.590961 0.303126
0.717515 0.257911
0.405503 0.436166
0.1827 0.703419
0.104584 0.751909
0.4055 0.50704
0.0772489 0.851497
0.0256306 0.918124
0.309316 0.510893
0.296481 0.529035
0.182703 0.641313
0.528171 0.343095
0.309316 0.510893
0.296481 0.529035
0.590949 0.310087
0.48499 0.435732
0.485002 0.389338
0.269227 0.629134
0.759908 0.196922
0.0256274 1.06588
0.104584 0.751909
0.0772608 0.803864
8.08972e-08 1.11042
8.08972e-08 1.11042
0.759908 0.196922
0.4055 0.50704
0.528171 0.343095
0.104584 0.751909
0.182703 0.643361
8.08972e-08 1.11042
0.0256306 0.918124
0.717518 0.213496
0.717516 0.25074
0.296489 0.519625
0.528171 0.343095
0.484992 0.405576
0.48499 0.435732
0.309316 0.510893
0.0256282 1.04768
0.296489 0.519625
0.485002 0.389338
0.296481 0.529035
0.309316 0.510893
0.717515 0.257911
0.717515 0.257911
0.590961 0.303126
0.590949 0.310087
0.104584 0.751909
0.182703 0.641313
0.405503 0.436166
0.0772608 0.803864
0.405503 0.436166
2.80563e-10 1.33782
0.0256306 0.918124
2.80563e-10 1.33782
0.182703 0.643361
0.0256306 0.918124
0.104584 0.751909
0.1827 0.703419
0.806003 0.16134
0.309316 0.510893
2.80563e-10 1.33782
0.0772608 0.803864
0.405503 0.436166
2.80563e-10 1.33782
8.08972e-08 1.11042
0.104584 0.751909
0.528171 0.343095
0.0256274 1.06588
0.717515 0.257911
0.759908 0.196922
0.759908 0.196922
0.528171 0.343095
0.309316 0.510893
8.08972e-08 1.11042
0.528171 0.343095
0.717518 0.213496
0.717516 0.25074
0.48499 0.435732
0.0256282 1.04768
0.182703 0.641313
0.485002 0.389338
0.309316 0.510893
0.0256274 1.06588
0.590961 0.303126
0.590949 0.310087
0.182703 0.641313
0.405503 0.436166
0.0772608 0.803864
0.405503 0.436166
2.80563e-10 1.33782
0.182703 0.643361
0.4055 0.50704
0.104584 0.751909
0.104584 0.751909
