111342 290.052
0.992888 0.00818028
0.992888 0.00818028
1.63064e-16 1.00293
1.63064e-16 1.00293
0.902387 0.0993754
0.739479 0.144509
0.153488 0.611523
0.969324 0.0191903
0.0373831 0.811164
0.410695 0.362368
0.70187 0.164348
0.218333 0.538161
0.381953 0.386761
0.138101 0.633112
0.627537 0.21523
0.534348 0.271725
0.562188 0.252042
0.317118 0.440742
0.663416 0.189976
0.434725 0.342078
0.116114 0.664934
0.0479339 0.786534
0.00591481 0.930546
0.739479 0.144509
0.340122 0.423372
0.360529 0.403833
0.0127727 0.892253
0.00160239 0.964268
0.943337 0.0563218
0.235076 0.519037
0.272434 0.485512
0.586362 0.23752
0.02249 0.858599
0.188811 0.568801
0.255071 0.498663
0.943337 0.0563218
0.498775 0.298253
0.0909617 0.703042
0.470155 0.317027
0.188811 0.568801
0.680391 0.182519
0.607322 0.223741
0.103779 0.682443
0.509951 0.287834
0.459236 0.326084
0.0633403 0.753502
0.293196 0.462554
0.0660589 0.746917
0.020201 0.866367
0.293196 0.462554
0.0778305 0.724486
0.0778305 0.724486
0.293196 0.463323
0.0660589 0.748385
0.0660589 0.748385
0.188811 0.570222
0.0778305 0.724639
0.255071 0.500807
0.293196 0.465371
0.0660589 0.749006
0.188811 0.570405
0.0778305 0.726103
0.255071 0.500829
0.293196 0.465617
0.0660589 0.751131
0.188811 0.572131
0.0778305 0.72613
0.255071 0.501059
0.255071 0.501497
0.0778305 0.726575
0.255071 0.501745
0.0778305 0.726794
0.255071 0.501833
0.0778305 0.727128
0.255071 0.501867
0.0778305 0.727654
0.255071 0.501887
0.0778305 0.727796
0.255071 0.501912
0.0778305 0.728073
0.255071 0.502181
0.0778305 0.728255
0.255071 0.502234
0.0778305 0.728336
0.255071 0.50225
0.0778305 0.728404
0.255071 0.502822
0.0778305 0.728458
0.255071 0.502834
0.0778305 0.72854
0.255071 0.502877
0.0778305 0.728627
0.0778305 0.72864
0.0778305 0.728786
0.0778305 0.728865
0.0778305 0.728888
0.0778305 0.728912
0.0778305 0.728916
0.0778305 0.729204
0.0778305 0.729214
