18 0.0388087
0.761969 1.3044
0.467415 2.14852
0.443237 2.12556
0 3.0714
0.558712 1.79547
0.350142 1.94993
1 1.76815
0.5 2.22428
0.139614 2.66022
0.444504 2.26683
0.265773 2.4816
0.631551 2.1309
0.907132 1.67103
1 1.4097
0.5 2.15372
0.00951412 3.70546
0.93083 1.52651
0.600078 2.17063
0.191451 2.50248
0.665961 1.87362
0.420082 2.09311
0.359724 2.59507
0.616684 1.82927
0.204232 2.45062
0.0960608 3.01422
0 4.1705
0.225383 2.43257
0.159452 2.39368
0.772194 2.5073
0.267442 2.84424
0.0935902 3.25251
0.5 2.17778
0.00839103 3.09716
0.255937 2.60013
0.183066 2.76373
0.5 1.96543
0.0968188 3.02872
0.584051 1.65225
0.773807 1.84259
0.448279 2.13807
0.624229 1.83003
0.414026 2.12389
0.26048 2.75348
0.810611 1.44027
0.148641 2.87473
0.729473 1.95991
0 3.43145
0.566886 2.33803
0 3.61785
0.340399 2.50393
0.45887 2.25559
0.35362 2.12442
0.218405 2.50506
0.306547 2.3581
0.75684 1.64909
0.0727938 3.27772
0 3.7524
0.657939 1.7384
0.5 2.32819
0.508178 1.65025
0.1424 2.82185
0 3.85536
0.00762633 3.68909
0.408704 2.07916
0.683432 1.89916
1 1.70556
0.476121 2.23847
0 3.18932
0.557006 2.00492
0 3.67547
0.235217 2.91355
0.950634 2.01369
0.484486 2.33874
0.115267 2.92991
0.810319 1.72811
0.5 2.3518
0.362075 2.40806
0.395481 2.28438
0.566743 2.04821
0.565604 2.14029
0.219949 2.46561
0.376484 2.34567
0.5 2.56943
0 3.92456
0 4.09881
0.60975 2.44892
0.738271 2.38737
0.773716 1.90403
0.5 2.11631
0.505881 2.25457
1 1.90993
0.415786 2.76316
0.30106 2.43775
0.355189 2.56637
0.518268 1.8823
0.635226 1.98635
0.895975 1.75525
0.0175427 3.6921
0 3.68864
0.192071 2.66418
