448245 410.02
9.5274e-05 0.990239
0.999997 4.11466e-06
0.0532965 0.870078
0.0749157 0.897945
0.452053 0.615464
0.139779 0.792242
0.699565 0.293584
0.838286 0.274279
0.308385 0.760459
0.152211 0.908228
0.838286 0.274279
0.0532965 0.870078
0.965306 0.322022
0.00788939 1.04593
0.81935 0.277881
0.492115 0.402476
1.73793e-05 1.21586
0.999526 0.142188
0.214153 0.738018
0.984669 0.202304
0.048774 0.818426
0.745822 0.227577
0.999697 0.258097
0.734276 0.31335
0.859495 0.279666
0.760002 0.274296
0.0726656 0.879189
0.0552817 0.908694
0.0459962 0.960038
0.745822 0.227577
0.136249 0.905013
0.907065 0.190208
0.398662 0.782179
0.0726656 0.879189
0.859495 0.279666
0.467778 0.576919
0.706898 0.228647
0.103588 0.912772
0.895954 0.249328
0.155742 0.773392
0.147728 1.11663
0.0581406 0.95235
0.18752 0.883363
0.74275 0.356445
0.719911 0.463787
8.29946e-05 1.03126
0.829908 0.225426
0.85979 0.352293
0.0459962 0.960038
0.643456 0.298972
0.0574243 1.25912
0.0552817 0.908694
0.963562 0.145302
0.188496 0.754911
0.774873 0.401304
0.139779 0.792242
0.745477 0.244699
0.363699 0.548497
0.0101666 1.06093
0.693627 0.407738
0.0194256 0.889223
0.155742 0.773392
0.842635 0.214461
0.693627 0.407738
0.54462 0.609571
0.048774 0.818426
0.16247 0.707009
0.566368 0.35596
0.965306 0.322022
0.394513 0.500754
0.915058 0.170284
0.0101666 1.06093
0.0574243 1.25912
0.586663 0.598151
0.87464 0.231595
0.643456 0.298972
0.566368 0.35596
0.586663 0.598151
0.413875 0.495636
0.0194256 0.889223
0.68846 0.521012
0.394513 0.500754
0.103588 0.912772
0.18752 0.883363
0.452053 0.615464
0.907065 0.190208
1.73793e-05 1.21586
0.0749157 0.897945
0.16104 0.942853
0.699565 0.293584
0.21437 0.79683
0.719576 0.396977
0.0552817 0.908694
0.835287 0.183394
0.135586 0.880596
0.842635 0.214461
0.85979 0.352293
0.745477 0.244699
0.779257 0.318425
0.1298 1.08721
