285823 530.045
0.450329 0.332513
0.526326 0.278199
0.527617 0.273943
0.316841 0.444871
0.388506 0.378969
0.453082 0.331033
0.5 0.296522
0.5 0.297714
0.133561 0.640676
0.918443 0.0542087
0.426108 0.349273
0.653949 0.1951
0.787763 0.116731
0.0915579 0.704543
0.5987 0.231208
0.5 0.298733
0.5 0.29727
0 1.01729
0.13831 0.642181
0.629955 0.217528
0.573108 0.250098
0 1.02258
0.949363 0.0296419
0.145114 0.622574
0.40222 0.368972
0.535072 0.27736
0.362272 0.411917
0 1.02287
0.066076 0.747692
0.146972 0.622886
0 1.00803
0 1.00177
0.5 0.298415
0.294692 0.466353
0.528483 0.276671
0.717932 0.15759
0.455544 0.330494
0.382004 0.390752
0.5 0.294444
0.0775083 0.729402
0.864954 0.0727632
0.54614 0.267159
0.197396 0.56237
0 1.00518
0.579226 0.244846
0 1.01346
0.890096 0.06408
0.591648 0.232443
0.764362 0.130675
0 1.0068
0.566075 0.253297
0.581595 0.243554
0.203254 0.554372
0.489288 0.306698
0.744391 0.141825
0.83951 0.0865361
0.597117 0.235853
0.0752711 0.729944
0.364978 0.399009
0.872533 0.0703048
0.690698 0.17289
0.378194 0.389317
0.9617 0.0260085
0.352061 0.417818
0.771533 0.125275
0.5 0.311325
0.120861 0.659734
1 0.00300837
0.58679 0.248233
0.250659 0.508712
0.0872812 0.706975
1 0.00539232
0.244525 0.508127
0.240968 0.518429
0.171451 0.59542
0.101386 0.683451
0.0715791 0.742819
0.739099 0.147923
1 0.00617367
0 1.00076
0.830387 0.09062
0 1.00689
1 0.00360111
0.169723 0.593337
0.448679 0.338519
0.636318 0.208874
0.343861 0.421363
0.5 0.301353
1 0.0013219
0.857698 0.074575
0.449424 0.340203
0.734098 0.147191
0.190664 0.576121
0.5 0.311912
0.5 0.294235
0 1.01191
0 1.00275
0.511376 0.294504
0.632907 0.209972
0.524935 0.288249
