30258 60.0065
0.141855 0.633133
0.0921422 0.706884
0.20665 0.555622
0.0131059 0.897481
0.468785 0.322047
0.346955 0.41997
0.00281405 0.959151
0.16371 0.605043
0.281473 0.476532
0.313038 0.452343
0.0338079 0.827455
0.496015 0.303293
0.00798067 0.922127
0.251337 0.509309
0.0725583 0.74097
0.373982 0.396463
0.0587143 0.768338
0.508548 0.293885
0.303272 0.459875
0.550045 0.264256
0.360226 0.409168
0.269718 0.488647
0.537796 0.27373
0.227623 0.53407
0.220124 0.539368
0.158134 0.611444
0.526207 0.284035
0.421933 0.357488
0.258676 0.499882
0.661489 0.191093
0.614495 0.223823
0.0445507 0.800844
0.448976 0.338269
0.598882 0.232717
0.746993 0.142783
0.733574 0.149971
0.0374103 0.817751
0.582067 0.242643
0.985647 0.0127019
0.566764 0.253681
0.399061 0.376079
0.884114 0.0651451
0.0833066 0.724502
0.412002 0.366102
0.0534735 0.780417
0.0789732 0.730277
0.0493509 0.789818
0.39258 0.382059
0.676521 0.185555
0.387521 0.388648
0.704593 0.166913
0.591711 0.237584
0.636311 0.209465
0.443181 0.342209
0.689461 0.175232
1.63377e-07 1.02131
0.785382 0.119473
0.629514 0.21336
0.655845 0.197896
0.648817 0.201924
0.994115 0.00887184
0.999825 0.00438908
1.63377e-07 1.02131
0.37132 0.41858
0.237692 0.536159
0.994557 0.0185907
0.555732 0.272132
0.529535 0.291873
0.0192179 0.886187
0.778186 0.135052
0.486188 0.323091
0.459666 0.342929
0.911318 0.0618104
0.0770532 0.750615
0.739634 0.159232
0.109756 0.700403
0.315999 0.462087
0.155234 0.629689
0.133616 0.656553
0.637759 0.220739
0.230792 0.542855
0.000261475 1.01507
0.296287 0.479835
0.923806 0.0567885
0.375683 0.412708
0.674565 0.199968
0.452794 0.351087
0.432985 0.365635
0.346369 0.440443
0.690601 0.191415
0.0851193 0.740929
0.0487352 0.811703
0.548666 0.280595
0.930542 0.0523799
0.117776 0.682251
0.871845 0.0840785
0.980043 0.0272074
0.295867 0.475616
0.279361 0.49978
0.948968 0.0438553
