448409 410.021
3.06778e-05 0.99723
0.999998 2.37403e-06
0.115675 0.805502
0.144604 0.910584
0.597283 0.471257
0.866151 0.351432
0.771799 0.313935
0.380931 0.63788
0.688608 0.499431
0.160975 0.833563
0.446756 0.457452
0.103158 0.983017
0.732593 0.439354
0.167015 0.97866
0.330167 0.726903
0.0338598 1.16871
0.4307 0.514144
0.0791067 0.998534
0.0900161 0.973108
0.987924 0.071503
0.461539 0.591956
0.566863 0.411054
0.6657 0.519357
0.139516 0.85849
0.855301 0.266266
0.104761 0.924207
0.167015 0.97866
0.620831 0.406857
0.0482242 0.920398
0.942735 0.155765
0.0636223 0.83337
6.82476e-06 1.09403
1.07038e-05 1.08465
0.700135 0.273484
0.157588 0.849826
0.0482242 0.920398
0.38637 0.777309
0.4307 0.514144
0.490252 0.461348
0.0900161 0.973108
0.588079 0.411699
0.190822 0.93067
0.190822 0.93067
0.202903 1.13422
0.597283 0.471257
0.144921 0.867534
0.90522 0.2233
0.144601 0.92542
0.360073 0.859632
0.991045 0.168899
0.97633 0.164578
0.309233 0.671886
0.238387 0.722648
0.536126 0.484779
0.379769 0.575768
6.82476e-06 1.09403
0.0326923 1.07744
0.90522 0.2233
0.642158 0.301555
0.987924 0.071503
0.935149 0.0630543
0.92125 0.142351
0.725975 0.288937
0.38637 0.777309
0.935149 0.0630543
0.104761 0.924207
0.704529 0.469488
0.201964 0.814386
0.281563 0.815816
0.144601 0.92542
0.511724 0.429056
0.426423 0.666976
0.413668 0.809813
0.426423 0.666976
0.373171 0.764461
0.700135 0.273484
0.144604 0.910584
0.991045 0.168899
0.201964 0.814386
0.725975 0.288937
0.360073 0.859632
0.0636223 0.83337
0.439179 0.52867
0.461539 0.591956
0.0518312 1.05344
0.0791067 0.998534
0.00975593 1.22979
0.0518312 1.05344
0.80468 0.243502
1.65424e-05 1.02592
0.0738771 0.969036
0.00975593 1.22979
0.722087 0.365914
0.0159843 1.19015
0.157588 0.849826
1.65424e-05 1.02592
0.809792 0.247262
0.908586 0.154631
0.134779 1.05405
0.612798 0.477302
