33989 110.022
0.799269 0.1132
0.611544 0.230082
0.754656 0.139299
0.848292 0.0901938
0.508312 0.295061
0.627952 0.214415
0.292592 0.469979
0.726379 0.153272
0.228502 0.531241
0.400506 0.373982
0.0761521 0.736167
0.875961 0.0710508
0.00671104 0.931484
0.439603 0.346597
0.966229 0.0316307
0.538085 0.281986
0.699138 0.174257
0.477762 0.318191
0.105957 0.692265
0.372259 0.398816
0.211047 0.552657
0.668408 0.190352
0.417321 0.362719
0.685886 0.180136
0.914408 0.0518123
0.940135 0.038246
0.459592 0.33057
0.383558 0.389239
0.861975 0.0815981
0.993575 0.0101331
0.113441 0.674962
0.250294 0.509631
0.333987 0.432536
0.495366 0.305738
0.788413 0.123221
0.930665 0.0429666
0.016732 0.883369
0.345088 0.422927
0.136448 0.648149
0.779028 0.13097
0.011183 0.917984
0.550409 0.269724
0.243384 0.517684
0.3556 0.413109
0.90573 0.0594101
0.0671712 0.754959
0.0576005 0.774086
0.0451455 0.805643
0.999015 0.0045759
0.309333 0.454663
0.0369823 0.822038
0.0627786 0.762041
0.167992 0.605173
0.0259945 0.859391
0.893929 0.0671876
0.429357 0.355795
0.174444 0.596487
0.124779 0.659828
0.562838 0.262558
0.199738 0.568414
0.184712 0.582823
0.999015 0.0045759
1.27224e-07 1.05323
0.826857 0.100632
0.385262 0.391498
0.875581 0.0729918
0.845729 0.0912455
0.5498 0.269805
0.534872 0.284496
0.801962 0.115206
0.694858 0.178393
0.440834 0.347606
0.785172 0.124354
0.831489 0.101305
0.794846 0.121625
0.781075 0.12576
0.847204 0.091321
0.340537 0.432839
0.63962 0.20846
0.832629 0.0959911
0.708319 0.169801
0.717473 0.163768
0.88866 0.0683916
0.698688 0.172396
0.722119 0.160047
0.589402 0.243764
0.768694 0.133573
0.600113 0.236515
0.442518 0.345993
0.961757 0.0279025
0.6266 0.218951
0.41542 0.370744
0.785095 0.121062
0.818092 0.105446
0.663691 0.195661
0.875895 0.074326
0.844051 0.0913281
0.85423 0.0858595
0.837688 0.0955408
0.793688 0.1181
