134931 430.073
0.5 0.300463
0.5 0.296078
0.291949 0.462428
0.787082 0.114781
0 1.00397
0.292887 0.470056
0.723862 0.152287
0.663526 0.187692
0 1.01196
0.70386 0.163815
0.730888 0.147614
0.747698 0.140166
0.5 0.296775
0.560697 0.255398
0.410157 0.368183
0.5 0.296237
0.594393 0.235368
0 1.00702
0.512845 0.289074
0.940474 0.0319345
0.563711 0.257108
0 1.00153
0.718369 0.154994
0.641956 0.202818
0.719808 0.153241
0 1.01305
0.178464 0.579009
0.268548 0.491163
0.39052 0.384252
0.262373 0.492553
0.5 0.303013
1 0.0050059
0.5 0.295778
0.123152 0.651859
0 1.00737
0.349991 0.409984
0.877244 0.064608
0.00435214 0.938431
0.854247 0.0795732
0.5 0.293255
0.158721 0.60203
0.133809 0.636613
0.144308 0.632145
0.355935 0.404238
1 0.00369387
0 1.00148
0.251562 0.504021
0 1.01676
0.947161 0.0307389
0 1.00539
0.930002 0.0413617
0.796976 0.112045
0.528496 0.273669
0.252376 0.49928
0.346954 0.421455
0.5 0.296295
0.216728 0.538727
0.203984 0.555793
0.35279 0.40868
0.652165 0.201484
0.0342354 0.819242
0.406578 0.365963
0.396944 0.372085
0.0225556 0.860596
0.702412 0.164901
0.5 0.296007
0 1.0009
0.4499 0.332169
0.174157 0.583592
0 1.01293
0 1.00435
0.279466 0.476593
0 1.01467
0.286086 0.468198
1 0.00300941
1 0.00235239
0.32583 0.430158
0 1.00196
0.326227 0.439087
0.5 0.298636
0.718697 0.154107
0.605425 0.228533
0.516478 0.288525
0.427093 0.353204
0.5 0.296954
0.501636 0.292282
0.783034 0.123068
0.208893 0.551346
0.570812 0.248731
0.848702 0.0799129
0.709036 0.161966
0.5 0.294178
0.334871 0.424057
0.324595 0.442783
0.751086 0.141175
0 1.01251
0.366806 0.401715
0.229456 0.52893
0.550299 0.261719
0.327693 0.432077
