927926 560.019
0.975131 0.0556169
0.975131 0.0556169
0.000196226 1.16765
0.000196226 1.16765
0.321549 0.479149
0.476395 0.392849
0.895398 0.123661
0.76868 0.167911
0.245131 0.59109
0.155878 0.682117
0.0752353 0.874906
0.90966 0.103921
0.90966 0.103921
0.0273483 0.975836
0.506185 0.375112
0.561906 0.286765
0.561906 0.286765
0.245131 0.59109
0.245131 0.59109
0.476395 0.392849
0.561906 0.286765
0.76868 0.167911
0.698296 0.199217
0.000302174 1.07814
0.155878 0.682117
0.155873 0.818359
0.698296 0.199217
0.155873 0.818359
0.000302174 1.07814
0.561906 0.286765
0.02734 0.991346
0.476395 0.392849
0.321548 0.53118
0.506185 0.375112
0.476395 0.392849
0.155873 0.818359
0.90966 0.103921
0.321549 0.479149
0.698296 0.199217
0.895398 0.123661
0.698296 0.199217
0.321548 0.558685
0.000302174 1.07814
0.321548 0.53118
0.245131 0.59109
0.76868 0.167911
0.0752353 0.874906
0.895398 0.123661
0.245131 0.59109
0.76868 0.167911
0.698296 0.199217
0.76868 0.167911
0.506185 0.375112
0.698296 0.199217
0.76868 0.167911
0.895398 0.123661
0.0752353 0.874906
0.0752353 0.874906
0.561906 0.286765
0.975131 0.0556169
0.476395 0.392849
0.000302174 1.07814
0.000196226 1.16765
0.561906 0.286765
0.506185 0.375112
0.76868 0.167911
0.02734 0.991346
0.476395 0.392849
0.506185 0.375112
0.476395 0.392849
0.155873 0.818359
0.90966 0.103921
0.0752353 0.874906
0.895398 0.123661
0.698296 0.199217
0.321548 0.53118
0.245131 0.59109
0.76868 0.167911
0.000302174 1.07814
0.76868 0.167911
0.698296 0.199217
0.76868 0.167911
0.895398 0.123661
0.0752353 0.874906
0.0752353 0.874906
0.0273483 0.975836
0.975131 0.0556169
0.561906 0.286765
0.000302174 1.07814
0.155878 0.682117
0.627866 0.244063
0.155878 0.682117
0.000189281 1.35453
0.000196226 1.16765
0.245131 0.59109
0.76868 0.167911
0.0752353 0.874906
0.321549 0.479149
0.476395 0.392849
0.895398 0.123661
