6503 20.0038
0.0658998 0.75341
0.224117 0.536703
0.101708 0.693471
0.0464726 0.799799
0.742374 0.145611
0.0330067 0.832398
0.125306 0.658482
0.826167 0.101407
0.531566 0.280836
0.79757 0.115542
0.138128 0.640358
0.77597 0.125594
0.0170676 0.885519
0.172124 0.594736
0.916102 0.0489634
0.424673 0.355397
0.621454 0.218728
0.0225918 0.864569
0.510061 0.293941
0.29979 0.464421
0.691038 0.174869
0.288394 0.473708
0.970673 0.0216459
0.270723 0.489928
0.164944 0.60623
0.635496 0.209903
0.495618 0.303511
0.597943 0.234764
0.95698 0.0283771
0.376656 0.396453
0.999801 0.00543458
0.713489 0.162467
0.575806 0.24932
0.193222 0.583419
0.320696 0.446332
0.673589 0.186518
0.935963 0.0389397
0.451928 0.33747
0.327227 0.43651
0.348999 0.42067
0.26254 0.499438
0.556892 0.260616
0.483967 0.313623
0.415589 0.366076
0.00559601 0.942026
0.653745 0.19916
0.587666 0.240946
0.246647 0.516477
0.88487 0.0786965
0.400759 0.376185
0.00248306 0.970699
0.157839 0.629603
0.66211 0.193174
0.000424169 0.99385
0.338145 0.430273
0.473341 0.321727
0.250446 0.511197
0.204883 0.574501
0.393071 0.381122
0.852322 0.0973434
0.0959197 0.726283
0.999801 0.00543458
9.75627e-07 1.02722
0.367448 0.414809
0.821746 0.109076
0.390328 0.399601
0.157877 0.633999
0.224889 0.550001
0.211963 0.563227
0.573867 0.270356
0.383345 0.400615
0.059018 0.784347
0.494056 0.310354
0.918483 0.0584772
0.11003 0.697028
0.0712392 0.758697
0.217985 0.553934
0.479614 0.329015
0.0217094 0.890207
0.785691 0.135956
0.867677 0.0867899
0.0905149 0.726599
0.495948 0.317946
0.762364 0.142766
0.840743 0.099954
0.405372 0.38621
0.22719 0.542999
0.83491 0.106794
0.996201 0.015637
0.120087 0.680313
0.342678 0.438117
0.444203 0.355174
0.95889 0.0346749
0.581897 0.262204
0.0310136 0.854887
0.559091 0.270777
0.012978 0.907162
0.736537 0.159467
0.243034 0.53409
0.662137 0.206286
