579053 530.026
1.02162e-05 0.996925
0.999933 6.99696e-05
0.152542 1.11358
0.577389 0.581784
0.81665 0.164316
0.0405287 1.23791
0.669583 0.461614
0.995695 0.143943
0.900209 0.23987
0.243229 0.906631
0.933977 0.423969
0.634188 0.660722
0.669583 0.461614
0.150001 1.09024
0.150001 1.09024
0.345438 0.694243
0.097787 1.11115
0.796371 0.406433
0.218954 0.819645
0.81665 0.164316
0.243229 0.906631
0.687868 0.345961
0.186163 0.935385
0.218954 0.819645
0.612388 0.523298
0.277668 1.07585
0.262614 0.984245
0.377215 0.931658
0.104438 0.714516
0.413015 0.566791
0.231649 0.88994
0.104438 0.714516
0.58524 0.547647
0.21458 0.951751
0.984234 0.138107
0.204819 1.21367
0.80528 0.340534
0.282402 0.848956
0.413015 0.566791
0.883697 0.110023
0.0394915 1.34508
0.940336 0.214607
0.900209 0.23987
0.99639 0.179182
0.282402 0.848956
0.534801 0.457179
0.940108 0.243967
0.186163 0.935385
0.48696 0.658508
0.0819363 1.05804
0.0819363 1.05804
0.0195486 1.3214
0.903845 0.35096
0.152542 1.11358
0.801647 0.299267
0.948368 0.416045
0.834083 0.323521
0.637484 0.339116
0.612388 0.523298
0.447799 0.82157
0.932544 0.26345
0.73132 0.297774
0.999996 0.0445611
0.326455 0.654377
0.903845 0.35096
0.224448 0.966073
0.277668 1.07585
0.700817 0.388614
0.00652088 1.66854
0.695932 0.465164
0.566859 0.598149
0.855773 0.256002
0.921269 0.269493
0.80528 0.340534
0.717327 0.364117
0.515242 0.69319
0.731933 0.387506
0.995695 0.143943
0.50688 0.623585
0.849502 0.249547
0.855773 0.256002
0.189423 1.23052
0.224448 0.966073
0.633598 0.434961
0.99639 0.179182
0.48696 0.658508
0.687868 0.345961
0.880923 0.38015
1.27609e-06 1.05259
0.52396 0.669108
0.0195486 1.3214
0.849502 0.249547
0.834083 0.323521
0.633598 0.434961
0.933977 0.423969
0.0405287 1.23791
0.566859 0.598149
1.27609e-06 1.05259
0.21458 0.951751
0.345438 0.694243
