257677 130.003
1.39313e-10 1.43159
0.905571 0.104329
1.39313e-10 1.43159
1.39313e-10 1.43159
5.32948e-08 1.40229
0.808508 0.232413
0.808508 0.232413
0.668385 0.242752
0.905566 0.146217
0.4429 0.415216
0.34657 0.483464
0.0829605 0.792934
0.195812 0.754535
0.521493 0.341487
0.0829592 0.796404
0.808517 0.171906
0.0829505 0.961422
0.0829505 0.961422
0.228324 0.594396
0.287051 0.536183
0.668385 0.242752
0.291712 0.531647
0.612326 0.302729
0.905566 0.146217
0.521491 0.365379
0.47125 0.381001
0.215777 0.611505
0.612326 0.302729
2.3791e-06 1.0967
0.4429 0.415216
0.195821 0.682153
0.808517 0.171906
0.612326 0.302729
0.521493 0.341487
0.195821 0.682153
1.39313e-10 1.43159
0.47125 0.381001
0.612326 0.302729
0.228324 0.594396
0.215777 0.611505
1.39313e-10 1.43159
2.68523e-07 1.12587
0.195816 0.704814
0.612326 0.302729
0.521493 0.341487
0.195815 0.731135
0.195812 0.754535
0.195816 0.704814
2.3791e-06 1.0967
0.287051 0.536183
0.808508 0.232413
0.0829605 0.792934
0.215777 0.611505
1.39313e-10 1.43159
0.0829505 0.961422
0.228324 0.594396
0.668385 0.242752
5.32948e-08 1.40229
0.0829605 0.792934
0.905571 0.104329
0.4429 0.415216
0.521493 0.341487
0.195812 0.754535
0.195812 0.754535
0.47125 0.381001
0.808508 0.232413
0.668385 0.242752
5.32948e-08 1.40229
0.612326 0.302729
0.612326 0.302729
0.668385 0.242752
0.521493 0.341487
0.291712 0.531647
0.905566 0.146217
0.34657 0.483464
2.68523e-07 1.12587
0.195816 0.704814
0.612326 0.302729
0.521493 0.341487
0.195816 0.704814
0.287051 0.536183
0.47125 0.381001
0.215777 0.611505
0.0829505 0.961422
0.228324 0.594396
5.32948e-08 1.40229
0.287051 0.536183
0.195812 0.754535
0.34657 0.483464
0.612326 0.302729
0.195812 0.754535
0.668385 0.242752
0.47125 0.381001
0.4429 0.415216
5.32948e-08 1.40229
0.4429 0.415216
0.612326 0.302729
1.39313e-10 1.43159
0.521493 0.341487
0.291712 0.531647
