332340 280.012
2.19329e-08 1.25095
0.962387 0.0642799
2.19329e-08 1.25095
2.19329e-08 1.25095
0.684794 0.261472
0.684794 0.261472
0.962384 0.0844588
0.719719 0.209512
0.825934 0.193028
0.0521953 0.85054
5.24808e-06 1.11798
0.306684 0.597802
0.211736 0.610802
0.861537 0.143496
0.130275 0.731049
0.0521851 0.88744
0.30669 0.552875
0.0521953 0.85054
0.0521805 0.964334
0.130271 0.807738
0.211728 0.61369
0.00846614 1.0935
0.00848135 1.00721
0.408619 0.454756
0.349316 0.525681
0.130271 0.807738
0.465497 0.445985
0.408619 0.454756
0.130275 0.731049
0.130271 0.807738
0.684796 0.242171
0.211728 0.61369
0.465497 0.445985
0.349325 0.465894
0.349316 0.525681
0.130275 0.731049
0.82594 0.148165
0.82594 0.148165
0.825934 0.193028
0.861537 0.143496
0.719719 0.209512
5.24808e-06 1.11798
0.0521953 0.85054
0.306688 0.579287
0.962384 0.0844588
0.962387 0.0642799
9.81582e-06 1.10243
0.684794 0.261472
0.465497 0.445985
0.306688 0.579287
0.211736 0.610802
0.719719 0.209512
0.962387 0.0642799
0.408619 0.454756
0.349325 0.465894
0.465497 0.445985
0.0521805 0.964334
0.962387 0.0642799
0.211736 0.610802
0.130271 0.807738
0.465497 0.445985
0.00846614 1.0935
0.684796 0.242171
0.211728 0.61369
0.465497 0.445985
0.130271 0.807738
0.962387 0.0642799
0.962384 0.0844588
0.30669 0.552875
0.00848135 1.00721
0.349325 0.465894
2.19329e-08 1.25095
0.306688 0.579287
0.962384 0.0844588
0.962387 0.0642799
0.130275 0.731049
0.0521953 0.85054
0.825934 0.193028
0.684794 0.261472
2.19329e-08 1.25095
0.00848135 1.00721
0.0521805 0.964334
0.306684 0.597802
0.00846614 1.0935
0.684796 0.242171
0.211728 0.61369
0.861537 0.143496
0.130271 0.807738
0.684794 0.261472
5.24808e-06 1.11798
0.30669 0.552875
0.00848135 1.00721
0.825934 0.193028
2.19329e-08 1.25095
0.719719 0.209512
0.825934 0.193028
0.82594 0.148165
0.82594 0.148165
0.962384 0.0844588
0.130275 0.731049
