128355 430.086
0.126002 0.659363
0.0583206 0.771484
0.0854283 0.720861
0.173363 0.597299
0.0222642 0.866462
0.0967492 0.70121
0.036178 0.820285
0.00232303 0.965777
0.00884218 0.943005
0.115886 0.672932
0.0487384 0.794417
0.614502 0.222027
0.205838 0.561696
0.229105 0.530202
0.249787 0.512197
0.579649 0.246397
0.260877 0.498429
0.0273928 0.848283
0.322469 0.438705
0.222248 0.540595
0.299742 0.462059
0.973677 0.0219497
0.310517 0.450297
0.189988 0.575268
0.470179 0.321354
0.378667 0.391378
0.565477 0.256587
0.649053 0.204747
0.340447 0.423462
0.453402 0.335294
0.287092 0.475339
0.18255 0.583822
0.396012 0.377807
0.499191 0.300851
0.603005 0.228805
0.510617 0.292297
0.272953 0.485883
0.717188 0.159086
0.479814 0.316373
0.359543 0.407176
0.491763 0.308984
0.372276 0.398867
0.68844 0.175501
0.54063 0.2718
0.525201 0.283937
0.598906 0.234813
0.33557 0.429297
0.432287 0.350577
0.704679 0.16778
0.79051 0.117961
0.938868 0.0387338
0.809398 0.10843
0.446098 0.341647
0.800887 0.112299
0.893453 0.0622238
0.886821 0.0644061
0.406948 0.369324
0.730551 0.154986
0.879707 0.0690982
0.826243 0.0974758
0.850873 0.0847261
0.999671 0.00410974
1.26543e-08 1.014
0.278944 0.48556
0.475135 0.321611
0.243822 0.520644
0.174669 0.595467
0.0104942 0.911375
0.359755 0.412802
0.0360646 0.828445
0.276233 0.488876
0.196322 0.57098
0.174348 0.597013
0.266422 0.499677
0.00143418 0.980771
0.198688 0.567889
0.027117 0.853204
0.191102 0.579763
0.254987 0.51065
0.152276 0.624768
0.2512 0.512346
0.277547 0.488753
0.111747 0.682722
0.191944 0.577968
0.0385064 0.821827
0.291887 0.472101
0.148039 0.630898
0.100706 0.697269
0.119974 0.670011
0.0125064 0.905121
0.202305 0.565337
0.225998 0.536773
0.266582 0.496196
0.406682 0.374922
0.260961 0.50313
0.326887 0.440846
0.177058 0.593097
0.100419 0.699885
0.101716 0.69718
0.0542934 0.782399
