119977 430.075
0 1
0 1
1 0
0.275483 0.475135
0.0835642 0.710925
0.108277 0.670946
0.00127024 0.96436
0.188542 0.565825
0.232717 0.517592
0.252443 0.497826
0.210987 0.542973
0.37279 0.389438
0.306904 0.446011
0.979131 0.0106224
0.0582962 0.758554
0.708309 0.158389
0.780487 0.116548
0.323058 0.431618
0.692491 0.16784
0.509022 0.286544
0.288642 0.46275
0.0158404 0.874144
0.655031 0.190787
0.173463 0.583511
0.0973916 0.687924
0.67453 0.178828
0.447702 0.330926
0.891256 0.0559363
0.755836 0.130612
0.858323 0.0735428
0.00254852 0.949519
0.458414 0.322976
0.763347 0.126302
0.122193 0.650439
0.0641148 0.746793
0.160786 0.599018
0.6285 0.207349
0.130311 0.639014
0.51748 0.280639
0.0766409 0.727781
0.154338 0.618781
0.913089 0.0444438
0.297108 0.454937
0.559172 0.252254
0.492909 0.297925
0.738164 0.140835
0.545318 0.261544
0.34599 0.411793
0.902022 0.0502515
0.179314 0.576547
0.203465 0.548933
0.0324455 0.819905
0.825858 0.0937371
0.0708176 0.733884
0.997077 0.00167219
0.0485866 0.779576
0.435572 0.340023
0.609934 0.219019
0.00503396 0.92905
0.357638 0.401972
0.835016 0.088599
0.239438 0.510676
0.395465 0.37114
0.876005 0.0640484
0.680099 0.17532
0.470147 0.314328
0.0254468 0.840481
0.588113 0.233115
0.384864 0.379627
0.803069 0.103859
0.0990684 0.685641
0.0203059 0.857502
0.530305 0.27178
0.430002 0.344398
0.0109636 0.895293
0.871754 0.0663223
0.593263 0.229764
0.63971 0.200182
0.72269 0.149888
0.609339 0.219402
0.0408003 0.802847
0.574876 0.241797
0.139092 0.62705
0.156995 0.603774
0.964344 0.0179897
0.0462587 0.784922
0.249846 0.500389
0.419938 0.351985
0.533893 0.269321
0.331178 0.42452
0.648988 0.194402
0.47748 0.313151
0.141473 0.623871
0.48416 0.304184
0.553901 0.25576
0.961768 0.0193027
0.0385442 0.803675
0.846175 0.0801228
0.57544 0.241422
0.41561 0.355322
