106382 360.06
0.864709 0.0813054
0.805616 0.111115
0.903241 0.0561273
0.672306 0.190206
0.487561 0.306961
0.761727 0.134094
0.956218 0.0305526
0.703279 0.169652
0.786281 0.12161
0.96603 0.0236298
0.457236 0.334403
0.523646 0.283649
0.21965 0.541515
0.999992 0.00332614
0.565783 0.256117
0.547603 0.268627
0.433745 0.350323
0.122081 0.661429
0.477059 0.319824
0.89486 0.0648763
0.645473 0.20478
0.020037 0.876266
0.622736 0.22165
0.743648 0.144747
0.610818 0.22639
0.404245 0.376023
0.0583989 0.771816
0.653584 0.199834
0.332599 0.432284
0.596797 0.234463
0.415879 0.364939
0.282267 0.480064
0.370696 0.404262
0.0119567 0.908957
0.232979 0.528985
0.141037 0.636794
0.722339 0.15787
0.190279 0.576546
0.13522 0.644648
0.715152 0.161023
0.049471 0.791763
0.0797537 0.728502
0.0145884 0.898433
0.516091 0.292874
0.269423 0.491998
0.508617 0.300142
0.0912109 0.714412
0.15716 0.616743
0.584717 0.245732
0.343929 0.422963
0.0259984 0.854661
0.30798 0.456169
0.208332 0.556789
0.104812 0.693556
0.0454261 0.807356
0.321578 0.444162
0.427484 0.35935
0.384444 0.393402
0.375369 0.400727
0.149755 0.632597
0.112043 0.677883
0.999992 0.00332614
3.74637e-08 1.02092
0.90214 0.0611831
0.932909 0.0465904
0.771081 0.131424
0.646585 0.211917
0.783954 0.124436
0.914772 0.0553007
0.450976 0.33924
0.925177 0.0463406
0.790489 0.121259
0.558122 0.267005
0.565485 0.261447
0.545781 0.273281
0.618327 0.228833
0.85127 0.0867193
0.712963 0.167407
0.595143 0.243293
0.70156 0.175166
0.835513 0.0980045
0.853155 0.0884493
0.884396 0.0711985
0.970943 0.0258294
0.870671 0.0781981
0.840898 0.0951386
0.790548 0.123979
0.719792 0.164787
0.997127 0.0109766
0.827413 0.102595
0.925536 0.0497787
0.816308 0.109277
0.848761 0.0907674
0.833263 0.100673
0.863397 0.0807752
0.991296 0.0168874
0.898216 0.0645932
0.878163 0.0727529
0.939419 0.0389256
0.858054 0.0846398
