45876 160.028
1 3.33067e-16
0 1
0 1
0.90532 0.0485174
0.0336432 0.81659
0.449393 0.329979
0.479976 0.308309
0.687524 0.170837
0.423358 0.349341
0.255999 0.494037
0.230322 0.520082
0.45716 0.323985
0.664335 0.184933
0.124157 0.647642
0.0536623 0.768349
0.632519 0.204692
0.008732 0.906557
0.0458179 0.78595
0.967286 0.0164967
0.00078902 0.971911
0.203866 0.548485
0.153175 0.608625
0.167534 0.590693
0.217834 0.533273
0.491178 0.299159
0.942971 0.0289336
0.742166 0.138511
0.700819 0.162851
0.734154 0.14318
0.540757 0.264726
0.880057 0.061887
0.503188 0.290655
0.621146 0.211872
0.792737 0.109644
0.65027 0.193607
0.135059 0.632497
0.282186 0.46889
0.114636 0.66143
0.0146476 0.878973
0.863101 0.0709684
0.072066 0.731552
0.0802599 0.7167
0.716858 0.153326
0.00271112 0.947933
0.827453 0.0903561
0.346098 0.411699
0.922286 0.0399075
0.981694 0.00945192
0.513687 0.283283
0.0256383 0.839881
0.815513 0.0969439
0.0283787 0.831544
0.324251 0.43057
0.376627 0.386322
0.55889 0.25241
0.00624056 0.921087
0.0623017 0.7504
0.759805 0.128333
0.0982103 0.686616
0.609206 0.219485
0.106571 0.673548
8.35292e-06 0.99711
0.176576 0.579793
0.0952513 0.691651
0.853183 0.0763252
0.0203853 0.857226
0.312118 0.441328
0.995556 0.00270038
0.014985 0.877588
0.574376 0.242125
0.337003 0.419481
0.837146 0.0850434
0.0619235 0.751156
0.14803 0.615406
0.601407 0.224496
0.410319 0.359439
0.55889 0.25241
0.712717 0.155775
0.355114 0.404086
0.0468609 0.783526
0.587252 0.233677
0.198387 0.559107
0.875997 0.0640535
0.844801 0.08087
0.364873 0.396316
0.403026 0.365197
0.392239 0.373711
0.778509 0.117669
0.417706 0.353698
0.0742836 0.72745
0.289588 0.461873
0.224098 0.526611
0.655787 0.190203
0.191945 0.561918
0.802775 0.104024
0.0208747 0.855523
0.273449 0.482451
0.00214978 0.953634
0.263462 0.488396
0.0873805 0.7044
