441964 400.021
2.16991e-08 1.93353
4.85298e-08 1.34245
0.512905 0.414812
0.371702 0.45004
0.606189 0.31958
0.744401 0.319476
0.218496 0.640908
0.14379 0.749897
0.855691 0.162887
0.744408 0.193999
0.227163 0.586118
0.227163 0.586118
4.85298e-08 1.34245
3.56436e-06 1.11323
0.100356 0.843735
0.0285737 0.925755
0.528674 0.352443
0.606189 0.31958
0.100366 0.784003
0.371702 0.45004
0.338112 0.523891
0.14379 0.749897
0.744402 0.198277
0.028564 0.95235
0.0285619 1.06544
0.744402 0.310326
0.100356 0.843735
0.0285619 1.06544
0.744408 0.193999
0.606189 0.31958
0.521117 0.394841
0.528674 0.352443
0.227163 0.586118
0.218504 0.621382
0.227163 0.586118
0.338103 0.569226
0.371702 0.45004
0.744408 0.193999
0.100366 0.784003
0.100366 0.784003
0.100366 0.784003
0.14379 0.749897
0.744401 0.319476
0.744402 0.310326
0.744408 0.193999
0.218502 0.623499
0.218504 0.621382
0.744401 0.319476
0.100366 0.784003
0.744401 0.319476
0.218502 0.623499
0.744402 0.310326
0.606189 0.31958
0.0285737 0.925755
0.606189 0.31958
0.14379 0.749897
4.85298e-08 1.34245
0.14379 0.749897
0.227163 0.586118
0.744401 0.319476
0.528674 0.352443
0.338103 0.569226
0.512905 0.414812
0.744401 0.319476
0.227163 0.586118
0.14379 0.749897
0.338103 0.569226
0.744401 0.319476
4.85298e-08 1.34245
0.0285737 0.925755
0.528674 0.352443
0.100366 0.784003
0.14379 0.749897
0.028564 0.95235
0.100356 0.843735
0.528674 0.352443
0.218504 0.621382
0.227163 0.586118
0.338103 0.569226
0.371702 0.45004
0.744408 0.193999
0.100366 0.784003
0.14379 0.749897
0.338103 0.569226
0.744408 0.193999
0.218502 0.623499
0.218504 0.621382
0.100366 0.784003
0.744401 0.319476
0.218502 0.623499
0.606189 0.31958
0.218496 0.640908
0.227163 0.586118
0.14379 0.749897
0.227163 0.586118
0.744401 0.319476
0.338103 0.569226
0.227163 0.586118
0.87819 0.117168
2.16991e-08 1.93353
