388855 560.039
2.02299e-06 0.998578
0.999946 2.7332e-05
0.0335461 1.11728
0.574217 0.562736
0.0566909 1.08359
0.349098 0.616726
0.993903 0.257955
0.536432 0.479737
0.899976 0.343082
0.0477499 1.51705
0.981353 0.29719
0.222493 0.734709
0.421785 0.527107
0.197229 0.634299
0.52136 0.532198
0.349098 0.616726
0.410383 0.570084
0.0477499 1.51705
0.567997 0.414259
0.963134 0.231978
0.480618 0.494705
0.910484 0.210355
0.536432 0.479737
0.6559 0.377359
0.52136 0.532198
0.988622 0.184755
0.490691 0.610933
0.922347 0.197928
0.993903 0.257955
0.323907 0.644744
0.778388 0.474824
0.38481 0.770444
0.540957 0.570467
0.0837652 1.05233
0.906474 0.201961
0.869476 0.232347
0.153731 0.90829
0.906474 0.201961
0.153731 0.90829
0.395003 0.797229
0.98626 0.21971
0.54244 0.683438
0.894939 0.175447
0.292939 0.661221
0.164677 0.997772
0.504585 0.585004
0.262991 0.724623
0.963134 0.231978
0.444983 0.683318
0.990223 0.223563
0.753307 0.274681
0.0287585 1.07128
0.0938797 0.944883
0.0837652 1.05233
0.426249 0.747088
0.883329 0.317471
0.32783 0.720638
0.253494 0.839914
0.592423 0.350629
0.0899347 0.936889
0.753307 0.274681
0.993689 0.280399
0.362539 0.694264
0.490691 0.610933
0.988622 0.184755
0.999983 0.0165631
0.0287585 1.07128
0.0460476 1.14769
0.708935 0.295699
0.592423 0.350629
0.272386 0.923529
0.123606 0.846113
0.164677 0.997772
0.721245 0.425053
0.362539 0.694264
0.910484 0.210355
0.997176 0.15963
0.599683 0.339519
0.410383 0.570084
0.733671 0.256067
0.625598 0.425015
0.837882 0.267807
0.999983 0.0165631
0.0899347 0.936889
0.38481 0.770444
0.869476 0.232347
0.421785 0.527107
0.963134 0.231978
0.621839 0.357728
0.30537 0.718827
0.55367 0.629629
0.395003 0.797229
0.733671 0.256067
0.0579086 0.898838
0.535584 0.454634
0.6559 0.377359
0.792893 0.260714
0.567997 0.414259
0.123606 0.846113
0.0579086 0.898838
