68351 210.029
0.878297 0.0700047
0.79 0.117563
0.659715 0.194482
0.622837 0.218193
0.605962 0.228131
0.50256 0.298558
0.721064 0.158547
0.823379 0.103358
0.0043294 0.955087
0.920637 0.0470333
0.731982 0.15091
0.968587 0.0222753
0.357607 0.409534
0.328658 0.438254
0.40103 0.375177
0.998943 0.00429059
0.157996 0.614655
0.913462 0.0512668
0.528416 0.282317
0.346185 0.419851
0.0544652 0.77732
0.542651 0.270642
0.0298845 0.839086
0.460382 0.329539
0.574477 0.248808
0.583426 0.244236
0.315436 0.446934
0.846525 0.087854
0.839248 0.0907464
0.255991 0.504353
0.976146 0.0183653
0.472224 0.320287
0.515812 0.291632
0.211443 0.55077
0.683179 0.182118
0.299376 0.460277
0.762766 0.132748
0.385223 0.38959
0.427711 0.357233
0.757913 0.135683
0.240932 0.518104
0.00289608 0.985918
0.676668 0.184271
0.0395799 0.815352
0.0846433 0.725367
0.0939504 0.708647
0.167006 0.602604
0.115682 0.675866
0.0143531 0.89153
0.0615164 0.761723
0.448925 0.338719
0.270755 0.495316
0.232088 0.529051
0.225921 0.53417
0.288076 0.475993
0.558001 0.260761
0.552783 0.263356
0.175403 0.592515
0.438108 0.348497
0.206516 0.560141
0.375508 0.399107
0.998943 0.00429059
1.85966e-07 1.03326
0.980173 0.0176799
0.893962 0.0625244
0.808138 0.108599
0.681055 0.184858
0.640913 0.210439
0.66602 0.191809
0.785245 0.123243
0.826469 0.0982443
0.598297 0.235939
0.970081 0.0222926
0.981205 0.0172758
0.872691 0.073755
0.884206 0.0685702
0.667189 0.191544
0.919416 0.0503081
0.957594 0.0314529
0.644275 0.208349
0.93858 0.0398056
0.758151 0.138603
0.804846 0.111773
0.794739 0.117401
0.855282 0.0846356
0.904519 0.0570723
0.76799 0.133104
0.85702 0.0831448
0.789915 0.121412
0.780283 0.125523
0.858017 0.0838324
0.826148 0.099224
0.788409 0.119542
0.857549 0.0822016
0.634459 0.212372
0.850385 0.0862948
0.990042 0.0129311
0.742393 0.145153
0.910154 0.0528679
0.812579 0.106315
