793641 430.014
2.3762e-09 1.62647
2.3762e-09 1.62647
2.3762e-09 1.62647
0.744776 0.190099
0.473557 0.423811
0.331167 0.483436
0.656695 0.323081
1.44021e-06 1.24047
0.508724 0.368354
0.158877 0.673829
0.271565 0.634389
0.6567 0.249246
3.02117e-07 1.40089
0.0312535 0.910407
0.6567 0.249246
2.56332e-06 1.09069
0.115663 0.742459
0.158877 0.673829
0.271576 0.549266
0.331156 0.511069
0.0200832 1.05674
0.0312806 0.885104
0.473557 0.423811
0.0312806 0.885104
2.3762e-09 1.62647
0.0812672 0.842523
0.0949875 0.793917
0.0312806 0.885104
2.56332e-06 1.09069
2.56332e-06 1.09069
0.271572 0.577189
0.271565 0.634389
2.3762e-09 1.62647
0.0312806 0.885104
0.656696 0.270319
0.656695 0.323081
0.0200832 1.05674
0.0200832 1.05674
0.0812672 0.842523
0.271572 0.577189
0.271576 0.549266
0.0312535 0.910407
0.0812672 0.842523
0.0812672 0.842523
2.3762e-09 1.62647
0.331156 0.511069
0.271576 0.549266
0.0949835 0.8083
0.0949875 0.793917
0.331162 0.491074
0.331167 0.483436
0.271565 0.634389
2.3762e-09 1.62647
0.271576 0.549266
0.0312806 0.885104
0.158877 0.673829
0.744776 0.190099
0.6567 0.249246
0.331167 0.483436
0.271565 0.634389
0.331167 0.483436
0.0812672 0.842523
1.44021e-06 1.24047
0.331156 0.511069
0.331167 0.483436
0.0949835 0.8083
0.0312535 0.910407
0.158877 0.673829
0.158877 0.673829
0.0949835 0.8083
0.656695 0.323081
3.02117e-07 1.40089
0.271572 0.577189
0.473557 0.423811
0.793196 0.178695
0.158877 0.673829
0.331167 0.483436
0.656695 0.323081
0.271576 0.549266
0.656695 0.323081
0.331162 0.491074
0.331167 0.483436
0.271565 0.634389
2.3762e-09 1.62647
0.508724 0.368354
0.158877 0.673829
0.6567 0.249246
0.331167 0.483436
0.0312806 0.885104
0.158877 0.673829
0.0812672 0.842523
0.331156 0.511069
0.331167 0.483436
0.0949835 0.8083
0.271572 0.577189
0.158877 0.673829
0.0949875 0.793917
0.656695 0.323081
0.473557 0.423811
0.271576 0.549266
