54125 30.0008
0.800395 0.226372
0.800395 0.226372
1.85123e-08 1.34141
1.38017e-05 1.18426
0.069979 0.900448
0.369233 0.611991
0.275988 0.672506
0.224939 0.762023
0.739231 0.287492
0.630729 0.338136
0.4441 0.49681
0.369239 0.538271
0.4441 0.49681
0.275988 0.672506
0.553664 0.39165
0.509406 0.446471
0.636519 0.314917
1.85123e-08 1.34141
0.509406 0.446471
0.103419 0.888559
0.694061 0.310543
5.78028e-07 1.25965
0.369239 0.538271
0.275988 0.672506
4.90789e-06 1.20056
5.78028e-07 1.25965
0.103419 0.888559
0.710676 0.292007
0.739231 0.287492
0.710676 0.292007
0.509406 0.446471
0.275988 0.672506
0.553664 0.39165
1.85123e-08 1.34141
0.636519 0.314917
0.636519 0.314917
1.85123e-08 1.34141
0.636519 0.314917
5.78028e-07 1.25965
0.509406 0.446471
4.90789e-06 1.20056
0.069979 0.900448
0.369239 0.538271
4.90789e-06 1.20056
5.78028e-07 1.25965
0.509406 0.446471
0.636519 0.314917
1.85123e-08 1.34141
0.275988 0.672506
0.509406 0.446471
0.553664 0.39165
0.4441 0.49681
0.369239 0.538271
1.38017e-05 1.18426
0.630729 0.338136
0.4441 0.49681
0.4441 0.49681
0.630729 0.338136
0.224939 0.762023
4.90789e-06 1.20056
0.553664 0.39165
1.85123e-08 1.34141
0.636519 0.314917
0.636519 0.314917
1.85123e-08 1.34141
0.369233 0.611991
0.069979 0.900448
0.509406 0.446471
0.275988 0.672506
0.369239 0.538271
0.224939 0.762023
0.509406 0.446471
0.710676 0.292007
0.636519 0.314917
0.275988 0.672506
0.103419 0.888559
0.4441 0.49681
0.369239 0.538271
1.38017e-05 1.18426
0.4441 0.49681
0.105631 0.814187
0.739231 0.287492
1.85123e-08 1.34141
0.369233 0.611991
0.224922 0.788625
0.739231 0.287492
0.553664 0.39165
0.509406 0.446471
0.4441 0.49681
0.275988 0.672506
0.553673 0.370817
0.553664 0.39165
0.636519 0.314917
0.636519 0.314917
4.90789e-06 1.20056
0.4441 0.49681
0.069979 0.900448
0.4441 0.49681
0.739231 0.287492
0.636519 0.314917
