373399 330.067
0.999937 3.16905e-05
0.999937 3.16905e-05
5.55112e-17 1
5.55112e-17 1
0.298546 0.453607
0.520532 0.278521
0.998699 0.000650848
0.298546 0.453607
0.520532 0.278521
0.998699 0.000650848
0.382243 0.381742
0.330027 0.425521
0.44428 0.333456
0.389121 0.376205
0.41732 0.353997
0.365592 0.395358
0.428789 0.34518
0.517941 0.280319
0.409346 0.360198
0.321139 0.433309
0.486574 0.302451
0.404189 0.364241
0.495987 0.295737
0.464947 0.31813
0.423716 0.349066
0.318075 0.436019
0.301221 0.451164
0.318075 0.436019
0.454654 0.32572
0.517941 0.280319
0.454654 0.32572
0.301221 0.451164
0.495798 0.295871
0.482713 0.305225
0.370425 0.391375
0.356606 0.402835
0.495987 0.295737
0.356606 0.402835
0.370425 0.391375
0.47734 0.309102
0.437591 0.338494
0.338462 0.418225
0.396945 0.369964
0.396945 0.369964
0.338462 0.418225
0.437591 0.338494
0.47734 0.309102
0.46703 0.316604
0.348736 0.409461
0.348736 0.409461
0.344564 0.413004
0.46703 0.316604
0.344564 0.413004
0.46703 0.316604
0.46703 0.316604
0.301221 0.451164
0.301221 0.451164
5.55112e-17 1
5.55112e-17 1
0.517941 0.280319
0.517941 0.280319
0.370425 0.391375
0.370425 0.391375
0.348736 0.409461
0.348736 0.409461
0.344564 0.413004
0.338462 0.418225
0.338462 0.418225
0.318075 0.436019
0.999937 3.16905e-05
0.999937 3.16905e-05
0.437591 0.338494
0.437591 0.338494
0.396945 0.369964
0.298546 0.453607
0.356606 0.402835
0.356606 0.402835
0.999937 3.16905e-05
0.999937 3.16905e-05
0.517941 0.280319
0.46703 0.316604
0.46703 0.316604
0.437591 0.338494
0.437591 0.338494
0.437591 0.338494
0.437591 0.338494
0.437591 0.338494
0.356606 0.402835
0.356606 0.402835
0.356606 0.402835
0.348736 0.409461
0.318075 0.436019
0.318075 0.436019
0.301221 0.451164
0.301221 0.451164
0.298546 0.453607
5.55112e-17 1
5.55112e-17 1
5.55112e-17 1
5.55112e-17 1
