87183 350.073
0.999947 0.000184557
0.999947 0.000184557
1.73472e-17 1.00027
1.73472e-17 1.00027
0.138661 0.628507
0.598267 0.229229
0.320661 0.434477
0.2787 0.472613
0.459811 0.333513
0.108245 0.67243
0.366257 0.395429
0.210427 0.542129
0.554635 0.25815
0.633969 0.207521
0.179846 0.576423
0.786586 0.113438
0.035218 0.813032
0.232451 0.518628
0.164673 0.594847
0.25687 0.493575
0.0566443 0.762695
0.459811 0.333513
0.486902 0.305986
0.344106 0.415041
0.757589 0.129823
0.366257 0.395429
0.538898 0.278497
0.705109 0.160765
0.732742 0.144174
0.0818528 0.714573
0.512713 0.300262
0.658142 0.189288
0.90436 0.0492834
0.00779504 0.921918
0.856731 0.0747447
0.680412 0.17543
0.015404 0.876633
0.0632303 0.749502
0.00403834 0.942417
0.88087 0.0617627
0.819383 0.0951021
0.0928834 0.697218
0.932239 0.0348184
0.000481552 0.987899
0.0298192 0.831186
0.0203086 0.859391
0.83198 0.0884898
0.978382 0.0113004
0.958338 0.0213392
0.948791 0.0262978
0.99664 0.00230413
0.99833 0.00119366
0.998101 0.00126701
0.999947 0.000433272
0.948791 0.0263491
0.958338 0.0214403
0.998101 0.00128824
0.999947 0.000488989
0.948791 0.0263593
0.958338 0.0214487
0.998101 0.00134722
0.999947 0.000508936
0.948791 0.0263797
0.958338 0.0214507
0.998101 0.00136567
0.99833 0.00135023
0.999947 0.000533847
0.948791 0.026411
0.958338 0.0215067
0.998101 0.00143662
0.99833 0.00137483
0.999947 0.000634294
0.948791 0.0265972
0.958338 0.0215947
0.998101 0.00149449
0.99833 0.00138038
0.999947 0.000833037
0.948791 0.0266012
0.958338 0.0216155
0.998101 0.00151443
0.99833 0.00145174
0.99833 0.00147373
0.948791 0.0266854
0.958338 0.0216424
0.998101 0.00158869
0.99833 0.0015413
0.948791 0.0267291
0.958338 0.0216532
0.998101 0.00178019
0.99833 0.00157625
0.948791 0.026736
0.958338 0.0216755
0.99833 0.00163648
0.948791 0.0267563
0.958338 0.0217193
0.99833 0.00174697
0.958338 0.021756
0.958338 0.0218782
0.958338 0.0218844
0.958338 0.0219488
