239198 210.011
4.25149e-08 1.66782
0.797278 0.224994
3.76754e-07 1.48907
5.16715e-07 1.15144
0.306465 0.522712
0.521872 0.412482
0.210914 0.612854
5.16715e-07 1.15144
0.210908 0.670196
0.416625 0.441713
0.416635 0.42218
0.0156338 0.959102
4.25149e-08 1.66782
3.76754e-07 1.48907
0.668632 0.271616
0.583891 0.294973
0.668632 0.271616
0.0527704 0.853435
0.306448 0.562412
0.107785 0.779601
0.416635 0.42218
0.74821 0.238348
0.159819 0.740106
0.0156338 0.959102
0.0527571 0.906789
0.797278 0.224994
0.0527704 0.853435
0.797278 0.224994
0.306465 0.522712
0.74821 0.238348
0.521875 0.343475
0.55942 0.335877
0.559426 0.317542
0.210914 0.612854
0.559426 0.317542
0.74821 0.238348
0.306448 0.562412
0.55942 0.335877
0.107785 0.779601
0.74821 0.238348
0.0156338 0.959102
0.306465 0.522712
0.74821 0.238348
0.583891 0.294973
0.416635 0.42218
0.521875 0.343475
0.55942 0.335877
0.306457 0.545776
0.306448 0.562412
0.521872 0.412482
0.55942 0.335877
5.16715e-07 1.15144
0.668632 0.271616
0.306465 0.522712
0.159819 0.740106
0.306465 0.522712
0.521872 0.412482
0.107785 0.779601
0.416635 0.42218
0.107785 0.779601
0.306457 0.545776
0.416635 0.42218
0.521872 0.412482
0.416635 0.42218
0.74821 0.238348
4.25149e-08 1.66782
0.55942 0.335877
0.416635 0.42218
0.797278 0.224994
0.55942 0.335877
0.0156338 0.959102
0.55942 0.335877
0.107785 0.779601
0.159819 0.740106
0.0527704 0.853435
0.306465 0.522712
0.210914 0.612854
0.559426 0.317542
0.74821 0.238348
0.306448 0.562412
0.55942 0.335877
0.107785 0.779601
0.0156338 0.959102
0.306465 0.522712
0.416635 0.42218
0.521875 0.343475
0.306457 0.545776
0.55942 0.335877
0.521872 0.412482
5.16715e-07 1.15144
0.521872 0.412482
0.107785 0.779601
0.416635 0.42218
0.107785 0.779601
0.306457 0.545776
0.306448 0.562412
0.583891 0.294973
0.668632 0.271616
0.797278 0.224994
3.76754e-07 1.48907
