865179 590.076
1 1.59872e-14
1 1.58762e-14
1.73472e-17 1
1.73472e-17 1
0.517902 0.280346
1 2.77556e-14
0.141012 0.624484
0.517902 0.280346
1 2.78666e-14
0.141012 0.624484
0.336556 0.419866
0.25955 0.49054
0.336556 0.419866
0.25955 0.49054
0.354362 0.404717
0.478639 0.308163
0.234803 0.515435
0.395899 0.370795
0.197359 0.555749
0.212822 0.538674
0.208266 0.543638
0.197359 0.555749
0.372745 0.389471
0.404369 0.3641
0.459263 0.322311
0.503938 0.290114
0.503938 0.290114
0.177464 0.578736
0.459263 0.322311
0.160757 0.599055
0.244849 0.505178
0.244849 0.505178
0.160757 0.599055
0.177464 0.578736
0.48611 0.302784
0.151866 0.610301
0.224269 0.52643
0.224269 0.52643
0.151866 0.610301
0.425454 0.347732
0.382465 0.381562
0.425454 0.347732
0.382465 0.381562
0.48611 0.302784
0.447539 0.331016
0.447539 0.331016
0.174108 0.582738
0.436504 0.339316
0.436504 0.339316
0.412361 0.357846
0.412361 0.357846
0.174108 0.582738
0.364875 0.395951
0.364875 0.395951
0.382465 0.381562
0.382465 0.381562
0.160757 0.599055
0.160757 0.599055
0.447539 0.331016
0.447539 0.331016
0.436504 0.339316
0.436504 0.339316
0.425454 0.347732
0.412361 0.357846
0.197359 0.555749
0.197359 0.555749
0.177464 0.578736
0.151866 0.610301
0.151866 0.610301
0.517902 0.280346
0.48611 0.302784
0.48611 0.302784
0.517902 0.280346
0.447539 0.331016
0.447539 0.331016
0.447539 0.331016
0.447539 0.331016
0.447539 0.331016
0.447539 0.331016
0.447539 0.331016
0.425454 0.347732
0.425454 0.347732
0.425454 0.347732
0.412361 0.357846
0.382465 0.381562
0.382465 0.381562
0.382465 0.381562
0.382465 0.381562
0.382465 0.381562
0.364875 0.395951
0.364875 0.395951
0.197359 0.555749
0.197359 0.555749
0.174108 0.582738
0.160757 0.599055
0.160757 0.599055
0.160757 0.599055
0.160757 0.599055
0.160757 0.599055
0.160757 0.599055
