9445 40.0084
0.99999 0.000100114
0.99999 0.000100114
0 1.00017
0 1.00017
0.158917 0.601912
0.158917 0.601912
0.451939 0.32818
0.451939 0.32818
0.0597162 0.755943
0.0756571 0.725372
0.000765972 0.972672
0.625093 0.210014
0.531369 0.271528
0.560334 0.252428
0.0448158 0.790513
0.712232 0.156322
0.0928675 0.695596
0.974026 0.0132615
0.597171 0.228249
0.0145285 0.881406
0.682898 0.173795
0.647003 0.195801
0.855454 0.0752712
0.949959 0.025508
0.791578 0.110452
0.815224 0.0972723
0.0281474 0.835636
0.732795 0.144204
0.752826 0.132607
0.929142 0.0363635
0.833972 0.0869977
0.0358695 0.811724
0.580479 0.240116
0.772873 0.121118
0.00682422 0.922412
0.0208749 0.861275
0.878416 0.0629529
0.668258 0.182957
0.125234 0.647005
0.50298 0.292422
0.47941 0.308084
0.113144 0.664091
0.103993 0.678202
0.125234 0.647005
0.519325 0.292149
0.00797287 0.919121
0.471621 0.314039
0.999983 0.000182663
0.893504 0.0549588
0.908594 0.0470014
0.903315 0.0497753
0.908594 0.0470014
0.895116 0.0540864
0.999983 0.000218283
0.855454 0.0752835
0.855454 0.0752835
0.908594 0.0470632
0.893504 0.0549729
0.903315 0.0497876
0.895116 0.0541275
0.999983 0.000241829
0.855454 0.075315
0.903315 0.0498043
0.893504 0.0549768
0.895116 0.0541923
0.999983 0.000242096
0.855454 0.0753516
0.903315 0.0498633
0.893504 0.0549814
0.999983 0.000245094
0.855454 0.0753731
0.903315 0.0499038
0.893504 0.0549819
0.999983 0.000251804
0.855454 0.0753792
0.893504 0.054993
0.999983 0.000273075
0.855454 0.0753868
0.893504 0.0549955
0.893504 0.0549997
0.855454 0.0753873
0.893504 0.0550098
0.855454 0.0754346
0.893504 0.05502
0.893504 0.0550201
0.893504 0.0550204
0.893504 0.0550227
0.893504 0.0550276
0.893504 0.0550277
0.893504 0.0550381
0.893504 0.0550381
0.893504 0.0550481
0.893504 0.0550527
0.893504 0.0550534
0.893504 0.0550697
0.893504 0.0550704
0.893504 0.055071
0.893504 0.0550812
0.893504 0.0550944
0.893504 0.0551196
