305653 440.031
1.29109e-05 0.996408
0.999992 3.08731e-05
0.315111 1.01901
0.773402 0.350605
0.0288675 1.09273
0.689765 0.271713
0.765812 0.252807
0.595504 0.509471
0.91051 0.148071
0.133712 0.829611
0.361226 0.581907
0.0573112 1.0068
0.0174537 1.2148
0.044694 1.01353
0.0176631 0.953692
0.00550261 1.23102
0.571877 0.460119
0.720303 0.372165
0.85862 0.298529
0.0726988 0.983539
0.998989 0.219383
0.0726988 0.9908
0.88347 0.242267
0.947235 0.239619
0.790459 0.317537
0.999999 0.078815
0.12336 0.907325
0.854026 0.237275
0.823306 0.234884
0.931257 0.146478
0.249605 0.76818
0.618437 0.389788
0.788648 0.359103
0.895261 0.226843
0.346908 0.791142
0.827161 0.295456
0.810211 0.334764
0.0986797 0.931207
0.659057 0.35448
0.576583 0.383576
0.333628 0.60009
0.533575 0.560025
0.232316 0.957815
0.0350075 1.07185
0.720303 0.372165
0.155171 1.45786
0.947235 0.239619
0.0174537 1.2148
0.575704 0.419765
0.315111 1.01901
0.817732 0.24283
0.0402536 1.00187
0.198686 0.990569
0.112032 0.915828
0.91051 0.148071
0.404732 0.63349
0.854026 0.237275
0.794329 0.374028
0.12336 0.907325
0.998989 0.219383
0.773402 0.350605
0.322269 0.560413
0.0400193 1.05192
0.981482 0.193059
0.124972 0.855316
0.994081 0.154246
0.0350075 1.07185
0.530151 0.500643
0.361226 0.581907
0.322269 0.560413
0.686885 0.226573
0.794329 0.374028
0.0402536 1.00187
0.739426 0.399838
0.895261 0.226843
0.0986797 0.931207
0.659057 0.35448
0.389528 0.53811
0.389528 0.53811
0.358527 0.693403
0.0176631 0.953692
0.823306 0.234884
0.0932039 1.01636
0.512961 0.410527
2.62569e-06 1.11645
0.0400193 1.05192
0.393461 0.588791
0.730014 0.532389
0.198686 0.990569
0.575704 0.419765
0.576583 0.383576
0.999999 0.078815
0.0573112 1.0068
0.98444 0.258974
0.0781505 0.923626
0.358527 0.693403
0.395889 0.526932
0.0288675 1.09273
0.0330953 1.05411
0.0781505 0.923626
