175306 360.036
2.77556e-17 1
1 0
0.96276 0.0187964
0.471964 0.313006
0.500345 0.292656
0.851635 0.0771593
0.617244 0.214352
0.930737 0.035316
0.823528 0.0926169
0.179659 0.576138
0.046185 0.785093
0.395106 0.371426
0.270713 0.479702
0.0973142 0.688049
0.640343 0.199786
0.0342681 0.81489
0.738575 0.140596
0.2264 0.524189
0.336884 0.419583
0.570153 0.244915
0.154883 0.606454
0.757114 0.129877
0.864098 0.0704312
0.557185 0.253866
0.0226182 0.849607
0.012213 0.889562
0.376799 0.386162
0.000817326 0.971418
0.729353 0.145978
0.0765684 0.723401
0.0845812 0.709171
0.349021 0.40922
0.298123 0.454023
0.317025 0.43695
0.325738 0.429266
0.582691 0.236731
0.36152 0.398734
0.807704 0.101277
0.679667 0.175581
0.715589 0.156172
0.916926 0.0424403
0.255517 0.494513
0.534909 0.268945
0.878464 0.0630604
0.278588 0.472185
0.14248 0.62254
0.069454 0.73646
0.213789 0.540052
0.0284762 0.831251
0.16625 0.592263
0.885938 0.0587592
0.669621 0.181696
0.0652075 0.744642
0.00814291 0.909762
0.188862 0.565417
0.524903 0.275498
0.691678 0.168328
0.00223567 0.952717
9.39144e-05 0.99031
0.0152078 0.876688
0.410677 0.359247
0.437496 0.338568
0.146482 0.61727
0.00610817 0.921845
0.901643 0.0504617
0.509686 0.286082
0.991931 0.00404282
0.233906 0.516362
0.244046 0.50599
0.604667 0.223104
0.765019 0.125348
0.0551605 0.765204
0.784788 0.114118
0.102801 0.682507
0.516513 0.281312
0.123185 0.649023
0.165274 0.593462
0.976589 0.0119665
0.698823 0.164046
0.132343 0.63621
0.710295 0.161783
0.00353509 0.940555
0.818054 0.0977015
0.432213 0.342574
0.898872 0.0519113
0.654836 0.190781
0.357174 0.402362
0.253265 0.496746
0.793886 0.108997
0.0588825 0.757343
0.0843722 0.712914
0.131793 0.636971
0.108629 0.673527
0.415016 0.355785
0.0189382 0.862467
0.924462 0.0385753
0.19406 0.559477
0.464063 0.321189
0.239745 0.510371
0.0488301 0.779025
