571931 520.024
0.821341 0.161683
0.821341 0.161683
1.16084e-08 1.28986
0.277735 0.537396
1.16084e-08 1.28986
0.409632 0.49179
0.147194 0.820883
0.19954 0.606904
0.409654 0.413575
0.147204 0.683571
0.607454 0.262962
0.277735 0.537396
0.277735 0.537396
0.600482 0.284908
0.199523 0.607696
0.809375 0.184418
0.734787 0.218383
3.50231e-06 1.07617
7.61069e-07 1.19744
0.691968 0.222662
0.0602951 0.839907
9.72413e-06 1.06546
0.0305721 0.992609
0.691968 0.222662
7.61069e-07 1.19744
0.147194 0.820883
0.0361924 0.892601
0.521591 0.328041
0.147204 0.683571
0.0361924 0.892601
0.0361924 0.892601
0.734787 0.218383
0.409648 0.469724
0.409654 0.413575
0.0602951 0.839907
0.0602951 0.839907
0.147198 0.769613
0.809375 0.184418
0.0305721 0.992609
0.0361864 0.966979
0.607452 0.262999
0.600482 0.284908
0.409632 0.49179
0.409654 0.413575
0.734787 0.218383
0.734787 0.218383
0.277735 0.537396
0.19954 0.606904
0.607454 0.262962
0.607452 0.262999
0.409648 0.469724
0.809375 0.184418
0.147204 0.683571
7.61069e-07 1.19744
0.277735 0.537396
0.19954 0.606904
0.600482 0.284908
0.409654 0.413575
0.199523 0.607696
0.607454 0.262962
1.16084e-08 1.28986
0.409654 0.413575
0.409654 0.413575
7.61069e-07 1.19744
7.61069e-07 1.19744
0.147198 0.769613
1.16084e-08 1.28986
0.0602951 0.839907
0.277735 0.537396
0.199523 0.607696
0.409632 0.49179
0.0602951 0.839907
0.409654 0.413575
0.607454 0.262962
0.199523 0.607696
3.50231e-06 1.07617
7.61069e-07 1.19744
0.691968 0.222662
0.0602951 0.839907
9.72413e-06 1.06546
0.691968 0.222662
0.147194 0.820883
0.521591 0.328041
0.147204 0.683571
0.0361924 0.892601
0.409648 0.469724
0.199523 0.607696
0.0602951 0.839907
0.147198 0.769613
0.0305721 0.992609
0.0361864 0.966979
0.600482 0.284908
0.409654 0.413575
0.277735 0.537396
0.607452 0.262999
0.409648 0.469724
0.809375 0.184418
0.19954 0.606904
1.16084e-08 1.28986
1.16084e-08 1.28986
