168976 590.104
4.33681e-19 1
1 1.11022e-16
4.33681e-19 1
0.792511 0.109769
0.0432861 0.791947
0.0557365 0.763955
0.766686 0.124395
0.315476 0.438327
0.278517 0.472254
0.537061 0.267158
0.333848 0.422206
0.0367403 0.808324
0.510062 0.285816
0.583874 0.235903
0.103532 0.678237
0.0262941 0.837856
0.0629073 0.749187
0.188951 0.565316
0.523417 0.276528
0.220918 0.529985
0.0311033 0.823642
0.593883 0.229363
0.487709 0.301638
0.825487 0.0914884
0.861789 0.071674
0.737718 0.141113
0.978146 0.0109877
0.00519172 0.927946
0.000529352 0.976992
0.715764 0.153975
0.0740322 0.727912
0.810816 0.0995469
0.199779 0.553034
0.441153 0.335807
0.8931 0.0549605
0.840463 0.0832329
0.872762 0.065783
0.00197171 0.955596
0.7541 0.131611
0.249067 0.500934
0.142369 0.622682
0.352264 0.406503
0.417074 0.354188
0.205796 0.547783
0.215523 0.535759
0.847414 0.0794491
0.990398 0.00481237
0.449888 0.329263
0.550998 0.257711
0.0698841 0.735648
0.905997 0.0481993
0.567798 0.246476
0.966008 0.0171431
0.0825654 0.712658
0.171436 0.585952
0.367371 0.39389
0.883736 0.0599275
0.00746267 0.913618
0.700788 0.162926
0.00294199 0.94576
0.235029 0.515202
0.0939458 0.693496
0.944277 0.0282608
0.149332 0.613591
0.472762 0.312424
0.235482 0.514735
0.426178 0.348759
0.363477 0.402073
0.670278 0.181953
0.265763 0.484478
0.290195 0.461368
0.111199 0.667788
0.653464 0.191629
0.117802 0.656806
0.0207473 0.855967
0.406565 0.362375
0.264618 0.485612
0.739351 0.140147
0.486766 0.302314
0.682146 0.17408
0.0853908 0.707784
0.608043 0.220229
0.0110313 0.89497
0.180295 0.575389
0.252625 0.497382
0.935318 0.0328827
0.914314 0.0438034
0.46364 0.319145
9.33543e-05 0.990338
0.310766 0.447745
0.0175041 0.867701
0.556491 0.254017
0.0923135 0.696773
0.68911 0.16988
0.398294 0.368895
0.513109 0.283835
0.653205 0.191809
0.639512 0.200306
0.126324 0.64458
0.00972493 0.901396
