11 0.0243395
0 3.20074
0.330133 2.19725
0.0205161 2.7272
0.395739 2.191
0.030853 2.9145
1 1.86333
0.583628 1.56218
0.673184 2.1812
0.463575 2.08517
0.5 2.1962
0.519606 2.2704
0.360568 2.16083
0.0937175 3.0899
0 3.65358
0.0748324 2.9524
0.634356 1.73574
0.358001 2.13584
0.141399 2.74912
0.127866 2.65148
0.354773 2.55247
1 1.897
0.0357905 2.79293
0.564677 2.28023
1 1.91121
0.52971 2.01925
0.428643 2.17974
0.5 2.15309
0.37557 2.55971
0 3.7928
0.635047 2.35992
0.749185 2.02517
0.610456 2.37516
0.335047 2.21292
0.643149 2.44239
0.404247 2.46403
0.226311 2.55518
0.299606 2.59223
0.317584 2.30576
0.241552 2.8388
0 3.1473
0.471737 2.232
0.896383 1.9149
0.5 2.23642
0.192844 2.51131
0.5 1.91683
0 3.14354
0 3.3108
0.473538 1.90404
0.73151 2.03787
0 3.47491
0.616804 2.64635
0.457406 2.32759
0.119385 2.88481
0 3.49167
0 3.79713
0.593429 2.05266
0.5 2.05734
0.304489 2.46351
0.301359 2.40964
0.5 1.95592
0.183735 2.8544
0 2.89882
0.296655 2.71259
0.5 2.3429
0.5 2.59183
0.231398 2.3545
0.445834 2.41597
0.755396 1.85604
0.747615 1.9201
0.324684 2.48951
0.5 2.39013
0.162553 2.86138
1 1.75125
0 3.14746
0.0856215 3.23819
0.233529 3.00591
0.246567 2.6429
0.0503831 3.09293
0.344182 2.52231
0.322936 2.52285
0.5 2.41031
0.00311301 3.30689
0.616854 2.22277
0.462675 2.28396
0.569291 2.38833
0 3.91448
0.559696 2.51295
0.384007 2.62575
0.345118 2.48953
0.608917 2.18348
0.5 2.03784
1 1.95545
0.215174 2.4369
0.187289 2.67561
0.663404 2.19228
0.5 2.60198
0.711759 2.35528
0.5 2.4183
0.129176 2.67107
0.0611255 3.16588
