166039 580.124
1 0
0 1
0 1
0.0333022 0.817514
0.0543731 0.76682
0.117339 0.657524
0.0213797 0.853785
0.101182 0.681982
0.628342 0.207366
0.416944 0.354289
0.793182 0.109404
0.435314 0.340217
0.172469 0.584753
0.69654 0.165411
0.0273654 0.834575
0.671764 0.181084
0.0822445 0.713545
0.158303 0.602127
0.257085 0.492964
0.0685624 0.738156
0.014007 0.881649
0.000369696 0.980773
0.229774 0.520652
0.00664083 0.918509
0.77628 0.118933
0.076197 0.725673
0.754041 0.131645
0.289964 0.461517
0.138902 0.627307
0.00148954 0.961408
0.188511 0.565833
0.213847 0.53758
0.244941 0.505086
0.4457 0.332393
0.278118 0.472634
0.64647 0.196672
0.0954186 0.698049
0.600833 0.224866
0.946489 0.0271232
0.833143 0.0872336
0.180632 0.575038
0.768662 0.123266
0.52552 0.275072
0.32143 0.433052
0.588255 0.233023
0.334468 0.421669
0.304451 0.448229
0.838996 0.0840329
0.201476 0.551186
0.504568 0.289671
0.219421 0.531576
0.456429 0.324405
0.960953 0.0197179
0.474179 0.311393
0.127109 0.643481
0.816412 0.0964463
0.00417085 0.935421
0.238477 0.51166
0.809831 0.100857
0.541489 0.264142
0.612761 0.217216
0.894078 0.0544429
0.86161 0.0717733
0.38298 0.384021
0.730566 0.145268
0.555771 0.254503
0.00295038 0.945683
0.347197 0.410767
0.875807 0.0641542
0.130451 0.638869
0.359017 0.40082
0.198135 0.55488
0.403018 0.365169
0.517115 0.280895
0.497728 0.294504
0.854792 0.0754527
0.564265 0.248824
0.721029 0.150869
0.367181 0.394046
0.983519 0.00827458
0.297789 0.4543
0.655899 0.190125
0.00957753 0.902135
0.666677 0.183497
0.405519 0.363197
0.989066 0.00548263
0.266393 0.483867
0.701499 0.162526
0.571879 0.243776
0.146599 0.617187
0.971574 0.014316
0.39014 0.375388
0.744368 0.137232
0.0612975 0.752419
0.328871 0.42653
0.73944 0.140143
0.0983955 0.693247
0.8884 0.0574503
0.547086 0.260348
0.15164 0.610591
