197574 350.036
0.856615 0.0826724
0.792762 0.117326
0.72019 0.158362
0.969704 0.0241244
0.082712 0.726353
0.917876 0.0506082
0.640374 0.208805
0.665986 0.192259
0.603835 0.229392
0.95265 0.0376327
0.000803993 0.988953
0.868637 0.0746719
0.326917 0.436687
0.0441806 0.805331
0.756144 0.1406
0.736504 0.150552
0.62713 0.218586
0.578931 0.247258
0.686565 0.179499
0.55416 0.265606
0.465367 0.324528
0.360154 0.409159
0.889986 0.064227
0.391646 0.380531
0.107046 0.688973
0.781983 0.122974
0.0345303 0.827731
0.529125 0.282832
0.901533 0.0586609
0.992311 0.0119623
0.0252085 0.858142
0.0301481 0.837936
0.18079 0.587735
0.00577294 0.938192
0.771682 0.132505
0.199993 0.565179
0.519288 0.290691
0.315941 0.455195
0.541359 0.273675
0.507023 0.298799
0.499154 0.304658
0.999762 0.00487179
0.0934073 0.712399
0.451909 0.337667
0.383473 0.389385
0.169739 0.598957
0.592389 0.239256
0.0194281 0.876088
0.0539579 0.779128
0.0669021 0.754114
0.140929 0.633721
0.195277 0.575487
0.246105 0.515318
0.348886 0.420213
0.0511591 0.785296
0.11965 0.66872
0.68057 0.183485
0.220847 0.539451
0.207834 0.556484
0.253907 0.509123
0.293667 0.467856
0.999762 0.00487179
2.78107e-07 1.07093
0.533999 0.279856
0.722527 0.16195
0.894901 0.0643497
0.845262 0.0900928
0.68305 0.18253
0.923391 0.0477547
0.629968 0.21661
0.893818 0.0645257
0.887444 0.0671779
0.725471 0.160976
0.909934 0.0542902
0.921342 0.0487693
0.952516 0.033448
0.996673 0.0107213
0.864652 0.0790038
0.749057 0.143093
0.674777 0.190138
0.803056 0.112378
0.840737 0.0930259
0.835033 0.0989402
0.57215 0.25369
0.935369 0.0428059
0.775299 0.129558
0.929994 0.0449644
0.68419 0.184495
0.635472 0.215349
0.790819 0.120016
0.81767 0.108681
0.802004 0.112902
0.930095 0.0466848
0.55053 0.267835
0.672786 0.188665
0.874913 0.0758741
0.703284 0.170216
0.701144 0.176257
0.844858 0.0913839
0.801807 0.114831
