28679 100.016
1 1.41887e-13
2.87856e-17 1
0.12479 0.646744
0.876197 0.0639463
0.70165 0.162684
0.137996 0.628523
0.572191 0.243579
0.810418 0.0997677
0.398716 0.368587
0.246348 0.503801
0.842794 0.0819621
0.109472 0.669145
0.435571 0.340365
0.149935 0.612786
0.418982 0.352932
0.00272447 0.947804
0.0707199 0.734068
0.0626534 0.749703
0.680077 0.176089
0.716975 0.153257
0.828493 0.0897854
0.594897 0.228712
0.942459 0.0306034
0.47696 0.309513
0.264487 0.493705
0.754386 0.133005
0.295854 0.456076
0.73538 0.142477
0.493887 0.29723
0.317326 0.436683
0.458128 0.323153
0.559846 0.251773
0.895813 0.0535262
0.912744 0.0446239
0.0198941 0.858998
0.0883743 0.703062
0.0105383 0.898339
0.269105 0.487533
0.503342 0.29054
0.278647 0.472132
0.453673 0.326728
0.187258 0.56731
0.0063507 0.92031
0.3877 0.377347
0.614956 0.215809
0.234305 0.515954
0.932605 0.035699
0.369926 0.391785
0.0257894 0.839411
0.978647 0.0107378
0.00526192 0.927461
0.329091 0.426377
0.661269 0.186818
0.608628 0.219854
0.0557793 0.763825
0.960137 0.0201361
0.0296435 0.827827
0.791573 0.110383
0.48123 0.306294
0.729063 0.146156
0.526174 0.274639
0.919575 0.0410555
0.0955428 0.690903
0.354843 0.404361
0.000418538 0.979551
0.0140658 0.881446
0.159376 0.600958
0.654167 0.191195
0.369462 0.392166
0.0786534 0.719549
0.774208 0.12011
0.789591 0.111411
0.177609 0.578591
0.217065 0.534248
0.103757 0.6779
0.958079 0.0211851
0.000998212 0.96947
0.990037 0.00499581
0.304176 0.448482
0.540032 0.265133
0.629445 0.206632
0.30904 0.444086
0.514793 0.28277
0.0353652 0.811944
0.199814 0.553038
0.288277 0.471067
0.534875 0.268726
0.0529456 0.770081
0.596363 0.227756
0.64207 0.198707
0.193603 0.560041
0.174978 0.581696
0.333801 0.422245
0.345661 0.412072
0.209469 0.542358
0.0821048 0.713461
0.837278 0.0849712
0.0991613 0.685105
2.55691e-07 0.999505
0.0376463 0.805974
