45866 150.026
0.0972347 0.696171
0.0593901 0.768695
0.0428976 0.804243
0.260105 0.498572
0.0285121 0.844675
0.555194 0.259997
0.33055 0.438021
0.238036 0.519518
0.0838722 0.721274
0.356973 0.408729
0.905549 0.0553575
0.14328 0.632264
0.214485 0.544282
0.405527 0.371802
0.121495 0.659603
0.457251 0.332278
0.274284 0.482694
0.507299 0.295049
0.193677 0.567654
0.176084 0.589525
0.115366 0.674835
0.154569 0.614122
0.347493 0.425138
0.710678 0.162587
0.957976 0.0271332
0.161697 0.606096
0.689668 0.177706
0.206577 0.553258
0.416956 0.362946
0.0695999 0.746751
0.470129 0.321357
0.649252 0.200862
0.312462 0.453253
0.230889 0.528728
0.524097 0.282529
0.305012 0.459422
0.184259 0.57855
0.440495 0.343603
0.0189424 0.884118
0.999964 0.00427234
0.480432 0.31301
0.664543 0.190818
0.884974 0.0655997
0.589981 0.238232
0.296008 0.473663
0.818886 0.102949
0.495936 0.306199
0.757934 0.139114
0.00268064 0.967728
0.599233 0.23335
0.429774 0.354927
0.878598 0.0695918
0.675445 0.185496
0.990692 0.0132254
0.394766 0.386488
0.617904 0.225944
0.704447 0.170698
0.742564 0.147364
0.00458852 0.955015
0.0358423 0.831116
0.786248 0.120144
0.999964 0.00427234
1.01376e-07 1.01605
0.23017 0.529769
0.166362 0.600399
0.096216 0.699909
0.396709 0.380858
0.174618 0.592131
0.0549092 0.778008
0.357909 0.412771
0.0251183 0.853175
0.124922 0.660616
0.167128 0.600693
0.0247305 0.858354
0.187054 0.578524
0.302756 0.461827
0.257744 0.504985
0.0432663 0.806887
0.143174 0.631298
0.157748 0.614813
0.0420014 0.805141
0.132558 0.647373
0.127571 0.653202
0.0770169 0.733643
0.224757 0.535882
0.229559 0.531604
0.175879 0.59245
0.0562812 0.772075
0.258296 0.501458
0.161869 0.611156
0.703327 0.169207
0.202737 0.560127
0.117168 0.670245
0.196399 0.567193
0.203944 0.557699
0.328056 0.43548
0.0918857 0.707312
0.204746 0.557427
0.374659 0.397583
0.259025 0.505293
