122189 390.063
1 6.34476e-07
1 6.34476e-07
4.16334e-17 1.00066
4.16334e-17 1.00066
0.0674911 0.740212
0.160963 0.598803
0.0924313 0.695977
0.121998 0.650722
0.0473962 0.782297
0.4654 0.317799
0.0322086 0.820536
0.0028575 0.946547
0.675929 0.177852
0.875315 0.0644179
0.0178584 0.866367
0.588904 0.2326
0.010268 0.898672
0.286735 0.464641
0.309969 0.443289
0.620375 0.212362
0.486224 0.302703
0.645798 0.196385
0.33629 0.420151
0.26103 0.489374
0.560261 0.251495
0.392504 0.373526
0.518659 0.279821
0.771574 0.121608
0.846572 0.0799073
0.208284 0.543624
0.951839 0.0243782
0.912103 0.0449603
0.708375 0.158351
0.823196 0.0926994
0.111373 0.666276
0.975807 0.0121711
0.53673 0.267382
0.22956 0.520935
0.191465 0.562483
0.420076 0.351868
0.176388 0.580025
0.357483 0.402144
0.371788 0.390279
0.24198 0.508488
0.420076 0.351868
0.925242 0.0381059
0.722985 0.149715
0.744872 0.136941
0.798307 0.10652
0.798307 0.10652
0.999996 3.13955e-06
0.742879 0.138097
0.999997 2.35427e-06
0.999997 2.49678e-06
0.722985 0.149716
0.798307 0.10652
0.951839 0.0243786
0.999997 2.5102e-06
0.798307 0.10652
0.951839 0.0243787
0.999997 2.52022e-06
0.798307 0.10652
0.951839 0.0243789
0.999997 2.52155e-06
0.798307 0.10652
0.999997 2.55204e-06
0.798307 0.10652
0.999997 2.57822e-06
0.798307 0.10652
0.999997 2.59381e-06
0.798307 0.10652
0.999997 2.71595e-06
0.798307 0.10652
0.999997 2.72152e-06
0.798307 0.10652
0.999997 2.72212e-06
0.798307 0.10652
0.999997 2.74475e-06
0.798307 0.106521
0.999997 2.74928e-06
0.798307 0.106521
0.999997 2.75437e-06
0.798307 0.106521
0.999997 2.76912e-06
0.798307 0.106521
0.999997 2.76954e-06
0.798307 0.106521
0.798307 0.106521
0.798307 0.106521
0.798307 0.106521
0.798307 0.106521
0.798307 0.106521
0.798307 0.106521
0.798307 0.106521
0.798307 0.106521
0.798307 0.106521
0.798307 0.106521
0.798307 0.106521
0.798307 0.106521
0.798307 0.106521
