288014 530.05
0.622899 0.213071
0.0132563 0.885832
0.0616397 0.758417
0.461646 0.330016
0.307789 0.446701
1 0.00519771
0.404491 0.373462
0.470421 0.318081
0.998105 0.00478299
0 1.02317
0.834637 0.0921102
0.141038 0.625484
0 1.0312
0.71272 0.160043
0 1.00195
0.880498 0.0639051
0.52651 0.279492
0.714389 0.163158
1 0.000878991
0.98024 0.0162784
0.556428 0.256677
1 0.00251192
0.725094 0.153269
0.037964 0.80618
0.474072 0.314154
0.0650459 0.756693
0.5 0.297068
0 1.02264
0.423127 0.352326
0 1.03432
0.474371 0.320279
0.164168 0.608341
0.0497913 0.797047
0.176182 0.59414
0.897535 0.0565584
0.825214 0.0971903
0.5 0.298347
0.639669 0.203029
0.0212374 0.862459
0 1.00751
0.664067 0.193461
1 0.00520053
0.291369 0.461946
0.0317881 0.825681
0.186589 0.570948
0.547517 0.26389
0.586556 0.240424
0 1.00662
0.321724 0.437784
0.651352 0.205233
0.714247 0.158205
0.820584 0.0975706
0.418832 0.362146
0.647586 0.204565
0.250164 0.516976
0.5 0.309462
0.5 0.30017
0.5 0.301763
0.282773 0.474068
0.110938 0.675888
0 1.00389
0.568994 0.250889
0.629026 0.216558
0.163973 0.599273
0.290067 0.470479
0.133937 0.636644
1 0.00630756
0 1.00351
0.5 0.294189
0.336361 0.432477
0.409527 0.369259
0.326573 0.43189
0 1.01528
0.103542 0.679549
0.90405 0.049228
0.635682 0.210949
0.812398 0.103005
0.116951 0.663347
0.0171035 0.888914
0 1.01624
0.5 0.303103
0.371603 0.407387
0.620473 0.219881
0.5 0.293359
0.625717 0.209259
0.629843 0.206967
0.910775 0.0483351
0.434931 0.343021
0.5 0.30296
0.589235 0.235515
0.135014 0.635169
0.229201 0.526983
0.402956 0.36708
0.779886 0.122586
0.541623 0.271406
0.662159 0.189935
0.5 0.297593
0.552339 0.265629
0.463361 0.324229
1 0.00638702
