29 0.0618841
0.721558 1.38023
0.0958273 2.27175
0 2.32057
0 3.13805
0.388954 2.13798
0.13307 2.78327
0.927752 1.32005
0 3.08116
1 1.29936
0 2.8321
0.833607 1.43437
0.804959 1.75891
0.641661 1.89883
0.549919 1.84975
0 2.67721
0.104958 2.11621
0.481397 1.87755
0 3.06208
0.457544 1.76408
0 3.05699
0.0711656 2.48299
0.0863753 2.1697
0.0866678 2.42302
0.373171 1.68755
0.00488203 2.76121
0.352858 1.92996
0.447796 1.78459
0.424284 1.53275
0 2.93147
0.404241 1.80938
0.102605 2.40242
0.44035 1.97918
0.716057 1.50409
0.0690741 2.34837
0.734259 1.32895
0.479953 1.83853
0.375136 2.05352
0.3581 2.45377
0.0831571 2.54264
0 2.98923
0.365442 2.05383
0.342334 1.88958
0.184463 2.28144
0.455029 1.66645
0.5 1.97935
0.468878 1.64486
0 3.16835
0.702498 1.61214
0.5 2.16934
0.838435 1.31377
0.189099 2.23237
0.350717 2.21441
0.10371 2.47629
0 3.25113
0 3.38117
0.237876 2.34571
0.149935 2.20447
0 3.35889
0 2.97823
0.337944 1.87281
0.231011 2.29709
0.310494 2.03396
0.897308 1.43253
0.360317 2.18895
0.537407 1.70764
0.0543471 2.80181
1 1.36767
0.203819 2.21555
0.789664 1.92667
0.299274 2.10812
0.371053 1.85777
0.246717 2.31963
0.654283 1.43405
0.0714129 2.40345
0.155227 2.2136
0 3.19274
0.276258 1.93896
0.350321 1.92898
0.5 1.91626
0.797951 1.76384
0.170031 2.57027
0.868227 1.33342
0.0350483 2.40157
0.0910978 2.29415
0.0102523 2.87845
0.55254 1.86581
0.627479 1.76016
0.137231 2.5572
0.583256 1.67579
0.43914 2.60319
0.0332942 2.78509
0 3.46601
0 3.12078
0.262854 2.3867
0 2.98601
0.233018 2.4936
0.24368 1.98547
0 2.63276
0.291527 2.20771
0.335258 1.96605
