43018 150.029
2.87856e-17 1
1 7.77156e-16
2.87856e-17 1
0.0475562 0.79011
0.467297 0.316412
0.189601 0.564568
0.0305739 0.825156
0.395519 0.371097
0.335011 0.421199
0.171732 0.585595
0.164156 0.594887
0.00865236 0.906982
0.962697 0.0188301
0.14872 0.614357
0.494485 0.298235
0.43242 0.343508
0.864157 0.0704303
0.354677 0.404453
0.251254 0.498747
0.44578 0.332333
0.238836 0.511296
0.654854 0.19077
0.678539 0.176332
0.056243 0.762844
0.540535 0.26479
0.552773 0.256515
0.0797201 0.717654
0.00456111 0.932464
0.000450881 0.978766
0.758147 0.129309
0.328746 0.434663
0.384691 0.379767
0.905807 0.0484449
0.888318 0.0574955
0.416981 0.354259
0.826499 0.0908871
0.670109 0.181402
0.373017 0.389249
0.598986 0.226058
0.616369 0.214912
0.45895 0.323725
0.697316 0.165011
0.815405 0.0970024
0.729387 0.145959
0.0490184 0.778634
0.64195 0.198783
0.302114 0.450353
0.101511 0.681399
0.775022 0.119647
0.577449 0.240101
0.940783 0.0300617
0.512707 0.283964
0.494804 0.296577
0.858494 0.0746239
0.925592 0.0379232
0.0250661 0.84177
0.313745 0.440921
0.920093 0.041382
0.788269 0.112187
0.125439 0.645826
0.275872 0.474778
0.00321978 0.943257
0.982395 0.00884207
0.289166 0.462259
0.109094 0.673186
0.017661 0.867211
0.199737 0.553155
0.070642 0.734215
0.565678 0.248
0.843465 0.0816183
0.0123907 0.888687
0.840423 0.0832543
0.209702 0.542147
0.0943536 0.69283
0.228458 0.522032
0.419262 0.352846
0.290447 0.46114
0.143155 0.621654
0.262205 0.48794
0.274716 0.47636
0.263515 0.486663
0.121218 0.651837
0.621839 0.211435
0.89351 0.0548005
0.527775 0.273523
0.802552 0.104147
0.133422 0.634732
0.739381 0.140219
0.514371 0.282804
0.0631649 0.748674
0.996205 0.0019016
0.705704 0.160004
0.0878713 0.703569
0.363861 0.396793
0.940436 0.0302437
0.526467 0.274426
0.973027 0.0135804
0.0287108 0.830831
0.0144032 0.880016
0.00159696 0.960038
