44029 140.026
0.935249 0.0354707
0.805376 0.104098
0.617105 0.214681
0.621582 0.212607
0.321318 0.43658
0.857844 0.0764284
0.0918539 0.710493
0.245105 0.516473
0.213491 0.541715
0 1.00717
0.195023 0.559275
0.0703302 0.750506
0.851866 0.07948
0 1.01807
0.5 0.29627
0 1.01711
0.995407 0.00721037
0 1.00273
0 1.00052
0.105784 0.67842
0.5 0.295929
1 0.00297609
0.872266 0.0692124
1 0.00268672
0 1.00774
0.596392 0.232095
0.344198 0.415604
1 0.00136262
0.196731 0.561434
0.0919665 0.698699
0.280596 0.472558
0.22956 0.52445
0.5 0.296523
0.5 0.29387
0 1.00132
0.878925 0.0638437
0.594339 0.233941
0.617739 0.217794
0.588292 0.239387
0.5 0.296507
0.161008 0.60267
0.133307 0.635757
0.186938 0.569549
0.388369 0.38077
0.306032 0.45199
0.784341 0.119953
1 0.00418389
0.688586 0.174318
1 0.00113576
0 1.02167
0.304607 0.452148
0 1.00317
1 0.00156766
0.282712 0.47457
0.203098 0.552844
0.401114 0.370515
1 0.00595816
0.336518 0.427286
0.134547 0.638665
0.565619 0.251083
0.692164 0.173042
0.48318 0.314162
0 1.00577
0.291058 0.462074
0.782895 0.125381
0.430546 0.349229
0.354765 0.411066
0.787237 0.113764
0.551983 0.257508
0.644701 0.202945
0.0409159 0.802418
0.234813 0.521891
0.885443 0.0646584
0.5 0.301124
0 1.01062
0.397562 0.374894
0.04444 0.793495
0.519869 0.281927
0.555191 0.2601
0.5 0.300952
0.565754 0.249688
0.758852 0.133828
0.60527 0.230578
0.5 0.298524
0.366016 0.399774
0.509498 0.289148
0.5 0.298305
0.567734 0.252992
0.185433 0.574941
0.5 0.298625
0.187687 0.571734
0.266795 0.489536
0 1.01002
0.567879 0.250345
0.5 0.30111
0.0573561 0.765803
0.783492 0.117909
0.5 0.303622
0.250557 0.507187
0.36919 0.396915
