115381 360.081
1 6.34476e-07
1 6.34476e-07
4.16334e-17 1.00066
4.16334e-17 1.00066
0.0674911 0.740212
0.160963 0.598803
0.0924313 0.695977
0.121998 0.650722
0.0473962 0.782297
0.4654 0.317799
0.0322086 0.820536
0.0028575 0.946547
0.864306 0.0703202
0.819811 0.0945667
0.0178584 0.866367
0.588904 0.2326
0.010268 0.898672
0.286735 0.464641
0.309969 0.443289
0.620375 0.212362
0.910799 0.0456431
0.486224 0.302703
0.951839 0.0243785
0.33629 0.420151
0.26103 0.489374
0.685396 0.172114
0.560261 0.251495
0.392504 0.373526
0.518659 0.279821
0.208284 0.543624
0.111373 0.666276
0.970796 0.0147108
0.890852 0.0561515
0.53673 0.267382
0.722985 0.149715
0.22956 0.520935
0.191465 0.562483
0.420076 0.351868
0.176388 0.580025
0.357483 0.402144
0.744609 0.137094
0.371788 0.390279
0.24198 0.508488
0.420076 0.351868
0.700745 0.162896
0.645798 0.196385
0.763634 0.12614
0.779801 0.116937
0.645798 0.196385
0.999997 2.42493e-06
0.798307 0.10652
0.798307 0.10652
0.999997 2.48569e-06
0.722985 0.149716
0.798307 0.10652
0.910799 0.0456432
0.951839 0.0243786
0.999997 2.52998e-06
0.722985 0.149716
0.798307 0.10652
0.951839 0.0243787
0.999997 2.5555e-06
0.798307 0.10652
0.951839 0.0243787
0.999997 2.57772e-06
0.798307 0.10652
0.951839 0.0243787
0.999997 2.58254e-06
0.798307 0.10652
0.951839 0.0243789
0.999997 2.59697e-06
0.798307 0.106521
0.951839 0.0243789
0.999997 2.59986e-06
0.798307 0.106521
0.999997 2.6287e-06
0.798307 0.106521
0.999997 2.63202e-06
0.798307 0.106521
0.999997 2.64825e-06
0.798307 0.106521
0.999997 2.65261e-06
0.798307 0.106521
0.999997 2.67263e-06
0.798307 0.106521
0.999997 2.68658e-06
0.798307 0.106521
0.999997 2.69233e-06
0.798307 0.106521
0.999997 2.72659e-06
0.798307 0.106521
0.999997 2.78528e-06
0.798307 0.106521
0.999997 2.79223e-06
0.798307 0.106521
0.999997 2.79943e-06
0.999997 2.79995e-06
0.999997 2.80634e-06
0.999997 2.81874e-06
0.999997 2.8437e-06
