129083 450.074
1 1.11022e-16
0 1
0 1
0.548768 0.25922
0.513363 0.284533
0.166065 0.592491
0.128117 0.642065
0.0274858 0.834212
0.794992 0.108399
0.0169749 0.869715
0.929768 0.0357552
0.0398216 0.801058
0.144132 0.621955
0.716494 0.153745
0.23005 0.520364
0.408617 0.360769
0.0504356 0.775469
0.423185 0.349527
0.0126544 0.89134
0.895134 0.0538863
0.14942 0.613492
0.388025 0.377095
0.469124 0.315095
0.500744 0.292368
0.000647734 0.97455
0.24531 0.504713
0.841496 0.0826692
0.686139 0.172049
0.0681139 0.739023
0.776815 0.118638
0.29446 0.457609
0.398577 0.368672
0.358317 0.401432
0.0968764 0.690167
0.587661 0.23341
0.0756314 0.725031
0.0878413 0.704985
0.614898 0.216866
0.109876 0.668596
0.90776 0.0472371
0.561474 0.250684
0.48188 0.307403
0.852956 0.076444
0.630628 0.205892
0.489209 0.300573
0.214552 0.536802
0.43316 0.341851
0.378005 0.389269
0.203288 0.549153
0.733832 0.145148
0.324359 0.430475
0.00354875 0.940508
0.195086 0.55837
0.369761 0.391921
0.303334 0.44948
0.746644 0.135982
0.825537 0.0916368
0.121528 0.651486
0.236977 0.5132
0.64889 0.194471
0.0347029 0.813726
0.601101 0.224765
0.659162 0.188112
0.00923041 0.904077
0.578915 0.239139
0.282996 0.468027
0.702337 0.164969
0.00659106 0.922497
0.67646 0.177531
0.349809 0.408575
0.990412 0.00480686
0.668252 0.182536
0.807818 0.101213
0.268991 0.481357
0.75689 0.130012
0.972683 0.0137891
0.981391 0.00934853
0.94717 0.0267816
0.0543924 0.767432
0.102627 0.679647
0.00145023 0.961945
0.703719 0.161121
0.314377 0.439308
0.183387 0.571823
0.828065 0.0900769
0.96032 0.0200411
0.259943 0.490186
0.446601 0.331771
0.869845 0.0706121
0.0217459 0.852554
0.0222631 0.850802
0.331859 0.424183
0.87967 0.0620931
0.0886522 0.702275
0.213958 0.537444
0.175092 0.581561
0.00242819 0.95075
0.443718 0.336921
0.343062 0.414306
0.863751 0.0706179
