1006055 570.017
1.54508e-08 1.33694
1.54508e-08 1.33694
0.834068 0.133322
0.0587517 0.822052
0.644455 0.28271
3.07321e-07 1.09898
0.669207 0.220337
0.797612 0.169193
0.539263 0.306115
0.103618 0.73885
0.43153 0.385941
0.644455 0.28271
0.058749 0.949549
3.07321e-07 1.09898
0.539263 0.306115
0.259635 0.536579
0.310237 0.49346
0.152077 0.661227
0.204576 0.622365
0.225877 0.571921
0.00517507 1.00878
0.669207 0.220337
0.539263 0.306115
0.669198 0.223496
0.406042 0.43882
0.36542 0.474541
0.310237 0.487683
0.36542 0.474541
0.539263 0.306115
1.54508e-08 1.33694
0.797612 0.169193
0.36542 0.474541
0.36542 0.474541
0.152077 0.661227
0.152074 0.714311
0.118909 0.714481
0.152074 0.714311
0.118909 0.714481
0.00518476 0.989189
0.36542 0.474541
0.406042 0.43882
0.225877 0.571921
0.539273 0.306073
0.669207 0.220337
0.310237 0.49346
0.00517507 1.00878
0.36542 0.474541
0.152074 0.714311
0.152074 0.714311
0.539263 0.306115
0.539273 0.306073
0.00518476 0.989189
0.669207 0.220337
1.54508e-08 1.33694
0.539273 0.306073
0.259635 0.536579
0.406042 0.43882
3.07321e-07 1.09898
0.204576 0.622365
0.310237 0.49346
1.54508e-08 1.33694
0.43153 0.385941
0.797612 0.169193
0.225877 0.571921
0.669198 0.223496
0.669207 0.220337
0.152074 0.714311
0.225877 0.571921
0.406042 0.43882
0.0587517 0.822052
0.834068 0.133322
0.058749 0.949549
0.43153 0.385941
0.797612 0.169193
0.406042 0.43882
0.36542 0.474541
1.54508e-08 1.33694
0.118909 0.714481
0.539263 0.306115
0.225877 0.571921
0.310237 0.487683
0.152074 0.714311
0.539263 0.306115
0.00518476 0.989189
0.669207 0.220337
1.54508e-08 1.33694
0.539273 0.306073
0.406042 0.43882
0.797612 0.169193
0.669198 0.223496
1.54508e-08 1.33694
0.43153 0.385941
0.225877 0.571921
0.669207 0.220337
0.152074 0.714311
0.225877 0.571921
0.406042 0.43882
0.225877 0.571921
0.834068 0.133322
0.204576 0.622365
