160691 230.016
8.14806e-05 0.991088
0.999986 7.22396e-06
0.462409 0.537175
0.747214 0.436418
0.483931 0.412212
0.872825 0.0780525
0.0517341 1.20052
0.213773 0.63386
0.844024 0.163995
0.838022 0.284055
0.812156 0.1603
0.297761 0.577284
0.180447 0.857745
0.796494 0.245964
0.346765 0.746551
0.929405 0.246291
0.638989 0.263086
0.81416 0.353388
0.72123 0.292958
0.342391 0.554394
0.342391 0.554394
0.455245 0.513046
0.874273 0.268109
0.36764 0.629184
0.815009 0.257871
0.455245 0.513046
0.812968 0.255282
0.975101 0.185657
0.949505 0.239711
0.747214 0.436418
0.250224 0.613511
0.746472 0.237741
4.02433e-05 1.01447
0.0647081 1.20278
0.975101 0.185657
0.949505 0.239711
0.548951 0.428524
0.135596 0.78829
0.280035 0.761439
0.838077 0.38789
0.515475 0.464777
0.135596 0.78829
0.280035 0.761439
0.838077 0.38789
0.334944 0.677668
0.680864 0.337644
0.92522 0.266764
0.825958 0.146775
0.538177 0.357196
0.92522 0.266764
0.488532 0.505658
0.297761 0.577284
0.999991 0.0967819
0.0647081 1.20278
0.250224 0.613511
0.161197 0.737975
0.802202 0.41489
0.107124 0.987216
0.638989 0.263086
0.999991 0.0967819
0.413414 0.572009
0.346765 0.746551
0.504128 0.507818
0.796494 0.245964
0.107124 0.987216
0.802202 0.41489
0.29607 0.821077
0.188448 0.738636
0.712847 0.261667
0.929405 0.246291
0.018792 1.1092
0.764424 0.200714
0.825958 0.146775
0.656351 0.487974
0.0828611 0.827017
0.939808 0.171956
0.919413 0.24789
0.515475 0.464777
4.02433e-05 1.01447
0.0828611 0.827017
0.0388612 1.02021
0.161197 0.737975
0.348952 0.860736
0.018792 1.1092
0.697144 0.322413
0.853563 0.321889
0.64238 0.325724
0.462409 0.537175
5.42753e-05 1.01549
0.746472 0.237741
0.908792 0.286629
0.348952 0.860736
0.853563 0.321889
0.712847 0.261667
0.0517341 1.20052
0.844024 0.163995
0.939808 0.171956
0.0549599 1.00704
0.64238 0.325724
0.812156 0.1603
