19465 40.0046
0 1
1 6.55032e-14
0 1
0.497634 0.294926
0.177488 0.58068
0.314707 0.439012
0.107569 0.672026
0.472619 0.312536
0.567106 0.246948
0.0169988 0.869621
0.218191 0.532892
0.59494 0.22874
0.121834 0.650955
0.518049 0.280244
0.326267 0.428802
0.000803636 0.971663
0.19952 0.553333
0.0315012 0.822514
0.581075 0.237717
0.2936 0.458152
0.381608 0.382255
0.0549533 0.76558
0.365105 0.395761
0.0221519 0.851196
0.697635 0.164754
0.812762 0.102303
0.261773 0.488458
0.61307 0.217012
0.911897 0.0451858
0.825919 0.0913011
0.0976575 0.687498
0.994697 0.002655
0.767892 0.123706
0.00335092 0.942126
0.200086 0.552699
0.280186 0.470762
0.548496 0.259395
0.0268106 0.836261
0.144081 0.62042
0.0625738 0.749854
0.754167 0.131572
0.341961 0.415263
0.271445 0.479225
0.237139 0.513113
0.464867 0.318198
0.0113165 0.893621
0.0103499 0.898266
0.890524 0.0563374
0.95677 0.0218541
0.725103 0.148471
0.645283 0.196705
0.972859 0.0136641
0.0395257 0.80119
0.871279 0.0665768
0.409213 0.360303
0.443773 0.333837
0.637059 0.206606
0.138816 0.62742
0.741522 0.138883
0.00590555 0.923152
0.0772053 0.722142
0.431668 0.342986
0.419415 0.352377
0.401254 0.366554
0.250052 0.499948
0.0931893 0.69848
0.889715 0.0576113
0.544247 0.262269
0.849842 0.0781314
0.681485 0.17448
0.783161 0.115043
0.000228679 0.989697
0.950591 0.0250177
0.660669 0.187185
0.530979 0.271317
0.0745027 0.727048
0.165862 0.592739
0.671346 0.180643
0.155114 0.606155
0.291349 0.460242
0.451847 0.327804
0.0855967 0.707431
0.720645 0.151092
0.9303 0.0371523
0.357725 0.401906
0.0483262 0.780168
0.972859 0.0136641
0.797971 0.106708
0.155624 0.605646
0.779303 0.117226
0.130629 0.638573
0.167683 0.590509
0.0462792 0.787534
0.620717 0.212144
0.228766 0.521714
0.351857 0.40695
0.52786 0.27346
0.427102 0.347863
0.856664 0.07459
0.128787 0.641131
