390466 590.064
0.992888 0.00818028
0.992888 0.00818028
1.63064e-16 1.00293
1.63064e-16 1.00293
0.902387 0.0993754
0.739479 0.144509
0.136165 0.635782
0.0993488 0.691398
0.374807 0.392109
0.0143019 0.88701
0.969324 0.0191903
0.70187 0.164348
0.342576 0.418306
0.422453 0.356261
0.194737 0.564524
0.286071 0.470505
0.170374 0.591966
0.022687 0.853804
0.627537 0.21523
0.534348 0.271725
0.453205 0.331406
0.0349995 0.817452
0.562188 0.252042
0.00490606 0.93582
0.663416 0.189976
0.398744 0.373593
0.739479 0.144509
0.470155 0.317027
0.943337 0.0563218
0.152756 0.613772
0.586362 0.23752
0.323113 0.437508
0.00215514 0.961123
0.304184 0.452568
0.943337 0.0563218
0.498775 0.298253
0.214384 0.541992
0.680391 0.182519
0.607322 0.223741
0.0573124 0.766055
0.509951 0.287834
0.0660589 0.747797
0.257231 0.498115
0.238332 0.518578
0.227285 0.529199
0.0778305 0.72567
0.0901903 0.703819
0.255071 0.498841
0.0460056 0.790446
0.0460056 0.790446
0.0825637 0.718965
0.257231 0.499066
0.0460056 0.793563
0.238332 0.519115
0.0825637 0.720461
0.0660589 0.750409
0.0778305 0.726364
0.255071 0.499641
0.257231 0.499524
0.0460056 0.794683
0.0825637 0.721541
0.255071 0.499726
0.0660589 0.751457
0.0778305 0.72668
0.255071 0.499863
0.0778305 0.727251
0.255071 0.500168
0.0778305 0.728185
0.255071 0.500176
0.0778305 0.728222
0.255071 0.500251
0.0778305 0.728491
0.255071 0.500415
0.0778305 0.729455
0.255071 0.500684
0.255071 0.500825
0.255071 0.500918
0.255071 0.500918
0.255071 0.500951
0.255071 0.501
0.255071 0.501082
0.255071 0.501126
0.255071 0.501149
0.255071 0.501151
0.255071 0.501156
0.255071 0.501176
0.255071 0.501332
0.255071 0.501393
0.255071 0.501421
0.255071 0.501499
0.255071 0.50159
0.255071 0.501628
0.255071 0.501637
0.255071 0.501715
0.255071 0.501726
0.255071 0.5019
0.255071 0.501939
0.255071 0.502024
0.255071 0.50222
0.255071 0.50247
