86728 260.06
0.999755 0.00193523
0.999755 0.00193523
2.77556e-16 1.00195
2.77556e-16 1.00195
0.560392 0.299783
0.375975 0.389756
0.375975 0.389756
0.577122 0.242972
0.307762 0.448124
0.280601 0.473324
0.253165 0.501332
0.234436 0.533191
0.168253 0.592211
0.147609 0.618607
0.788871 0.113966
0.0383912 0.806588
0.337173 0.421654
0.76302 0.128095
0.599151 0.228386
0.128013 0.644914
0.821604 0.0954384
0.883484 0.0623267
0.627425 0.211426
0.191822 0.565642
0.203908 0.55213
0.956129 0.0238032
0.028129 0.836024
0.353886 0.407529
0.107458 0.676307
0.863202 0.0727417
0.913497 0.0457506
0.0875038 0.707199
0.97548 0.0140188
0.700115 0.164901
0.00339676 0.945673
0.927728 0.0383832
0.838995 0.0860613
0.735082 0.144219
0.648986 0.201864
0.700115 0.164901
0.000342842 0.985789
0.0206576 0.859797
0.648986 0.201864
0.723723 0.151151
0.014984 0.881523
0.00984155 0.904062
0.0703588 0.737833
0.114279 0.665339
0.00585286 0.92663
0.082364 0.717355
0.0631261 0.75203
0.0534124 0.77256
0.0566643 0.764997
0.0534124 0.77256
0.0875038 0.707496
0.00585286 0.926951
0.0383912 0.807146
0.00984155 0.904406
0.0534124 0.772929
0.0703588 0.739643
0.082364 0.717461
0.0631261 0.752069
0.0566643 0.765148
0.0875038 0.709221
0.00585286 0.927291
0.0383912 0.807602
0.00984155 0.904543
0.0534124 0.77511
0.0703588 0.73975
0.0836701 0.718221
0.0631261 0.752441
0.0566643 0.765748
0.0875038 0.710469
0.00585286 0.927376
0.0383912 0.807778
0.0631261 0.752604
0.0534124 0.775138
0.0566643 0.765867
0.0875038 0.71167
0.0383912 0.807916
0.0631261 0.752919
0.0566643 0.765974
0.0631261 0.752954
0.0383912 0.807972
0.0566643 0.766314
0.0631261 0.753276
0.0383912 0.807977
0.0566643 0.767231
0.0631261 0.753351
0.0383912 0.808004
0.0566643 0.767542
0.0631261 0.753385
0.0383912 0.808039
0.0566643 0.767655
0.0566643 0.768546
0.0383912 0.80831
0.0383912 0.808591
0.0383912 0.808637
0.0383912 0.808945
0.0383912 0.811608
