663638 360.01
0.83137 0.145874
1.14749e-09 1.62333
1.14749e-09 1.62333
0.581354 0.284543
0.760912 0.281276
1.25411e-08 1.34051
0.33454 0.477518
0.126906 0.708219
0.219071 0.645789
0.219078 0.592408
0.33454 0.477518
0.43255 0.39556
1.25411e-08 1.34051
4.09382e-08 1.1371
0.569671 0.330943
0.43255 0.39556
5.34577e-06 1.07618
0.0184091 0.937727
0.831355 0.20473
0.760918 0.241576
0.0708551 0.801655
0.504694 0.37896
0.43255 0.39556
0.0971716 0.778893
0.126906 0.708219
0.0184091 0.937727
0.0349788 0.883837
0.0184091 0.937727
0.0708551 0.801655
0.328585 0.507754
0.328575 0.574877
0.0971716 0.778893
5.34577e-06 1.07618
4.09382e-08 1.1371
0.83137 0.145874
4.09382e-08 1.1371
0.0349788 0.883837
0.219078 0.592408
0.219078 0.592408
0.58135 0.288867
0.328575 0.574877
0.33454 0.477518
0.581354 0.284543
0.760918 0.241576
0.328575 0.574877
0.504702 0.343013
0.0349788 0.883837
0.58135 0.288867
0.43255 0.39556
0.328575 0.574877
0.831365 0.20106
0.581354 0.284543
0.569671 0.330943
0.0349788 0.883837
0.760918 0.241576
5.34577e-06 1.07618
1.14749e-09 1.62333
0.43255 0.39556
0.760912 0.281276
0.0184091 0.937727
0.83137 0.145874
0.504702 0.343013
0.504702 0.343013
0.43255 0.39556
1.14749e-09 1.62333
0.831365 0.20106
0.760918 0.241576
0.43255 0.39556
0.0971716 0.778893
0.0349788 0.883837
0.83137 0.145874
0.760918 0.241576
0.328585 0.507754
0.581354 0.284543
0.0184091 0.937727
0.43255 0.39556
0.126906 0.708219
0.0184091 0.937727
0.0708551 0.801655
0.0971716 0.778893
0.83137 0.145874
4.09382e-08 1.1371
0.0349788 0.883837
0.219078 0.592408
1.25411e-08 1.34051
0.58135 0.288867
0.33454 0.477518
0.581354 0.284543
0.760918 0.241576
0.0349788 0.883837
0.43255 0.39556
0.831365 0.20106
0.581354 0.284543
1.14749e-09 1.62333
0.760912 0.281276
0.504702 0.343013
0.43255 0.39556
0.760918 0.241576
0.43255 0.39556
0.219071 0.645789
