9748 20.0036
0 1
1 7.55851e-12
0.670506 0.181157
0.590149 0.231788
0.610312 0.218776
0.641394 0.19913
0.00341448 0.941567
0.260076 0.490195
0.269197 0.481159
0.98148 0.00940321
0.712193 0.156085
0.878668 0.062627
0.105161 0.677835
0.512577 0.284055
0.371682 0.390343
0.481624 0.306009
0.114169 0.662111
0.73438 0.14304
0.574959 0.241739
0.967616 0.0163383
0.137802 0.628784
0.304828 0.447888
0.054978 0.765697
0.287231 0.464061
0.855131 0.0752729
0.763116 0.126439
0.128432 0.641627
0.445688 0.332401
0.229555 0.520881
0.817852 0.0956481
0.557531 0.25332
0.218521 0.539051
0.723604 0.149351
0.285404 0.465768
0.351401 0.407234
0.404631 0.364528
0.679868 0.175459
0.166787 0.591604
0.498472 0.293975
0.0137241 0.885232
0.693522 0.16722
0.0491836 0.784911
0.00621703 0.9236
0.175954 0.580532
0.243927 0.506111
0.832398 0.087643
0.000321504 0.982213
0.914126 0.0439084
0.52742 0.273772
0.0212244 0.854616
0.203263 0.549294
0.0961914 0.689853
0.331242 0.424464
0.000983972 0.968633
0.0374098 0.806759
0.945241 0.0277822
0.435675 0.339943
0.793069 0.109462
0.471304 0.313485
0.155964 0.605099
0.00753219 0.913212
0.243927 0.506111
0.543067 0.263069
0.428738 0.345219
0.323841 0.43154
0.418661 0.353214
0.625228 0.212033
0.074684 0.726716
0.017674 0.867083
0.0448957 0.788284
0.0809514 0.71548
0.456622 0.324262
0.800906 0.105067
0.399177 0.368195
0.383518 0.380713
0.840232 0.0833629
0.749703 0.134281
0.77357 0.120487
0.316586 0.43736
0.160851 0.598937
0.359617 0.400337
0.638339 0.201039
0.0638532 0.7475
0.62823 0.210192
0.501166 0.292069
0.954539 0.022995
0.149399 0.61714
0.145705 0.618436
0.854477 0.0756264
0.922558 0.0395016
0.0103676 0.898552
0.0589201 0.757265
0.781881 0.11576
0.0705033 0.734486
0.220154 0.530795
0.691523 0.168421
0.0255339 0.840207
0.932222 0.0344837
0.390203 0.375338
0.339717 0.417148
