0 0.000334797
0.277213 4.2229
0.571739 4.41151
0.742743 2.98347
0.452126 4.38926
0.62969 3.08129
0.717125 2.37345
0.462692 4.22323
0.244405 5.10532
0.0017281 4.77909
0.325616 4.48167
0.6275 3.407
0.257023 4.84303
0.924617 3.30164
0.021851 4.74542
0.856702 2.34737
0.862275 3.6439
0.752156 3.19777
0.326922 4.29077
0.927287 3.04166
0.424149 3.90479
0.0250987 4.86876
0.180289 4.05197
0.800093 3.31934
0.388215 3.64986
0.439708 4.24687
0.22031 3.81526
0.282727 4.16521
0.102398 4.35604
0.996748 3.48155
0.609275 3.12565
0.61264 3.81733
0.669551 3.43454
0.0659596 4.91574
0.0790672 5.47045
0.765949 3.66807
0.190299 4.9131
0.369942 4.31582
0.90096 3.59111
0.621163 3.50289
0.419819 3.97278
0.050024 5.13815
0.222531 4.94913
0.967531 3.22716
0.173006 5.3074
0.708354 3.18134
0.242649 4.06175
0.802402 3.36583
0.955296 2.95036
0.160078 4.84281
0.277954 3.39465
0.601342 4.0472
0.0319398 4.53407
0.743333 3.12347
0.695954 3.69309
0.175351 4.22765
0.888073 3.6669
0.832343 2.9472
0.355249 4.36115
0.960558 2.59036
0.49416 3.85809
0.422411 4.01696
0.566953 3.9087
0.952682 3.59409
0.594395 3.74293
0.0498552 5.1914
0.87716 3.55193
0.179935 4.69359
0.796772 3.45243
0.941548 4.15985
0.639838 3.32971
0.48319 4.60507
0.706033 3.6015
0.18553 4.90727
0.337203 3.99587
0.0678625 4.97934
0.95055 3.47019
0.996209 3.44513
0.396818 4.63741
0.9915 4.08777
0.294092 4.10418
0.204853 4.11578
0.459652 3.34434
0.419236 3.88353
0.480167 3.55703
0.00480386 5.53545
0.748697 3.50464
0.279895 3.87952
0.905637 3.40207
0.673596 3.62476
0.456509 3.81424
0.570769 3.22899
0.704628 2.93317
0.977151 3.01946
0.97353 3.72194
0.917153 3.35982
0.0467915 4.0639
0.512723 3.54461
0.658655 3.31625
0.747769 3.2744
0.883822 3.29108
