24134 80.0135
0 1.00042
1 0.00317655
0.641908 0.201883
0.288042 0.464628
0.5 0.293944
0.327939 0.437864
0.908919 0.0493719
0.128563 0.650175
0.599854 0.227093
0.364951 0.397805
0.635604 0.203219
0.537532 0.273964
0.134687 0.645796
0.627218 0.224588
0.620975 0.214446
0.25836 0.493477
0.52352 0.282376
1 0.00209236
0 1.00112
0 1.01219
1 0.00361657
1 0.00135349
0.677657 0.177262
0.5 0.294688
0.278289 0.474312
0.897655 0.0564208
1 0.00102231
0.955155 0.0240913
0.5 0.294873
0.571271 0.246243
0.713743 0.156987
0.224322 0.533805
0 1.00155
0.270732 0.482755
0.41492 0.35767
1 0.000405398
0.566815 0.249387
0 1.00074
0.392249 0.384496
0.579999 0.240335
0.12762 0.642861
0.15981 0.604266
0.467262 0.319979
0.886508 0.0596115
0 1.01753
0.281551 0.471729
0.5 0.295689
0.174584 0.588058
0.065072 0.749915
1 0.0041326
0.17246 0.58867
0.846422 0.0874753
0.398696 0.373311
0.25191 0.503671
0.671279 0.184055
0 1.00632
0.0389949 0.815019
0.5 0.293681
0.5 0.300426
0.239459 0.513181
0.581952 0.243302
1 0.00217563
0.194476 0.559722
0.737428 0.14455
0.695831 0.173773
1 0.0049113
0.5 0.294752
0.271841 0.484821
0.903831 0.05149
0.0694043 0.738232
0.869511 0.072462
0.410669 0.361436
0.275218 0.484036
0.180793 0.587988
0.34258 0.423365
0.674137 0.181495
0.0785459 0.729624
0 1.00398
0.515426 0.285346
0.150743 0.623074
0.76337 0.12721
0 1.00737
0.549082 0.263489
0 1.00316
0.5 0.297618
0 1.01811
0.375191 0.390616
0.215823 0.539299
0.991597 0.00899619
0.436527 0.342182
1 0.00820132
0.5 0.295349
0.415628 0.359813
0.731337 0.150244
0.38491 0.380274
0.782338 0.119298
0.907117 0.0512842
0.0407548 0.80204
1 0.00569337
0.35007 0.410166
