41 0.0969999
0.5 2.39466
0.750165 1.77752
0 1.97176
0.902447 1.61948
0.651153 2.03008
0.531623 2.09433
0.287234 1.96469
0.643546 1.9043
0.61671 2.02336
1 1.74655
0.531691 2.40884
0.449129 1.95692
0.497307 2.34608
0.282322 2.55711
1 1.55191
0.5 2.13451
0 2.35823
0.792625 1.91856
0.26246 2.1869
0.803526 2.31216
0.873031 2.20533
0.377212 2.13394
0.493711 1.93108
0.443537 2.26456
0.795736 2.3038
0.114981 2.10655
0.5 2.74406
0.703704 2.1391
0 2.26188
0.5 2.02391
1 1.86285
1 1.78476
0.755078 2.23143
0.676565 2.24648
0.0688832 1.86925
0.0935361 2.70975
0.34957 2.57976
0 2.67056
1 1.77439
0.756088 2.19662
0.542624 2.72451
0.410409 2.12863
0 2.73173
1 2.18631
0.750016 2.33383
0.40448 2.59402
0.145427 2.27007
0.294084 2.9128
0.816398 1.86644
0.5 2.89922
0.112655 1.69988
1 1.57494
0.434998 2.02463
0.626969 2.76474
0.41411 1.80146
0.398082 2.48012
0.699111 2.31152
0.00657065 2.10311
0.268917 2.37199
0.513613 2.32533
0.531769 2.26221
0.5 2.40742
0.86176 2.20386
0.849369 1.7926
0.0578366 2.02515
0.928082 1.93651
0.924759 2.20605
0.869476 2.05754
0.872684 1.99351
0.160368 1.96277
0.4431 2.64067
0.508924 2.53222
0.824646 2.16495
0.923923 1.86692
0.541675 2.40783
0.69845 2.12221
0.426825 2.37314
0.962157 2.088
0.5 2.09358
0 2.49083
0.511585 2.3811
0.917936 2.18943
0.719763 2.13496
0.579486 2.20549
0.0669161 2.43624
0.5 1.87369
0.361148 2.44376
0.544938 2.62121
0.147689 2.6484
0.324877 2.55494
0.780492 2.0195
0.406392 2.22106
0 2.44623
0.467559 2.07984
0.177293 2.52688
0.942146 2.2871
0.171158 2.80688
0.957441 1.92402
0.5 3.16531
0.557675 2.2957
