167103 330.032
0 1
1 4.44089e-16
0 1
0.589595 0.652378
0.863288 0.254733
0.12277 0.984942
0.61373 0.623366
0.100582 0.989883
0.961007 0.0764909
0.339395 0.884811
0.581508 0.661849
0.316584 0.899775
0.881025 0.223812
0.51911 0.730526
0.971121 0.0573775
0.851493 0.274969
0.153113 0.976556
0.713007 0.491622
0.227369 0.94839
0.702009 0.507183
0.565947 0.680975
0.26697 0.928728
0.0210744 0.999777
0.773746 0.40132
0.828857 0.316516
0.83904 0.296392
0.950967 0.0956623
0.891726 0.204824
0.738167 0.456501
0.640291 0.590028
0.0414078 0.998286
0.439384 0.806944
0.80844 0.346435
0.0718658 0.994836
0.502389 0.747606
0.251425 0.936786
0.946924 0.104147
0.481661 0.768011
0.349215 0.878049
0.468578 0.780435
0.977429 0.0446472
0.678162 0.540096
0.361568 0.869269
0.241736 0.941612
0.55535 0.691589
0.925585 0.143292
0.684989 0.531043
0.936052 0.123812
0.536605 0.712108
0.781989 0.388496
0.17179 0.970496
0.983572 0.0326363
0.856307 0.266757
0.988543 0.0232449
0.46247 0.786123
0.188789 0.964359
0.721101 0.480014
0.646208 0.582415
0.397148 0.842289
0.937858 0.120621
0.835889 0.301294
0.818446 0.330148
0.628798 0.604632
0.207288 0.957032
0.308059 0.905113
0.653809 0.572535
0.280196 0.92149
0.728897 0.468709
0.0575054 0.996693
0.210132 0.956077
0.658924 0.565819
0.994401 0.0115885
0.795335 0.367442
0.429369 0.823106
0.884099 0.218386
0.430505 0.814666
0.544098 0.704259
0.898557 0.192595
0.749032 0.444224
0.384032 0.85252
0.159112 0.974684
0.917525 0.15819
0.285691 0.918381
0.488021 0.761836
0.755111 0.429808
0.373304 0.860644
0.819957 0.327675
0.66942 0.551877
0.451451 0.796192
0.91072 0.170588
0.387391 0.849928
0.745091 0.444901
0.18811 0.969418
0.923689 0.146799
0.41645 0.827625
0.692999 0.519752
0.404537 0.836351
0.765361 0.41424
0.493938 0.756025
0.694322 0.517917
