70817 140.009
1 0
0 1
0 1
0.315834 0.90025
0.765663 0.413762
0.357299 0.872664
0.749646 0.43803
0.868041 0.246505
0.933898 0.129077
0.916279 0.160433
0.252171 0.936414
0.396318 0.842933
0.669674 0.551538
0.431972 0.813401
0.840276 0.293995
0.883419 0.219571
0.170505 0.970928
0.860662 0.25937
0.960726 0.0770077
0.683278 0.533133
0.984241 0.0312733
0.607148 0.631378
0.457177 0.790991
0.467809 0.781171
0.149986 0.977545
0.719061 0.482951
0.0694368 0.995182
0.589781 0.652158
0.973234 0.0528168
0.186604 0.966526
0.522098 0.727413
0.662333 0.561314
0.409665 0.832179
0.809267 0.345094
0.949952 0.102383
0.823372 0.32206
0.367078 0.865254
0.620398 0.615106
0.688834 0.525507
0.802049 0.356741
0.778152 0.39448
0.55275 0.694467
0.786868 0.381985
0.278501 0.922437
0.304635 0.907197
0.0420732 0.99823
0.974078 0.0511726
0.90315 0.18432
0.231745 0.946317
0.381936 0.85413
0.94112 0.114294
0.850916 0.275945
0.653279 0.573227
0.579915 0.663699
0.478482 0.771055
0.139263 0.980606
0.740379 0.451851
0.516002 0.733742
0.954086 0.0897264
0.417324 0.825845
0.116143 0.986511
0.53469 0.714109
0.292421 0.91449
0.443397 0.803408
0.0399566 0.998404
0.851304 0.275284
0.699007 0.51139
0.446147 0.800953
0.198716 0.960512
0.380214 0.856992
0.573068 0.671598
0.505198 0.74478
0.598171 0.642191
0.0170907 0.999708
0.265244 0.929646
0.728209 0.470155
0.831713 0.308254
0.101742 0.989649
0.649564 0.578089
0.640738 0.593942
0.642423 0.587292
0.793481 0.370392
0.895218 0.198584
0.709094 0.497186
0.0776317 0.993973
0.698178 0.512576
0.711518 0.493742
0.204462 0.958195
0.989078 0.0217257
0.482893 0.766815
0.563899 0.682018
0.547708 0.700016
0.623334 0.611455
0.995969 0.00805384
0.4955 0.754528
0.832898 0.306287
0.219596 0.951778
0.816949 0.33378
0.795951 0.366464
0.941094 0.123502
