579947 580.028
2.30329e-09 1.52262
2.30329e-09 1.52262
8.62741e-08 1.21557
9.63617e-07 1.03876
8.62741e-08 1.21557
8.62741e-08 1.21557
0.939766 0.197554
0.158296 1.01651
0.158296 1.01651
0.601365 0.705043
0.756392 0.491285
0.231485 0.98778
0.158296 1.01651
0.667611 0.612277
0.6915 0.579193
0.383469 0.898141
0.383469 0.898141
0.451 0.843577
0.601363 0.712322
0.158296 1.01651
0.383469 0.898141
0.336085 0.932068
0.806786 0.412986
0.840132 0.360731
0.554655 0.74268
0.667611 0.612277
0.756387 0.545117
0.439675 0.854816
0.554653 0.792809
0.806777 0.415087
0.806777 0.415087
0.6915 0.579193
0.439675 0.854816
0.336085 0.932068
0.336085 0.932068
0.549712 0.812133
0.756387 0.544849
0.756392 0.491285
0.840132 0.360731
0.756387 0.545117
0.158296 1.01651
0.229932 0.988778
0.439675 0.854816
0.554653 0.792809
0.331277 0.981691
0.667611 0.612277
0.231485 0.98778
0.806785 0.415057
0.601363 0.712322
0.756387 0.544849
0.756387 0.545117
0.806777 0.415087
2.30329e-09 1.52262
0.383469 0.898141
0.756392 0.491285
0.158296 1.01651
0.756392 0.491285
0.601365 0.705043
0.840132 0.360731
0.231485 0.98778
0.840132 0.360731
0.6915 0.579193
0.939766 0.197554
0.6915 0.579193
0.667611 0.612277
0.667611 0.612277
2.30329e-09 1.52262
0.601365 0.705043
0.756387 0.545117
0.756392 0.491285
0.667611 0.612277
0.158296 1.01651
0.756387 0.545117
0.806777 0.415087
0.6915 0.579193
0.439675 0.854816
0.336085 0.932068
0.756387 0.544849
0.756387 0.545117
0.840132 0.360731
0.806786 0.412986
0.554653 0.792809
0.158296 1.01651
0.667611 0.612277
0.231485 0.98778
0.601363 0.712322
0.756387 0.544849
0.158296 1.01651
0.158296 1.01651
0.756392 0.491285
0.451 0.843577
0.231485 0.98778
0.840132 0.360731
0.6915 0.579193
0.383469 0.898141
0.6915 0.579193
0.667611 0.612277
2.30329e-09 1.52262
0.601365 0.705043
0.756392 0.491285
