82986 290.058
0 1
1 4.44089e-16
0.791959 0.372801
0.372276 0.86141
0.63012 0.602949
0.473415 0.775906
0.209571 0.95608
0.232886 0.945765
0.941058 0.11441
0.8068 0.349113
0.675804 0.543289
0.777167 0.396012
0.485615 0.764178
0.299271 0.910437
0.640492 0.589772
0.734093 0.461108
0.885087 0.216621
0.921132 0.151516
0.604651 0.634397
0.391682 0.846585
0.552177 0.695138
0.350989 0.876808
0.726008 0.472912
0.990622 0.0186692
0.914119 0.164387
0.0174232 0.999697
0.759135 0.423714
0.743172 0.447696
0.312972 0.902049
0.821385 0.325329
0.93271 0.130053
0.765359 0.414225
0.614729 0.622109
0.149489 0.977654
0.864056 0.253408
0.495675 0.754308
0.66162 0.562259
0.696187 0.515324
0.95982 0.0787471
0.649059 0.578723
0.440335 0.806105
0.855139 0.268737
0.429677 0.816258
0.0822586 0.993234
0.928561 0.13778
0.242854 0.941022
0.970476 0.0581771
0.896201 0.196825
0.456681 0.791443
0.167579 0.971918
0.544989 0.702988
0.567192 0.678293
0.584668 0.658163
0.961228 0.0760405
0.972454 0.054334
0.446896 0.800284
0.186942 0.965074
0.717671 0.484949
0.707322 0.499711
0.949697 0.0980768
0.097553 0.990484
0.814039 0.33734
0.0405641 0.998355
0.98106 0.037541
0.904948 0.18107
0.409663 0.832177
0.655081 0.570869
0.525713 0.723656
0.996083 0.00782111
0.272306 0.925849
0.867835 0.246865
0.532508 0.716436
0.0612292 0.996251
0.337449 0.886135
0.173919 0.969773
0.285747 0.918349
0.575979 0.668249
0.399852 0.843463
0.907021 0.177313
0.264915 0.92982
0.134173 0.981998
0.518298 0.731367
0.949312 0.0988068
0.982658 0.0343843
0.117217 0.98626
0.114828 0.986815
0.513407 0.736945
0.835913 0.301249
0.749837 0.437745
0.348763 0.878394
0.896823 0.195709
0.773538 0.402311
0.614206 0.622753
0.333869 0.889801
0.593889 0.647296
0.50283 0.747163
0.595714 0.64513
0.685593 0.531632
0.843243 0.288943
0.850833 0.276088
