83563 120.009
3.76836e-11 1.00013
6.18943e-12 1.00014
2.43531e-11 1.00013
1.65659e-12 1.00014
2.38795e-13 1.00017
1.31655e-12 1.00015
3.81271e-14 1.0002
1.2713e-13 1.00018
6.11657e-17 1.00069
8.98293e-14 1.00019
1.41485e-16 1.00029
9.60128e-16 1.00023
8.99102e-16 1.00023
1.04064e-10 1.00013
5.25758e-11 1.00013
1.59651e-11 1.00014
2.32654e-12 1.00015
1.14365e-11 1.00014
3.5953e-13 1.00018
2.33798e-16 1.00037
1.79937e-12 1.00016
4.15819e-11 1.00014
4.23417e-14 1.00021
1.06547e-13 1.0002
2.70484e-13 1.00019
2.42948e-15 1.00026
2.05544e-13 1.00019
3.41794e-13 1.00019
1.17095e-15 1.00032
2.04582e-14 1.00023
8.09919e-15 1.00025
1.11703e-14 1.00024
1.82006e-13 1.0002
1.54375e-14 1.00024
2.5824e-14 1.00023
1.07792e-10 1.00013
7.19671e-11 1.00013
2.43733e-12 1.00015
5.02759e-11 1.00014
3.97229e-11 1.00014
1.66103e-11 1.00015
4.63487e-13 1.00018
4.44502e-14 1.00021
7.89841e-12 1.00015
1.13222e-12 1.00018
3.81994e-16 1.00239
1.98457e-12 1.00017
1.86844e-13 1.0002
1.64334e-11 1.00015
2.18597e-14 1.00024
5.33512e-16 1.00107
5.78201e-15 1.00026
2.76047e-13 1.0002
3.27028e-13 1.00019
3.90995e-11 1.00015
1.07354e-15 1.00037
3.42764e-15 1.00028
3.96663e-11 1.00015
5.0083e-11 1.00014
4.28963e-13 1.00019
8.7498e-16 1.00047
5.27663e-12 1.00015
1.71921e-13 1.0005
4.52877e-11 1.00115
1.11513e-10 1.00283
8.60673e-11 1.00118
1.95812e-11 1.00235
1.16528e-10 1.00326
8.48146e-11 1.00289
6.91665e-11 1.00144
1.20744e-10 1.00189
5.30339e-11 1.0039
9.87296e-11 1.00186
1.22005e-10 1.00211
1.57567e-10 1.00212
1.34801e-10 1.00228
7.42032e-11 1.00202
1.02786e-10 1.00101
1.3516e-10 1.00203
1.40423e-10 1.00173
6.92797e-11 1.00144
5.02957e-11 1.00142
2.47171e-10 1.00357
1.88985e-11 1.00228
4.55412e-11 1.00174
7.356e-11 1.00249
1.47558e-10 1.00228
7.79974e-11 1.00249
3.50343e-10 1.00165
1.31554e-10 1.00218
3.81624e-11 1.00164
1.60568e-11 1.00245
2.82076e-11 1.00303
6.96141e-11 1.00192
1.22489e-10 1.00098
1.31549e-12 1.00181
2.58864e-11 1.00153
3.42685e-11 1.0014
4.18726e-11 1.0022
8.46789e-11 1.0012
