43 0.101918
0.200807 2.08106
0.5 1.8777
0.220116 2.03673
0 2.05815
0.5 1.87423
1 1.59473
0.0370201 2.08645
0.5 2.07048
0.576413 2.12012
0 2.06267
0.0840859 2.29412
0 2.01795
0.409689 2.08354
0 2.46177
0 1.9692
0.702743 2.67323
0.687486 1.86092
0.0358474 2.06581
0.346595 2.27516
1 1.91671
0.0824164 2.40241
0.391427 2.27355
0 2.32381
1 2.51289
0.0219804 2.16217
0 2.35599
0 2.15985
0.106762 2.63861
0.133926 1.98071
0.708591 1.81284
0 2.59428
0.950431 2.2103
0.275639 2.12177
0.317359 2.6417
1 1.98615
0 2.12528
0.893325 1.85967
0 2.38551
0.608743 2.15812
0.606739 2.25918
0 2.2547
0.897693 1.94178
0.140563 2.17024
0.0695502 2.28118
0.3821 2.58045
0.955794 2.0007
0.552063 2.17028
0.178683 2.23906
0.440701 2.20845
1 2.00317
0.407918 2.11486
0.34127 2.64494
0.311223 2.36191
0.22568 2.10242
0.564551 2.1197
1 1.93823
0.936758 2.09153
0.219968 2.08697
0.565802 2.55621
1 1.97381
0.15936 2.87455
0.5 2.43765
0.246602 2.39515
0.161455 2.65647
0 2.29587
0.6182 2.30386
0.413558 2.91804
0 2.18245
0.175768 2.56701
0.73982 1.83938
0.917689 1.97281
0 2.3127
0.522344 2.35235
0 2.24533
0.597913 2.20421
0.308413 2.57032
0.641459 2.74883
0.476915 1.95475
0.675641 2.48965
0.99298 2.55841
0.00945032 2.35627
0.750524 2.3406
0.00998398 2.44874
0.817013 2.32514
0.269504 2.09077
0 1.93495
0.0113532 2.36625
0.137286 2.0571
1 2.08991
0.144247 2.5995
0.127455 2.47779
0.419945 2.29552
0.810158 2.05791
0.552167 2.67064
0.477238 1.89397
0.220365 2.56643
0 2.05456
0 2.39162
0.900742 1.80429
0.123955 2.05144
