230868 330.024
1.86582e-15 1
1.1867e-15 1
2.22402e-16 1.00001
6.01283e-19 1.00001
7.57319e-16 1.00001
4.47096e-16 1.00001
1.12327e-16 1.00001
1.11275e-15 1
8.5025e-17 1.00001
5.23744e-17 1.00001
1.77016e-17 1.00001
2.02011e-23 1.00005
1.90529e-19 1.00001
1.40992e-20 1.00001
1.38776e-19 1.00001
2.41073e-22 1.00002
5.59431e-19 1.00001
1.38601e-21 1.00001
5.43986e-21 1.00001
9.36515e-23 1.00004
8.06592e-21 1.00001
4.25444e-21 1.00001
2.23296e-15 1
4.71742e-16 1.00001
8.55353e-17 1.00001
3.15163e-22 1.00004
1.24801e-15 1
2.80672e-16 1.00001
1.60629e-17 1.00001
1.96404e-15 1
1.32007e-15 1
1.07429e-15 1.00001
2.06777e-15 1
1.19213e-15 1.00001
8.71794e-19 1.00001
8.49462e-18 1.00001
5.38381e-17 1.00001
5.57688e-18 1.00001
3.16472e-18 1.00001
2.53094e-19 1.00001
6.363e-19 1.00001
5.0035e-21 1.00002
6.36402e-17 1.00001
8.38392e-21 1.00001
3.28212e-20 1.00001
2.03153e-19 1.00001
6.74101e-20 1.00001
5.70493e-19 1.00001
1.34429e-19 1.00001
1.56736e-20 1.00001
1.62655e-19 1.00001
1.8925e-19 1.00001
3.07468e-20 1.00001
2.18947e-15 1
2.86055e-21 1.00006
9.19738e-17 1.00001
2.78463e-19 1.00001
1.3187e-15 1
2.07077e-17 1.00001
1.48659e-15 1
5.74341e-16 1.00001
6.56777e-16 1.00001
3.20548e-18 1.00001
1.04172e-15 1.00006
8.49461e-16 1.00006
3.11761e-16 1.00008
2.50182e-15 1.00008
2.95247e-15 1.00007
2.66921e-15 1.00006
4.83067e-15 1.00004
3.67412e-15 1.00006
2.833e-15 1.00005
2.74031e-15 1.00004
1.43206e-15 1.00006
4.04226e-15 1.00006
2.1995e-15 1.00006
5.84538e-16 1.00006
3.05933e-15 1.00004
2.84108e-15 1.00005
3.40743e-15 1.00006
5.09628e-15 1.00006
4.79921e-15 1.00007
3.94714e-15 1.00004
9.2841e-16 1.00006
1.12378e-16 1.00007
2.92198e-15 1.00006
3.25528e-15 1.00005
2.59434e-15 1.00005
1.30066e-15 1.00005
2.47402e-15 1.00008
1.14168e-15 1.00004
3.64761e-15 1.00008
4.35004e-15 1.00004
5.80597e-15 1.00005
1.99333e-15 1.00004
3.80237e-15 1.00006
2.20691e-15 1.00007
2.07234e-17 1.00007
2.39575e-15 1.00004
5.50106e-15 1.00004
