618883 550.027
1.57468e-19 1
2.05451e-20 1
3.71955e-20 1
8.06819e-20 1
1.75833e-27 1
1.73734e-22 1
1.43756e-21 1
1.61292e-20 1
1.50283e-19 1
9.14931e-21 1
1.12806e-23 1
4.2953e-23 1
1.20467e-25 1
4.72277e-24 1
6.50418e-25 1
3.24603e-24 1
4.80993e-26 1
1.97277e-26 1
1.61031e-19 1
2.72478e-20 1
1.08795e-19 1
2.33433e-21 1
4.6474e-27 1
2.01207e-20 1
1.04461e-19 1
4.15062e-22 1
1.06812e-20 1
2.65094e-20 1
9.09042e-21 1
1.7571e-21 1
1.06816e-19 1
3.03762e-22 1
1.51152e-20 1
1.65932e-20 1
9.34986e-23 1
2.69123e-25 1
1.62479e-22 1
4.46701e-23 1
1.05478e-23 1
8.33008e-25 1
3.39679e-23 1
5.26011e-24 1
9.1264e-24 1
4.68721e-24 1
3.91943e-24 1
1.72581e-26 1
3.37064e-23 1
8.98839e-23 1
1.35253e-26 1
1.71008e-19 1
1.99186e-26 1
1.23149e-19 1
1.1002e-21 1
3.48454e-20 1
5.85636e-21 1
1.64164e-24 1
1.28264e-20 1
1.52765e-19 1
4.79283e-20 1
5.64204e-20 1
2.14504e-22 1
6.18388e-23 1
2.76717e-20 1
4.78276e-19 1
1.23527e-19 1
2.31974e-19 1
2.29562e-19 1
3.16148e-19 1
5.18954e-19 1
2.86805e-19 1
1.19655e-19 1
1.33544e-19 1
4.17041e-19 1
1.09112e-19 1
3.56863e-19 1
1.0338e-19 1
2.133e-19 1
4.2074e-19 1
3.17546e-19 1
3.08647e-19 1
1.47332e-19 1
6.04061e-20 1
3.99539e-19 1
2.8109e-19 1
3.07499e-19 1
5.54801e-21 1
4.57882e-19 1
4.44572e-20 1
1.3893e-19 1
4.12016e-19 1
4.18569e-19 1
2.68705e-20 1
2.02267e-19 1
5.02694e-20 1
2.80879e-19 1
1.5642e-19 1
1.98549e-19 1
2.65506e-19 1
2.46798e-20 1
2.54319e-19 1
