310226 450.031
9.15037e-05 1
0.999994 1.39283e-05
0.820622 0.581467
1.36123e-05 1.12023
1 0.17392
0.0181483 1.07459
0.968665 0.488611
0.968665 0.488611
0.933399 0.568497
0.997906 0.556713
0.998341 0.444263
0.941582 0.490262
0.855563 0.652834
0.85896 0.642885
0.992722 0.397394
0.98755 0.268899
0.988441 0.446182
0.900519 0.419736
0.781696 0.663856
0.929724 0.336505
3.58077e-05 1.09092
0.891846 0.576918
0.819393 0.757757
0.989477 0.512679
0.563743 0.870333
0.984686 0.404196
0.554965 0.93418
0.978947 0.46622
1 0.23351
0.954969 0.498181
0.50451 0.990722
0.819393 0.757757
0.0260003 1.06788
0.767346 0.690601
0.554965 0.93418
3.87169e-05 1.09934
0.000115041 1.02555
0.195652 1.00885
0.069595 1.0879
0.972628 0.578155
0.989477 0.512679
0.885244 0.596315
0.959987 0.350216
0.99903 0.561777
0.837739 0.765776
0.730986 0.75084
0.978947 0.46622
3.87428e-05 1.03541
0.999992 0.245335
0.963456 0.758205
1 0.17392
0.916269 0.490326
0.0126997 1.11524
0.0309941 1.10092
0.999999 0.109974
0.909462 0.499859
0.891846 0.576918
7.68919e-05 1.03719
3.58077e-05 1.09092
0.98755 0.268899
0.839497 0.669011
1 0.375126
0.781696 0.663856
0.0817668 1.10236
0.647209 0.867675
0.742367 0.794242
0.950257 0.15415
0.293459 0.985408
7.68919e-05 1.03719
0.934221 0.450207
0.950257 0.15415
0.563743 0.870333
0.293459 0.985408
0.959987 0.350216
0.985202 0.30594
0.932523 0.515509
0.647209 0.867675
0.992277 0.535639
0.0126997 1.11524
1 0.23351
1 0.375126
0.83852 0.489813
0.954969 0.498181
0.967261 0.318937
0.000115041 1.02555
3.89138e-05 1.08851
0.93954 0.507805
0.947743 0.564274
0.843928 0.614041
0.0967348 1.04198
0.0632948 1.1154
0.839497 0.669011
0.997906 0.556713
5.51126e-05 1.01157
3.87428e-05 1.03541
0.885244 0.596315
0.843395 0.602275
0.933399 0.568497
0.900519 0.419736
1.62896e-05 1.0108
