44 0.10277
0.858451 2.50829
0.5 2.26971
0.165467 2.30002
0.795312 2.35669
0.442116 2.2606
0.212272 2.41853
0.5 2.21707
0.5 2.2951
0.517253 2.16366
0.488234 2.04442
0.287249 2.25226
0.311938 2.2945
0 2.31126
0.972603 2.34955
0.280892 2.27541
0.14319 2.60334
0.549566 2.87635
0.5 2.25469
0.857571 2.10272
1 2.03646
0.194302 2.30455
0.553049 2.37093
0.277029 2.27382
0.978434 2.26036
0.5 2.20775
0.328847 2.05016
0.778331 2.2255
0.68092 2.06056
0.578652 2.20842
0.659107 2.42898
0.287688 2.26852
0.42167 2.38589
0.000216098 2.18667
0.851463 2.28676
0.38951 2.17475
0.80675 1.67544
0.828667 2.24766
0.303247 2.36277
0.905161 2.1934
0 2.42778
0.844796 2.0756
0.691731 2.31021
0.74513 2.31622
0.493473 2.14461
0.391764 2.1584
0.832407 2.28336
0.812327 2.02612
0.308658 2.38562
0.748491 2.38335
0.274516 2.27442
0.801493 2.11243
0.633508 2.39582
0.5 2.12113
0.208043 2.34128
0.792713 2.56632
0 2.31873
0.378406 2.38723
0.43525 2.46706
0.363341 2.19865
1 2.40677
0.26084 2.22236
0.159024 2.19742
0.890367 2.10426
0.0387988 2.12091
0.862717 2.43534
0.554843 2.30569
0.538005 2.34849
0.433911 2.36198
0.662677 2.21553
0 2.48985
0.679483 2.36062
0.101749 2.40077
0.51404 2.18927
1 2.51264
0.5 2.26743
0.787605 2.25574
1 2.28872
0 2.54201
1 2.22249
0.702205 2.46681
0.662794 2.11576
0.46766 2.25382
0 2.24204
0.171504 2.32332
0.0606003 1.90197
0.973834 2.42867
0.881734 2.01587
0.31161 2.24897
1 2.33731
0.5 2.03374
0.272172 2.42885
0.417961 2.4298
0 2.35352
0.776605 2.83999
0.469561 2.4281
0.784942 1.73879
0.72247 2.37222
0.00297181 2.43067
0.747668 2.29881
0.5 2.10908
