121266 240.029
1.35779e-18 1
1 0
1.35779e-18 1
0.902576 0.185357
0.618112 0.630153
0.252424 0.936282
0.921947 0.150013
0.415991 0.826951
0.630974 0.601872
0.387373 0.850169
0.312256 0.902675
0.83617 0.300836
0.219387 0.951869
0.932825 0.130286
0.892269 0.203857
0.599471 0.640645
0.544921 0.703061
0.0611527 0.99626
0.334364 0.888201
0.848582 0.286673
0.53261 0.716536
0.66548 0.557138
0.649953 0.577818
0.641392 0.597555
0.699095 0.511266
0.825529 0.318505
0.466832 0.782309
0.300259 0.909845
0.143266 0.979859
0.154159 0.976235
0.355308 0.873972
0.590703 0.651069
0.730612 0.466206
0.476083 0.773345
0.761133 0.420676
0.172865 0.970118
0.957817 0.0825874
0.853522 0.2715
0.74064 0.451452
0.818347 0.330309
0.385127 0.851894
0.712268 0.492674
0.0325681 0.99894
0.443121 0.803644
0.676228 0.543439
0.984478 0.0308036
0.798835 0.361866
0.772513 0.403224
0.859468 0.261328
0.367548 0.864919
0.97418 0.051016
0.79215 0.37895
0.0116706 0.999864
0.987313 0.0252139
0.923901 0.146408
0.261663 0.931533
0.942387 0.111907
0.884233 0.218133
0.807425 0.348065
0.875477 0.23354
0.455123 0.792865
0.780822 0.39032
0.123046 0.98486
0.725356 0.47416
0.765522 0.413976
0.419213 0.824261
0.750695 0.436566
0.870728 0.241848
0.689664 0.524365
0.286926 0.917673
0.103172 0.989521
0.965048 0.0686824
0.974041 0.0515922
0.555502 0.69142
0.486058 0.763747
0.996135 0.0085199
0.950771 0.0960766
0.0976984 0.990455
0.431434 0.813865
0.498505 0.751697
0.11978 0.985653
0.48931 0.760575
0.193503 0.962557
0.943184 0.110404
0.341838 0.883225
0.881484 0.22301
0.576985 0.667089
0.793019 0.371311
0.683474 0.532976
0.570144 0.674936
0.515972 0.733773
0.522979 0.726493
0.694957 0.517048
0.433042 0.812936
0.0757536 0.994262
0.0301613 0.99909
0.778191 0.394419
0.805606 0.351
0.964909 0.0692617
0.719877 0.484531
