11477 40.0081
5.28549e-18 1
1 8.36131e-12
0.287721 0.917217
0.261151 0.9318
0.559864 0.686552
0.857847 0.264133
0.309745 0.904058
0.534899 0.713884
0.507755 0.742185
0.367617 0.864858
0.898256 0.193135
0.694732 0.517347
0.927265 0.140205
0.940941 0.11463
0.435973 0.809928
0.908325 0.175009
0.450869 0.797376
0.321928 0.896363
0.389712 0.848125
0.0702766 0.995061
0.978139 0.0433285
0.336567 0.886723
0.842699 0.289859
0.756033 0.428416
0.348005 0.879295
0.807022 0.348725
0.846888 0.28278
0.587877 0.65446
0.819878 0.3278
0.93493 0.125988
0.787173 0.387274
0.47526 0.774132
0.488731 0.761142
0.965899 0.0670398
0.677443 0.541071
0.606038 0.632717
0.232746 0.945849
0.0521125 0.997284
0.918524 0.156314
0.425744 0.818798
0.732186 0.463904
0.45988 0.789393
0.0294146 0.999135
0.779087 0.393155
0.406643 0.834642
0.523177 0.726285
0.830914 0.309616
0.725252 0.474009
0.361282 0.86953
0.711448 0.493842
0.63333 0.598894
0.803933 0.353691
0.708518 0.498002
0.134634 0.981874
0.871142 0.241147
0.95103 0.0955422
0.616664 0.619727
0.748532 0.439699
0.197027 0.96118
0.468895 0.780138
0.392552 0.845903
0.867357 0.247692
0.98589 0.0280201
0.657003 0.568375
0.216225 0.953247
0.0902036 0.991863
0.125296 0.984301
0.11115 0.987646
0.91421 0.16422
0.166411 0.972307
0.880635 0.224481
0.74009 0.452267
0.765504 0.414004
0.654165 0.572068
0.175942 0.969045
0.88134 0.223239
0.645099 0.583847
0.642467 0.587236
0.24385 0.940537
0.821962 0.324379
0.496842 0.753148
0.890372 0.207238
0.684077 0.532039
0.597369 0.643157
0.406587 0.834688
0.688508 0.526567
0.794208 0.369235
0.666881 0.55527
0.794208 0.369235
0.66783 0.554004
0.579316 0.664394
0.217759 0.952584
0.992566 0.0148118
0.186488 0.965396
0.829771 0.311481
0.965114 0.0685577
0.957846 0.0825313
0.524897 0.724483
0.770737 0.405965
0.993894 0.0121748
