45033 230.069
1 -4.44089e-16
1 -4.44089e-16
1.249e-16 1
-5.55112e-17 1
0.345043 0.880946
1.66533e-16 1
0.345043 0.880946
0.417161 0.825977
0.938086 0.119995
0.441545 0.805038
0.922376 0.149223
0.763074 0.417718
0.697659 0.513272
0.556305 0.690524
0.482134 0.767547
0.8183 0.330385
0.463481 0.785185
0.503948 0.746037
0.637023 0.594201
0.851196 0.275465
0.775629 0.3984
0.7921 0.372577
0.536167 0.712525
0.574493 0.669958
0.909096 0.173545
0.590356 0.65148
0.683445 0.532904
0.984821 0.0301272
0.667626 0.554276
0.653173 0.573365
0.804284 0.353128
0.896607 0.196096
0.619663 0.616017
0.388112 0.849369
0.885006 0.216764
0.520781 0.728787
0.607271 0.631222
0.872747 0.238313
0.388112 0.849369
0.861892 0.257141
0.722064 0.478623
0.954902 0.0881617
0.954902 0.0881617
0.834215 0.304085
0.834215 0.304085
0.976153 0.0471262
0.971795 0.0556136
0.742942 0.448037
1 1.7053e-13
0.739405 0.45328
0.717193 0.485634
0.971795 0.0556136
0.742942 0.448037
0.739405 0.45328
0.717193 0.485634
1 1.7053e-13
0.717966 0.484524
0.717966 0.484524
1 1.7053e-13
0.971795 0.0556136
0.971795 0.0556136
0.971795 0.0556136
0.971795 0.0556136
0.971795 0.0556136
0.971795 0.0556136
0.971795 0.0556136
0.971795 0.0556136
0.971795 0.0556136
0.971795 0.0556136
0.971795 0.0556136
0.971795 0.0556136
0.971795 0.0556136
0.971795 0.0556136
0.971795 0.0556136
0.954902 0.0881617
0.954902 0.0881617
0.954902 0.0881617
0.834215 0.304085
0.834215 0.304085
0.834215 0.304085
0.834215 0.304085
0.834215 0.304085
0.834215 0.304085
0.834215 0.304085
0.834215 0.304085
0.834215 0.304085
0.834215 0.304085
0.742942 0.448037
0.739405 0.45328
0.739405 0.45328
0.739405 0.45328
0.739405 0.45328
0.739405 0.45328
0.717966 0.484524
0.717966 0.484524
0.717966 0.484524
0.717966 0.484524
0.717966 0.484524
0.717193 0.485634
0.717193 0.485634
