140045 490.085
1.73269e-17 1
1 0
1.73269e-17 1
0.901306 0.187647
0.532105 0.716864
0.772554 0.403175
0.919397 0.154857
0.756624 0.42752
0.852169 0.273964
0.0359426 0.998708
0.982038 0.035602
0.579294 0.665088
0.313016 0.902021
0.14905 0.977784
0.414527 0.828171
0.289902 0.915975
0.403467 0.837214
0.675194 0.544113
0.109911 0.98792
0.543554 0.704549
0.935815 0.124252
0.972312 0.0546093
0.590124 0.651754
0.746915 0.447509
0.882867 0.220546
0.639395 0.59119
0.956056 0.085963
0.623193 0.61163
0.340985 0.883733
0.94891 0.0995693
0.216953 0.952932
0.942916 0.110909
0.515543 0.734216
0.269993 0.927105
0.359497 0.870762
0.297318 0.911605
0.87387 0.236351
0.19254 0.962928
0.477498 0.771996
0.797587 0.363856
0.651454 0.576256
0.568739 0.676536
0.735886 0.458472
0.201345 0.95946
0.427101 0.817616
0.169728 0.971201
0.386342 0.85074
0.227836 0.948091
0.50005 0.74995
0.609774 0.628176
0.0623969 0.996107
0.809155 0.345268
0.467788 0.785488
0.350822 0.878704
0.663485 0.559792
0.124895 0.984402
0.174583 0.969521
0.135154 0.981733
0.390821 0.847259
0.989752 0.0203901
1 0
0.862707 0.255737
0.441712 0.804929
0.622265 0.612786
0.490899 0.759111
0.751944 0.434719
0.0887484 0.993715
0.723444 0.476629
0.56264 0.683436
0.862688 0.255769
0.065066 0.995766
0.661725 0.562124
0.962381 0.0738223
0.456257 0.792076
0.513003 0.744848
0.892285 0.203847
0.809826 0.344183
0.265911 0.929294
0.433097 0.812427
0.843591 0.288377
0.701008 0.516786
0.0157004 0.999753
0.819593 0.328286
0.372041 0.861647
0.891451 0.205315
0.326861 0.893162
0.607608 0.630813
0.843069 0.292092
0.928 0.138816
0.920234 0.153334
0.552102 0.695183
0.646817 0.582258
0.707483 0.499468
0.704338 0.503925
0.693214 0.519469
0.240948 0.944139
0.472576 0.776672
0.788969 0.377528
0.988621 0.022629
0.687918 0.527214
