400708 580.04
9.86333e-05 1
0.999984 9.12014e-05
0.999988 0.210327
0.949188 0.479277
0.0707663 1.08308
0.124627 1.0976
0.0707663 1.08308
0.842396 0.616837
0.977041 0.42134
1.77567e-05 1.07482
0.995883 0.281148
0.467107 0.943085
0.550679 0.952593
0.999199 0.600198
0.876048 0.664472
0.879477 0.570381
0.999369 0.240894
1.86506e-05 1.03553
0.9604 0.604316
0.999369 0.240894
5.08532e-06 1.11606
0.00577639 1.12576
0.702182 0.807779
0.980925 0.540525
0.481179 1.06998
0.0431815 1.10564
0.651334 0.937714
0.999194 0.521607
0.999567 0.278109
0.976548 0.468899
2.1174e-12 1.11398
0.940982 0.492941
0.103045 1.07363
0.010363 1.14389
0.0216928 1.03855
0.999199 0.600198
1.03413e-05 1.12167
3.48692e-05 1.01621
0.000110897 1.01452
0.000110897 1.01452
0.503063 1.06797
0.651334 0.937714
0.152165 1.05711
0.992537 0.516977
0.999999 0.295693
0.879477 0.570381
0.99912 0.69376
0.880417 0.496488
0.906559 0.571806
0.996043 0.57565
0.987735 0.304702
0.999997 0.270986
0.661085 0.88081
0.859426 0.564163
0.051467 1.19453
0.842396 0.616837
0.893531 0.600217
0.846068 0.687146
0.00577639 1.12576
0.0216928 1.03855
0.648576 0.940246
0.051467 1.19453
0.661085 0.88081
0.00997189 1.14738
0.977041 0.42134
0.688596 0.842387
0.980925 0.540525
0.702182 0.807779
0.368928 1.00905
0.999567 0.278109
0.987735 0.304702
0.880417 0.496488
1.86506e-05 1.03553
0.800241 0.701889
0.124627 1.0976
0.287561 1.24449
0.550679 0.952593
0.642504 0.893993
0.800241 0.701889
0.999988 0.210327
5.08532e-06 1.11606
0.481179 1.06998
0.93383 0.576661
0.368928 1.00905
0.973792 0.421793
0.939338 0.605355
0.842105 0.614212
0.692917 0.855863
0.833363 0.709818
0.999999 0.517055
0.290642 1.24689
0.188811 1.16063
0.999566 0.377258
0.978897 0.450017
0.978897 0.450017
0.948879 0.474663
0.940982 0.492941
0.949188 0.479277
0.999418 0.328219
2.04204e-12 1.16099
