311691 450.036
3.82098e-10 1.00027
3.69659e-11 1.00029
2.16864e-10 1.00028
7.10458e-12 1.0003
1.29354e-12 1.00032
3.6858e-10 1.00027
2.40373e-13 1.00037
1.52108e-14 1.0004
9.68106e-15 1.00047
1.16227e-16 1.0035
1.42811e-16 1.00165
2.45125e-16 1.00084
2.26154e-15 1.00076
3.69558e-15 1.00059
6.69433e-15 1.00055
4.6136e-15 1.00057
3.75745e-16 1.00082
4.25541e-15 1.00059
3.66282e-15 1.00071
3.96664e-10 1.00027
7.27204e-11 1.0003
1.78361e-11 1.00031
3.77783e-12 1.00032
3.82446e-10 1.00029
2.76237e-10 1.0003
8.04442e-13 1.00038
3.68345e-13 1.00039
8.9351e-14 1.00042
2.88395e-14 1.00044
3.03384e-12 1.00037
3.24384e-12 1.00037
1.85278e-16 1.00568
1.90158e-14 1.00051
4.06447e-15 1.00067
1.29822e-14 1.00056
6.8092e-15 1.00063
2.48488e-16 1.00105
1.09022e-15 1.00088
2.59699e-15 1.00079
2.72261e-16 1.00096
1.18008e-14 1.0006
2.99396e-12 1.00038
2.41381e-15 1.00085
4.24039e-10 1.00027
3.2934e-11 1.00032
1.55599e-10 1.00031
4.20183e-12 1.00034
2.78753e-10 1.00031
3.22978e-10 1.0003
1.79591e-11 1.00033
3.09256e-16 1.00096
4.20804e-13 1.00041
4.1194e-10 1.0003
2.4156e-12 1.00039
3.64667e-12 1.00038
3.22345e-14 1.00046
1.48876e-12 1.0004
5.72159e-15 1.00069
1.11915e-13 1.00043
2.75555e-10 1.00031
2.24226e-13 1.00043
2.85933e-14 1.00051
3.37039e-15 1.00083
3.9868e-10 1.00237
7.28411e-10 1.00183
1.63081e-10 1.00238
2.25347e-10 1.00389
2.95556e-10 1.00195
2.43832e-10 1.00176
3.7954e-10 1.00161
4.94607e-10 1.0016
7.24508e-10 1.00295
4.5291e-10 1.00341
4.65773e-10 1.00264
4.89194e-10 1.00225
3.10765e-10 1.00213
4.37384e-10 1.00317
4.84481e-10 1.00152
5.74988e-10 1.00203
4.65739e-10 1.00164
5.73881e-10 1.00199
2.77095e-10 1.00285
2.92789e-10 1.00237
1.66637e-10 1.00275
6.00851e-10 1.00288
5.21388e-10 1.00218
3.33715e-10 1.00386
2.13467e-10 1.00255
3.41348e-10 1.00266
1.54354e-11 1.00221
2.84862e-10 1.0018
2.6168e-11 1.00315
5.54986e-10 1.00247
4.53981e-10 1.00214
2.85351e-10 1.00197
1.0996e-11 1.00207
3.95805e-10 1.00321
6.36987e-10 1.00361
6.64524e-10 1.00401
3.08201e-10 1.00267
