761149 460.016
0.909232 0.342678
3.61542e-10 1.43419
3.61542e-10 1.43419
2.87523e-06 1.03354
0.177161 1.0032
0.903994 0.34549
1.24383e-07 1.13459
4.12929e-08 1.35401
0.784496 0.438218
0.675081 0.654223
0.408352 0.881752
0.493232 0.853393
0.493232 0.853393
0.582222 0.706246
0.675084 0.592621
0.370149 0.908698
0.582213 0.741524
0.262127 0.967122
0.326295 0.947107
0.753766 0.567426
0.326295 0.947107
0.326295 0.947107
2.87523e-06 1.03354
0.234468 0.98903
4.12929e-08 1.35401
4.12929e-08 1.35401
0.784487 0.474279
0.753766 0.567426
0.675081 0.654223
0.675084 0.592621
0.675084 0.592621
0.675084 0.592621
0.262127 0.967122
0.78448 0.55116
0.582222 0.706246
0.37015 0.900967
4.12929e-08 1.35401
1.24383e-07 1.13459
0.784487 0.474279
0.582215 0.714489
2.87523e-06 1.03354
9.54748e-07 1.06352
0.582213 0.741524
2.87523e-06 1.03354
0.78448 0.55116
0.37015 0.900967
0.784487 0.474279
0.909232 0.342678
0.903994 0.34549
0.403701 0.883769
0.784496 0.438218
0.408352 0.881752
2.87523e-06 1.03354
3.61542e-10 1.43419
0.675081 0.654223
0.675084 0.592621
0.370149 0.908698
0.784487 0.474279
0.262127 0.967122
0.262127 0.967122
0.493232 0.853393
0.784487 0.474279
2.87523e-06 1.03354
0.582213 0.741524
2.87523e-06 1.03354
2.87523e-06 1.03354
0.784496 0.438218
1.24383e-07 1.13459
1.24383e-07 1.13459
0.903994 0.34549
3.61542e-10 1.43419
0.675081 0.654223
9.54748e-07 1.06352
0.582213 0.741524
0.582215 0.714489
0.37015 0.900967
0.784487 0.474279
1.24383e-07 1.13459
4.12929e-08 1.35401
0.408352 0.881752
2.87523e-06 1.03354
0.675084 0.592621
0.903994 0.34549
0.753766 0.567426
0.262127 0.967122
0.262127 0.967122
0.493232 0.853393
0.234468 0.98903
0.582213 0.741524
2.87523e-06 1.03354
0.784496 0.438218
0.326295 0.947107
0.582205 0.82702
0.326295 0.947107
0.675084 0.592621
0.262127 0.967122
0.582213 0.741524
1.24383e-07 1.13459
0.234468 0.98903
0.582222 0.706246
