99833 350.063
0 1
1 4.44089e-16
0 1
0.433554 0.812031
0.260721 0.932025
0.41317 0.82929
0.98431 0.031134
0.764066 0.416591
0.3447 0.881182
0.445313 0.801696
0.283014 0.920017
0.460986 0.787507
0.642553 0.587125
0.58962 0.652348
0.824506 0.32997
1 4.44089e-16
0.729674 0.467576
0.68125 0.535899
0.800659 0.358946
0.670705 0.550157
0.40212 0.8383
0.690304 0.523518
0.175569 0.969176
0.616372 0.620086
0.791943 0.372826
0.950505 0.096561
0.10443 0.989119
0.828883 0.312953
0.472225 0.777006
0.962456 0.0736783
0.19023 0.963812
0.631558 0.601137
0.872722 0.238555
0.920909 0.151948
0.502985 0.747007
0.784071 0.385233
0.744986 0.444996
0.576991 0.667247
0.605798 0.633009
0.388839 0.848804
0.599563 0.640524
0.957681 0.0828476
0.862365 0.256326
0.699657 0.51048
0.625155 0.609183
0.157857 0.975261
0.75504 0.429914
0.361231 0.869516
0.553394 0.693756
0.654039 0.572233
0.662459 0.561176
0.228248 0.956211
0.93189 0.131581
0.915999 0.160945
0.0312414 0.999028
0.229473 0.947342
0.940981 0.114555
0.141641 0.97995
0.929663 0.135726
0 1
0.0854633 0.99283
0.775985 0.397847
0.330446 0.890805
0.294105 0.913503
0.70457 0.50364
0.71967 0.482091
0.881693 0.222631
0.971627 0.055941
0.810235 0.34352
0.889481 0.208823
0.381294 0.854615
0.302026 0.90878
0.054467 0.997033
0.94297 0.11083
0.848332 0.280333
0.0689007 0.995253
0.851979 0.274133
0.836586 0.300133
0.125193 0.984327
0.572162 0.672631
0.484048 0.765697
0.495317 0.754694
0.120748 0.985423
0.0437068 0.998223
0.206841 0.957228
0.809709 0.344372
0.750668 0.436497
0.547858 0.699852
0.729152 0.475919
0.315917 0.900196
0.909554 0.172886
0.326463 0.89343
0.245042 0.940213
0.563377 0.682606
0.891985 0.204362
0.204999 0.958142
0.518141 0.73153
0.482206 0.767478
0.244404 0.94041
0.31169 0.902851
