2957 10.0009
1 6.94395e-10
2.07939e-17 1
0.412394 0.829977
0.703029 0.505751
0.35872 0.87132
0.157195 0.97529
0.612508 0.624834
0.0621639 0.996136
0.913279 0.165922
0.528257 0.721126
0.970892 0.057368
0.769037 0.411396
0.374437 0.859797
0.948677 0.100012
0.501676 0.748321
0.342874 0.882438
0.663406 0.559892
0.217129 0.952855
0.0411924 0.998303
0.390059 0.847854
0.585489 0.657203
0.540281 0.708099
0.789589 0.376549
0.0850878 0.99276
0.746752 0.442363
0.828516 0.313561
0.622035 0.613072
0.688174 0.526416
0.548571 0.69907
0.127873 0.983649
0.73788 0.455533
0.958216 0.0818221
0.177494 0.968496
0.961595 0.0753344
0.987149 0.0255374
0.251193 0.936902
0.84785 0.28115
0.429429 0.815591
0.114324 0.98693
0.922984 0.1481
0.901299 0.18766
0.558832 0.687707
0.284143 0.919263
0.0973774 0.990518
0.75496 0.430036
0.0219598 0.999518
0.328176 0.8923
0.797875 0.363397
0.781744 0.388877
0.668777 0.552738
0.942155 0.112345
0.906018 0.179131
0.565337 0.680394
0.837251 0.299012
0.893203 0.202188
0.940262 0.125551
0.649849 0.577979
0.462256 0.78632
0.807648 0.347705
0.8673 0.250887
0.858953 0.262209
0.930806 0.1336
0.514475 0.735317
0.599604 0.640475
0.197476 0.961004
0.854742 0.269936
0.487635 0.762212
0.450802 0.796778
0.301112 0.909332
0.876891 0.231062
0.870562 0.242121
0.595636 0.645218
0.840974 0.292763
0.977801 0.0439052
0.232656 0.945871
0.516977 0.732735
0.311356 0.903057
0.491294 0.75863
0.199577 0.96017
0.982843 0.0410881
0.815064 0.33567
0.720999 0.480161
0.889415 0.208943
0.993 0.0141511
0.476027 0.773399
0.802917 0.355325
0.385546 0.851354
0.632948 0.60515
0.332719 0.889767
0.723123 0.477093
0.269862 0.927175
0.575965 0.668264
0.640253 0.590081
0.711921 0.493169
0.476027 0.773399
0.574491 0.669961
0.00812061 0.999934
0.633 0.599328
0.925989 0.142545
0.278772 0.922286
