23868 20.0011
4.96168e-23 1
1 0.000154392
0.10812 1.06237
0.998528 0.27063
1.37448e-24 1.08398
0.225849 0.990561
0.997669 0.546559
0.0251905 1.25491
0.0137818 1.07607
0.695267 0.806835
0.0203005 1.10523
0.985026 0.271371
0.997616 0.521063
0.664586 0.757257
0.48629 0.988215
1.37448e-24 1.08398
0.18936 1.0863
0.620557 0.737803
0.952535 0.31917
3.54925e-23 1.07853
0.803887 0.439576
3.64075e-23 1.05658
0.999915 0.384475
1 0.139352
0.277717 1.08112
0.0137818 1.07607
0.0251905 1.24048
0.225849 0.990561
0.0978505 1.14044
8.69587e-24 1.05309
0.10812 1.06237
1 0.146955
0.498821 1.02235
0.850758 0.59453
4.36049e-23 1.01122
0.0250628 1.08552
0.233926 1.0332
0.981401 0.358845
0.0186867 1.19913
0.797565 0.546961
0.983109 0.324355
2.56637e-24 1.0656
0.996186 0.2445
0.958142 0.261498
0.983109 0.324355
0.998417 0.232057
0.277717 1.08112
0.999724 0.118303
1.71443e-24 1.09507
1 0.310948
8.69587e-24 1.05309
0.984288 0.440959
0.998687 0.648326
0.244431 1.08749
0.999949 0.482864
0.695267 0.806835
1.63654e-23 1.04664
0.999724 0.118303
0.797565 0.546961
0.0250628 1.08552
0.219627 0.991218
0.519549 0.945753
0.990066 0.178174
0.0479366 1.10504
0.0251905 1.25491
0.994322 0.204096
0.50204 1.09125
0.620557 0.737803
0.157633 1.06456
0.97532 0.292573
0.986121 0.279673
0.974966 0.280927
0.48629 0.988215
0.18936 1.0863
0.984288 0.440959
0.806952 0.669766
0.896085 0.403371
0.998687 0.648326
0.0671213 1.07737
0.946797 0.497184
7.4581e-24 1.11308
7.4581e-24 1.11308
0.184084 1.06594
0.244431 1.08749
0.946797 0.497184
0.0877687 1.06742
0.999915 0.384475
0.0671213 1.07737
0.0207075 1.10553
0.996186 0.2445
0.974966 0.280927
0.498821 1.02235
0.896085 0.403371
0.990066 0.178174
0.850758 0.59453
0.237694 1.10752
0.146215 1.16875
0.993659 0.347337
0.991488 0.0760165
0.958142 0.261498
