19988 70.014
0 1
1 4.66294e-15
0.120125 0.98557
0.778726 0.393593
0.0788961 0.993775
0.954129 0.089637
0.0684352 0.995317
0.895749 0.197633
0.765099 0.421663
0.551582 0.695757
0.0259835 0.999325
0.612389 0.62498
0.357044 0.87252
0.947645 0.101969
0.968485 0.0620364
0.627345 0.606439
0.46062 0.78783
0.277617 0.922929
0.537497 0.711097
0.824045 0.322456
0.236695 0.943976
0.194092 0.962328
0.872394 0.23893
0.494433 0.755536
0.394954 0.844013
0.725892 0.473081
0.937636 0.120839
0.794139 0.369343
0.786463 0.381476
0.208722 0.956435
0.990556 0.0187979
0.684575 0.531357
0.146434 0.979722
0.734179 0.461272
0.406093 0.835089
0.75797 0.425481
0.604722 0.634312
0.369949 0.863138
0.669895 0.551241
0.532739 0.718165
0.888908 0.209847
0.466581 0.782302
0.853667 0.271272
0.846848 0.282848
0.711129 0.494296
0.266663 0.928891
0.840836 0.292995
0.698591 0.511976
0.90774 0.176009
0.686229 0.52909
0.659923 0.5698
0.747768 0.440843
0.644553 0.584618
0.914274 0.164111
0.443829 0.803046
0.581642 0.661693
0.59427 0.646843
0.16001 0.974397
0.883158 0.22004
0.562154 0.683983
0.861625 0.257603
0.330085 0.891044
0.294088 0.913512
0.478625 0.770919
0.700356 0.509501
0.649821 0.577732
0.415218 0.827594
0.816152 0.335579
0.812147 0.340418
0.572082 0.672722
0.507183 0.742765
0.341736 0.883217
0.91907 0.15531
0.253436 0.938778
0.717758 0.484994
0.664075 0.559004
0.831057 0.309345
0.422575 0.821465
0.804287 0.353125
0.386506 0.855786
0.740918 0.451041
0.0218319 0.999523
0.635538 0.596092
0.80183 0.357069
0.32183 0.896427
0.983751 0.0322413
0.97574 0.0479323
0.179373 0.967942
0.924289 0.14569
0.486758 0.763067
0.520482 0.729113
0.50997 0.739943
0.255578 0.93468
0.595859 0.644953
0.433687 0.811916
0.22205 0.950694
0.223649 0.949981
0.520252 0.729341
0.566055 0.679583
0.172676 0.970183
