89001 320.065
2.21325e-17 1
1 0
0.802741 0.35561
0.201106 0.959556
0.789312 0.376986
0.761762 0.419719
0.491652 0.758278
0.387244 0.850044
0.930324 0.134498
0.674785 0.545258
0.686735 0.528395
0.741775 0.44977
0.173458 0.970043
0.92207 0.149787
0.535043 0.713733
0.979815 0.0399617
0.510933 0.738947
0.953623 0.0906093
0.913625 0.165289
0.523106 0.72636
0.0928144 0.991385
0.328933 0.891803
0.664464 0.558488
0.0757907 0.994256
0.545944 0.70195
0.988549 0.0227702
0.941287 0.114022
0.812254 0.340244
0.710668 0.494954
0.280654 0.921233
0.166011 0.972441
0.409205 0.832551
0.591958 0.649586
0.216209 0.953254
0.71914 0.482838
0.727361 0.470953
0.353886 0.877248
0.780665 0.390618
0.623667 0.611117
0.87501 0.234364
0.861406 0.25798
0.143272 0.979487
0.831593 0.308454
0.599887 0.640136
0.42399 0.820236
0.111883 0.987482
0.895138 0.199695
0.451792 0.795923
0.94455 0.108378
0.81968 0.328127
0.0562397 0.996859
0.906559 0.17815
0.614231 0.622798
0.886489 0.214137
0.774052 0.400844
0.122401 0.985018
0.339271 0.884895
0.267679 0.928348
0.260549 0.933245
0.702537 0.506443
0.882713 0.220836
0.608498 0.629737
0.464801 0.783962
0.656475 0.56904
0.370165 0.862978
0.630842 0.602051
0.311972 0.902674
0.294385 0.913338
0.582206 0.661037
0.370165 0.862978
0.96563 0.067558
0.751566 0.435153
0.401634 0.83869
0.313386 0.901789
0.840243 0.293994
0.00868013 0.999926
0.482733 0.766969
0.137802 0.981015
0.0448239 0.998042
0.993597 0.0127716
0.442612 0.804106
0.243929 0.940498
0.477681 0.771821
0.695111 0.516821
0.65087 0.576369
0.959958 0.0790669
0.461618 0.787336
0.562219 0.68391
0.514002 0.735802
0.246475 0.93925
0.578171 0.665718
0.229103 0.947512
0.83353 0.305229
0.848903 0.279371
0.34819 0.878764
0.854456 0.269928
0.746946 0.442081
0.555047 0.691935
0.438194 0.807986
0.571276 0.673643
