113294 370.067
0.580455 0.66593
0.661438 0.569704
0.734516 0.473797
0.843119 0.293246
0.580919 0.670716
0.06493 0.99897
0.552591 0.698941
1 0.0115145
0.13267 0.987829
1 0.00945405
0.880152 0.233244
0.562305 0.686911
0.173487 0.982368
0.578299 0.669515
0.655714 0.574867
0.553787 0.703739
0.429817 0.819457
0.922698 0.172716
0.336916 0.896672
0.954447 0.0989819
0.391196 0.847807
0.875788 0.243187
0.171949 0.978759
0.361361 0.871318
0.625279 0.613107
0.663124 0.563769
0.5 0.751787
0.818906 0.356349
0.725167 0.484337
0.684739 0.541384
0.219863 0.963933
0.435744 0.81331
0.720724 0.485272
0.455847 0.795218
0.63478 0.599057
0.922772 0.15324
0.485556 0.768771
1 0.0120397
0.858264 0.271039
0.596163 0.649857
0.556007 0.698537
1 0.0101361
0.458248 0.795725
1 0.00429508
0.143083 0.98336
0.306995 0.914581
0.852763 0.282945
0.159768 0.984298
0.745651 0.452565
0.920478 0.156929
0.299337 0.923562
0.617702 0.631558
0.838464 0.320008
0.322146 0.900414
0.260093 0.935307
0.578322 0.667861
0 1.00082
0.574879 0.6847
0.578923 0.666621
0.844714 0.287114
0.699263 0.519593
0.571375 0.692314
0.662031 0.566433
0.147049 0.981268
0 1.00522
0.5 0.75176
0.510937 0.747023
0 1.01282
0.664647 0.558678
1 0.0121022
1 0.013754
0.418388 0.833496
0.818888 0.332677
0.816229 0.339427
0.103896 0.992982
0.58079 0.668669
0.336837 0.891402
1 0.00239822
0.5 0.757254
0.5 0.755052
0.814401 0.355902
0.348826 0.879295
0.570167 0.67978
0.471552 0.784175
1 0.0161854
0 1.00215
0.82861 0.33372
0.5 0.760901
0.242649 0.94645
0.566794 0.682793
0.482766 0.771694
0.0571385 0.99818
0 1.00171
0.5 0.75173
0.939103 0.128366
0.3105 0.913803
0.654573 0.573209
0.5 0.753229
0.926195 0.149761
0 1.00094
