471545 430.018
5.60354e-24 1
0.999992 1.64214e-05
0.807985 0.603107
2.66615e-24 1.06483
0.972459 0.219113
0.963655 0.338058
0.889273 0.63768
0.999996 0.399506
0.102804 1.0963
0.870369 0.4261
0.0998968 1.16792
0.702253 0.924194
0.72103 0.75008
0.321035 1.04939
0.953833 0.231582
0.033614 1.10363
0.945218 0.378502
0.834624 0.610647
0.635979 0.767321
0.969173 0.33553
1.81933e-24 1.09145
2.50143e-24 1.06536
0.999998 0.23872
0.934174 0.429827
0.996381 0.170256
0.508374 1.10593
0.702253 0.924194
0.942798 0.383028
3.05914e-26 1.16832
0.942798 0.383028
0.953833 0.231582
1.81933e-24 1.09145
0.889273 0.63768
0.0584147 1.17442
0.271232 1.14899
0.00591123 1.18872
4.29924e-24 1.064
1 0.254471
0.334698 1.07919
0.999998 0.23872
0.942798 0.383028
9.08628e-25 1.16033
0.067228 1.20749
0.508374 1.10593
0.00591123 1.18872
0.999997 0.0538514
1.10455e-25 1.12599
0.67407 0.66362
0.925304 0.215712
0.972459 0.219113
0.0297543 1.17372
0.196293 1.15673
0.067228 1.20749
0.767778 0.577484
0.0484457 1.21211
0.985955 0.44543
0.979692 0.178308
0.0297543 1.17372
0.760074 0.642191
0.914636 0.4696
0.271232 1.14899
0.474277 0.958723
0.807231 0.588175
0.914636 0.4696
0.969173 0.33553
0.925304 0.214687
0.807231 0.588175
0.255014 1.16176
0.0424922 1.11717
0.901208 0.394911
9.08628e-25 1.16033
0.999997 0.213923
0.996381 0.170256
0.999907 0.286599
0.0424922 1.11717
0.851727 0.479074
0.902299 0.476833
0.882923 0.531966
0.807985 0.603107
0.648005 0.876062
0.999996 0.0367007
0.937669 0.573384
0.924969 0.3758
0.033614 1.10363
0.0998968 1.16792
0.979692 0.178308
0.0855926 1.12343
0.72103 0.75008
0.937669 0.573384
2.66615e-24 1.06483
0.963655 0.338058
0.196293 1.15673
0.999992 0.0837994
0.760074 0.642191
0.505418 0.998569
0.648005 0.876062
0.925304 0.214687
0.321035 1.04939
4.29924e-24 1.064
0.953665 0.263818
