209689 570.082
1 2.76402e-05
1 2.76402e-05
9.51034e-13 1.00004
9.51034e-13 1.00004
0.401522 0.838798
0.326171 0.893633
0.703383 0.505288
0.98012 0.0394997
0.96333 0.0721435
0.289605 0.916143
0.674639 0.544913
0.590643 0.651215
0.7754 0.398844
0.564946 0.680896
0.722578 0.477914
0.0854603 0.992711
0.0432027 0.998148
0.864022 0.253548
0.546759 0.701123
0.648117 0.5807
0.943306 0.110281
0.741581 0.450085
0.435992 0.80993
0.122827 0.984933
0.155964 0.975693
0.758566 0.424616
0.620819 0.614914
0.845113 0.285849
0.799646 0.367475
0.520633 0.728998
0.879127 0.227206
0.892347 0.203757
0.475869 0.77361
0.359569 0.870727
0.449695 0.797821
0.90688 0.177634
0.371359 0.86211
0.9193 0.154954
0.820984 0.326135
0.932767 0.130996
0.611968 0.626555
0.833937 0.304645
0.489559 0.760424
0.812366 0.35513
0.507963 0.742087
0.660453 0.563992
0.262135 0.931303
0.233988 0.945267
0.187788 0.964755
0.211933 0.955104
0.209077 0.956303
0.187788 0.964755
0.249665 0.937681
0.249665 0.937681
0.289605 0.91615
0.209077 0.956309
0.262135 0.931303
0.233988 0.945268
0.249665 0.937683
0.211933 0.955106
0.289605 0.916153
0.211933 0.955107
0.262135 0.931305
0.233988 0.945269
0.249665 0.937684
0.249665 0.937684
0.211933 0.955107
0.233988 0.94527
0.249665 0.937685
0.211933 0.955108
0.249665 0.937685
0.249665 0.937686
0.249665 0.937686
0.249665 0.937687
0.249665 0.937687
0.249665 0.937688
0.249665 0.937688
0.249665 0.937688
0.249665 0.937688
0.249665 0.937688
0.249665 0.937689
0.249665 0.937689
0.249665 0.93769
0.249665 0.93769
0.249665 0.93769
0.249665 0.93769
0.249665 0.93769
0.249665 0.93769
0.249665 0.93769
0.249665 0.937691
0.249665 0.937691
0.249665 0.937691
0.249665 0.937692
0.249665 0.937692
0.249665 0.937693
0.249665 0.937693
0.249665 0.937693
0.249665 0.937694
0.249665 0.937694
0.249665 0.937694
