209774 300.021
2.48698e-13 1.0001
5.48798e-14 1.00011
6.5926e-15 1.00012
1.88914e-13 1.0001
5.68062e-18 1.00014
1.72143e-13 1.00011
2.93174e-15 1.00013
1.66826e-13 1.00011
1.75951e-15 1.00013
1.43303e-13 1.00011
1.55618e-13 1.00011
1.88223e-13 1.00011
1.07082e-19 1.00091
1.05967e-18 1.00023
1.75209e-19 1.0003
1.25196e-19 1.00042
5.17733e-18 1.00016
4.1928e-18 1.0002
4.80741e-19 1.00025
3.48737e-18 1.00022
4.12472e-19 1.00027
2.81433e-18 1.00022
2.488e-13 1.0001
1.14086e-13 1.00011
3.4145e-14 1.00012
1.10572e-14 1.00013
2.07547e-15 1.00013
2.06048e-13 1.00011
1.97107e-13 1.00011
2.29219e-14 1.00012
1.76806e-13 1.00011
2.30549e-13 1.0001
3.10382e-14 1.00012
2.34487e-13 1.0001
6.43264e-16 1.00014
5.66684e-17 1.00015
1.43868e-15 1.00014
1.83807e-13 1.00011
2.987e-17 1.00016
2.60562e-16 1.00015
1.72e-19 1.00149
1.60902e-18 1.00025
6.76737e-18 1.00019
2.59637e-19 1.00042
1.0361e-14 1.00013
8.39319e-19 1.00029
4.89413e-18 1.00023
1.23722e-17 1.00018
2.16345e-19 1.00073
1.69772e-17 1.00018
6.03367e-18 1.0002
4.04201e-19 1.00039
1.91989e-19 1.00125
1.1457e-18 1.00029
2.78902e-13 1.00011
6.65509e-14 1.00012
4.64936e-19 1.00043
6.08452e-17 1.00016
1.62956e-15 1.00014
1.43034e-14 1.00013
1.98895e-13 1.00011
1.76049e-13 1.00011
3.3388e-14 1.00013
4.8394e-14 1.00025
2.21608e-13 1.00026
2.71157e-13 1.00024
2.87881e-13 1.00022
2.81472e-13 1.00023
2.60046e-13 1.00031
1.97023e-13 1.00019
1.16819e-13 1.00027
7.12501e-14 1.00021
2.34068e-13 1.00029
2.65952e-13 1.00026
3.29952e-14 1.00027
2.93226e-13 1.00027
2.14929e-13 1.00022
2.86283e-13 1.00023
3.04691e-13 1.00039
2.5056e-13 1.00027
2.25143e-13 1.00024
2.02414e-13 1.00026
3.17957e-13 1.00024
3.35456e-13 1.00026
2.42858e-13 1.00023
2.5098e-13 1.00026
2.67825e-13 1.00021
2.13514e-13 1.00029
2.36384e-13 1.00026
2.89925e-13 1.00026
9.41416e-14 1.00019
1.17947e-13 1.00026
2.92441e-13 1.00019
2.82806e-13 1.00031
2.47239e-13 1.00024
2.05076e-13 1.00027
2.74765e-13 1.00026
2.35379e-13 1.00018
2.28455e-13 1.00029
2.43137e-13 1.00028
