91386 440.113
1 4.78224e-10
1 4.78224e-10
5.20417e-17 1
5.20417e-17 1
0.185739 0.965501
0.846714 0.283075
0.619243 0.616538
0.823177 0.32238
0.950246 0.0970332
0.641888 0.58798
0.415307 0.82752
0.385378 0.851484
0.934774 0.126197
0.473932 0.775389
0.268567 0.927872
0.863659 0.254094
0.915883 0.161159
0.593559 0.647688
0.806009 0.350349
0.498045 0.751951
0.976358 0.0467247
0.579031 0.664723
0.240408 0.942204
0.338903 0.885145
0.357326 0.872318
0.759982 0.422427
0.902738 0.185063
0.213033 0.954617
0.778904 0.393309
0.51657 0.733155
0.971617 0.0559606
0.999865 0.000269718
0.881105 0.223654
0.301535 0.909077
0.185739 0.965501
0.30822 0.905001
0.447915 0.799372
0.442138 0.804514
0.887867 0.211692
0.676793 0.541951
0.665432 0.5572
0.705954 0.50163
0.665432 0.5572
0.705954 0.50163
0.790486 0.375133
0.687018 0.528007
0.790486 0.375133
0.554738 0.692266
0.746871 0.442183
0.726933 0.471569
0.726171 0.472676
0.535911 0.712799
0.554738 0.692266
0.535911 0.712799
0.552006 0.69529
0.726171 0.472676
0.746871 0.442183
0.726933 0.471569
0.69303 0.51971
0.747661 0.441003
0.54312 0.705021
0.54312 0.705021
0.69303 0.51971
0.747661 0.441003
0.691497 0.521832
0.691497 0.521832
0.999943 0.000114327
0.999943 0.000114327
0.790486 0.375133
0.790486 0.375133
0.790486 0.375133
0.790486 0.375133
0.790486 0.375133
0.747661 0.441003
0.746871 0.442183
0.746871 0.442183
0.726933 0.471569
0.726933 0.471569
0.726933 0.471569
0.726933 0.471569
0.726933 0.471569
0.726933 0.471569
0.726933 0.471569
0.726933 0.471569
0.726933 0.471569
0.726933 0.471569
0.726933 0.471569
0.726933 0.471569
0.726933 0.471569
0.726171 0.472676
0.726171 0.472676
0.726171 0.472676
0.726171 0.472676
0.705954 0.50163
0.69303 0.51971
0.69303 0.51971
0.69303 0.51971
0.691497 0.521832
0.54312 0.705021
0.54312 0.705021
