242466 220.01
1.62268e-15 1.00002
1.91167e-17 1.00003
1.16566e-15 1.00002
3.31235e-16 1.00003
3.19078e-20 1.00003
1.48466e-17 1.00003
3.88547e-22 1.00013
7.91816e-18 1.00003
3.17961e-18 1.00003
9.75031e-22 1.00006
3.1027e-18 1.00003
2.85511e-21 1.00006
1.64545e-20 1.00005
1.99692e-20 1.00005
1.46449e-20 1.00006
1.62361e-15 1.00002
8.75642e-16 1.00003
1.41708e-15 1.00002
9.59316e-17 1.00003
3.18521e-17 1.00003
1.30668e-15 1.00003
6.66738e-17 1.00003
2.88922e-21 1.0001
2.38099e-18 1.00003
1.81619e-17 1.00003
1.21369e-15 1.00003
8.25313e-18 1.00003
9.25092e-17 1.00003
2.45256e-17 1.00003
1.72981e-18 1.00003
1.11323e-18 1.00004
3.0111e-17 1.00003
1.76055e-17 1.00003
8.28712e-19 1.00004
1.87625e-19 1.00004
1.65464e-19 1.00004
8.48272e-21 1.00007
2.73374e-20 1.00006
4.69606e-20 1.00005
4.02544e-21 1.00009
1.54447e-20 1.00007
4.35972e-20 1.00005
3.34059e-20 1.00006
6.47019e-21 1.00008
1.71307e-15 1.00002
1.35109e-16 1.00003
1.09075e-20 1.00007
1.51848e-15 1.00003
1.21265e-15 1.00003
3.96029e-17 1.00003
9.73239e-16 1.00003
7.53479e-17 1.00003
1.7016e-15 1.00002
2.45195e-19 1.00004
9.65804e-16 1.00003
4.5704e-20 1.00005
5.65577e-18 1.00003
3.18042e-18 1.00003
1.65466e-18 1.00004
3.56424e-17 1.00003
1.45558e-17 1.00003
9.37603e-18 1.00003
2.51948e-18 1.00004
1.23836e-15 1.00004
1.32095e-15 1.00005
1.58389e-15 1.00006
1.61403e-15 1.00005
1.42298e-15 1.00005
2.28195e-15 1.00007
1.41216e-15 1.00004
2.41453e-15 1.00005
1.49432e-15 1.00004
1.14972e-16 1.00005
1.07709e-16 1.00005
1.54865e-15 1.00004
1.59375e-15 1.00005
1.62091e-15 1.00004
1.36088e-15 1.00005
1.64111e-15 1.00005
1.05488e-16 1.00005
1.91373e-15 1.00005
3.82031e-16 1.00004
1.61162e-15 1.00005
9.26548e-16 1.00005
1.36864e-16 1.00004
6.96773e-18 1.00005
1.46449e-15 1.00004
1.70796e-15 1.00005
1.75552e-15 1.00005
1.74612e-15 1.00006
1.64135e-15 1.00005
1.42385e-15 1.00005
1.56229e-15 1.00004
8.01715e-17 1.00006
1.80004e-15 1.00004
1.28298e-16 1.00004
1.39995e-15 1.00005
1.46464e-15 1.00005
2.31699e-16 1.00004
1.25557e-15 1.00005
