122564 430.08
1 4.44089e-16
0 1
0.109124 0.988092
0.343596 0.881942
0.625958 0.608211
0.670668 0.550204
0.834263 0.304006
0.294626 0.913197
0.315157 0.900678
0.360621 0.869953
0.543575 0.705735
0.0715754 0.994877
0.813629 0.338008
0.74342 0.447333
0.803157 0.354939
0.734277 0.460838
0.688333 0.526198
0.273316 0.925298
0.927342 0.140036
0.51691 0.732804
0.222497 0.950504
0.773933 0.401031
0.19606 0.961561
0.821303 0.325461
0.609602 0.628415
0.872858 0.23812
0.417016 0.826098
0.865395 0.251092
0.443524 0.803286
0.991161 0.0176267
0.791937 0.372836
0.918641 0.156102
0.915126 0.162544
0.484713 0.765054
0.635297 0.596432
0.454823 0.793136
0.567218 0.678269
0.751451 0.435322
0.580226 0.663348
0.390703 0.847351
0.853309 0.271863
0.181673 0.966995
0.718773 0.483365
0.712643 0.49214
0.30542 0.906719
0.601222 0.638532
0.462739 0.788228
0.896416 0.196439
0.428404 0.81647
0.97556 0.0482821
0.969688 0.0597046
0.933024 0.129466
0.140624 0.980225
0.132046 0.982564
0.797442 0.364087
0.944916 0.114278
0.352705 0.875599
0.762904 0.417987
0.756972 0.427014
0.556675 0.690113
0.534943 0.713837
0.768437 0.409505
0.900263 0.189527
0.379326 0.856113
0.49568 0.754307
0.980032 0.0395845
0.842124 0.290828
0.937805 0.120522
0.0172881 0.999702
0.965358 0.0680836
0.889205 0.209338
0.647404 0.580868
0.471001 0.778159
0.505728 0.74424
0.52565 0.724884
0.379326 0.856113
0.952165 0.0933817
0.906464 0.178378
0.0365537 0.998664
0.95815 0.0824315
0.589614 0.652355
0.237693 0.943502
0.697632 0.51331
0.783604 0.385964
0.984884 0.0304936
0.239015 0.942872
0.783604 0.385964
0.66577 0.561208
0.7054 0.502411
0.852677 0.272942
0.564377 0.681478
0.844861 0.28621
0.253076 0.935957
0.693428 0.519157
0.880303 0.225067
0.264333 0.930128
0.960551 0.0773413
0.17046 0.970946
0.209487 0.956119
0.0537576 0.997112
