20271 40.0035
0 1
1 6.66134e-15
0.229348 0.9474
0.270759 0.92669
0.651848 0.575097
0.931051 0.133144
0.770385 0.406507
0.869422 0.244105
0.161579 0.97608
0.671626 0.548919
0.422181 0.821797
0.823141 0.322443
0.621625 0.613582
0.633724 0.598394
0.404937 0.836027
0.0707623 0.994993
0.727671 0.470495
0.127282 0.9838
0.916305 0.160385
0.855981 0.267504
0.591596 0.651134
0.578759 0.665038
0.900959 0.188272
0.508628 0.741298
0.432116 0.813276
0.545622 0.702297
0.784388 0.384735
0.793927 0.36968
0.460549 0.787897
0.560402 0.685953
0.986112 0.027766
0.701583 0.507805
0.738006 0.455376
0.376815 0.858066
0.908143 0.175277
0.690264 0.523535
0.835239 0.306487
0.95021 0.0973285
0.442973 0.803775
0.106537 0.98865
0.217218 0.952846
0.307163 0.905651
0.388586 0.849003
0.319299 0.898048
0.79953 0.360752
0.572368 0.672399
0.991462 0.0171809
0.368959 0.865293
0.0851726 0.992746
0.0463647 0.997948
0.959581 0.0792039
0.810291 0.353037
0.712652 0.492127
0.358113 0.871763
0.815036 0.335717
0.893786 0.201147
0.396236 0.842997
0.47324 0.776044
0.846979 0.282626
0.936536 0.1229
0.599745 0.640306
0.843449 0.288599
0.971944 0.0553257
0.748773 0.439338
0.697573 0.513392
0.742395 0.448912
0.331485 0.896058
0.485389 0.764397
0.610213 0.62764
0.753434 0.432343
0.969722 0.0597012
0.642696 0.586945
0.763857 0.416522
0.350498 0.877151
0.890359 0.207261
0.836477 0.300307
0.997019 0.0059536
0.126483 0.984002
0.611805 0.625695
0.0981988 0.990357
0.673327 0.546631
0.342735 0.882533
0.962943 0.0728021
0.33548 0.887453
0.785077 0.383654
0.516976 0.732737
0.497344 0.752649
0.205257 0.95787
0.855387 0.271414
0.0221697 0.99951
0.535474 0.713267
0.91357 0.165389
0.49765 0.752345
0.720091 0.481469
0.811729 0.341125
0.68239 0.534344
0.531115 0.717917
0.284985 0.918783
0.524879 0.724506
0.542516 0.705679
