72543 270.056
0.999991 0.000128033
0.999991 0.000128033
2.13371e-16 1.00003
2.13371e-16 1.00003
0.845334 0.286457
0.0683584 0.995366
0.911303 0.170204
0.932105 0.132666
0.308879 0.904648
0.65565 0.5702
0.472441 0.77688
0.630061 0.603109
0.275198 0.92435
0.766623 0.412371
0.446834 0.800412
0.87905 0.2296
0.745726 0.443968
0.499434 0.750642
0.131012 0.982886
0.948946 0.100991
0.184465 0.966018
0.893678 0.202375
0.693604 0.519012
0.243325 0.94083
0.858142 0.264025
0.675695 0.543538
0.552258 0.695086
0.340634 0.884088
0.214103 0.954227
0.71399 0.490305
0.386192 0.852084
0.963838 0.0713981
0.727776 0.470427
0.360014 0.871078
0.795454 0.367334
0.610602 0.627244
0.520873 0.728775
0.420215 0.823479
0.78531 0.383782
0.0336011 0.998918
0.987437 0.0258081
0.146223 0.978672
0.97621 0.0482365
0.814911 0.336023
0.595934 0.644938
0.536592 0.712147
0.406852 0.835223
0.814911 0.336023
0.578474 0.665451
0.579852 0.663858
0.65565 0.570227
2.13371e-16 1.00007
2.10075e-15 1.00006
0.579852 0.66386
0.579852 0.66386
0.610602 0.627253
0.595934 0.644951
0.610602 0.627258
2.10075e-15 1.00007
0.579852 0.66386
0.595934 0.644954
0.610602 0.627259
2.10075e-15 1.00007
0.595934 0.644954
0.610602 0.627259
2.10075e-15 1.00007
0.595934 0.644955
0.595934 0.644955
2.10075e-15 1.00007
0.595934 0.644955
2.10075e-15 1.00007
0.595934 0.644957
2.10075e-15 1.00007
0.595934 0.644957
2.10075e-15 1.00007
0.595934 0.644957
2.10075e-15 1.00007
0.595934 0.644959
2.10075e-15 1.00007
0.595934 0.64496
2.10075e-15 1.00007
0.595934 0.64496
2.10075e-15 1.00007
0.595934 0.644962
2.10075e-15 1.00007
0.595934 0.644962
2.10075e-15 1.00007
0.595934 0.644964
2.10075e-15 1.00007
0.595934 0.644964
2.10075e-15 1.00007
0.595934 0.644967
2.10075e-15 1.00007
0.595934 0.644967
2.10075e-15 1.00008
0.595934 0.644968
2.10075e-15 1.00008
0.595934 0.644968
2.10075e-15 1.00008
0.595934 0.644973
