490230 470.021
8.66395e-16 1
5.37285e-16 1
1.69634e-16 1
3.13731e-17 1
2.02642e-22 1.00002
4.62598e-16 1
3.97162e-16 1
1.92102e-17 1
4.88467e-18 1
3.25447e-18 1
7.32031e-19 1
4.61087e-18 1
3.75983e-19 1
1.50053e-18 1
5.30598e-21 1.00001
2.61544e-18 1
1.11649e-19 1
4.3788e-18 1
2.09639e-19 1
2.1764e-21 1.00001
1.66403e-21 1.00001
6.77584e-20 1
3.82259e-20 1
7.38093e-22 1.00002
7.17201e-16 1
3.81914e-16 1
1.2092e-16 1
3.12217e-17 1
4.95087e-22 1.00003
5.3195e-16 1
8.35372e-17 1
1.20583e-17 1
6.58831e-16 1
5.66862e-18 1
4.63981e-18 1
6.51153e-16 1
4.71814e-19 1
6.66007e-16 1
6.54117e-16 1
3.11197e-18 1
2.80916e-17 1
1.25176e-18 1
2.1219e-19 1
6.46752e-20 1.00001
3.79631e-18 1
1.16055e-20 1.00001
2.20065e-21 1.00001
1.66307e-19 1
1.12692e-18 1
1.80704e-20 1.00001
1.71693e-21 1.00001
1.93333e-18 1
1.28392e-21 1.00002
1.60001e-19 1
7.62822e-21 1.00001
1.39403e-21 1.00002
1.01827e-15 1
2.95664e-20 1.00001
7.19158e-22 1.00004
1.63764e-17 1
7.70611e-16 1
2.87525e-16 1
1.16773e-16 1
1.51116e-15 1.00004
1.36825e-15 1.00003
2.2654e-15 1.00006
3.02941e-15 1.00003
1.48172e-15 1.00006
1.98713e-15 1.00004
4.90669e-16 1.00004
2.56342e-15 1.00004
1.54674e-15 1.00004
6.31196e-16 1.00004
1.88075e-15 1.00003
6.96301e-16 1.00006
6.08799e-16 1.00004
1.97104e-15 1.00003
1.70881e-15 1.00005
2.19759e-15 1.00003
5.68234e-16 1.00004
1.8008e-15 1.00006
1.036e-15 1.00005
2.92203e-16 1.00004
9.14801e-17 1.00003
1.85519e-15 1.00003
1.13921e-15 1.00004
4.49738e-16 1.00004
1.40844e-16 1.00006
6.74424e-16 1.00005
1.67362e-16 1.00006
1.27716e-15 1.00003
9.43238e-16 1.00004
2.77479e-15 1.00004
3.23933e-16 1.00003
6.8579e-16 1.00003
5.94623e-16 1.00003
6.48777e-16 1.00004
2.34795e-16 1.00004
1.33568e-15 1.00005
1.17848e-15 1.00004
