434881 380.017
7.99871e-10 1.18989
0.871831 0.316558
7.99871e-10 1.18989
0.834229 0.374602
6.86012e-07 1.04426
0.166491 1.02532
0.169103 1.0149
0.299871 0.982526
0.755221 0.502492
0.52286 0.780028
0.586357 0.716464
3.14823e-07 1.06476
3.14823e-07 1.06476
0.462181 0.875231
0.462181 0.875231
0.709348 0.601283
0.755212 0.512308
0.871831 0.316558
0.834229 0.374602
0.522842 0.816197
7.99871e-10 1.18989
0.381548 0.904894
0.645863 0.655194
0.462196 0.840972
0.645863 0.655194
0.381548 0.904894
0.709354 0.562422
0.709348 0.601283
0.709354 0.562422
0.462188 0.862734
0.522849 0.782476
0.522842 0.816197
7.99871e-10 1.18989
0.462189 0.841012
0.166491 1.02532
6.86012e-07 1.04426
0.52286 0.780028
6.86012e-07 1.04426
0.709354 0.562422
0.166491 1.02532
0.755215 0.504807
6.86012e-07 1.04426
0.645866 0.648759
0.645863 0.655194
0.52286 0.780028
0.522849 0.782476
0.52286 0.780028
0.522842 0.816197
0.645866 0.648759
0.462188 0.862734
0.755215 0.504807
0.462196 0.840972
0.755221 0.502492
0.834229 0.374602
0.871831 0.316558
0.755212 0.512308
0.166491 1.02532
0.709348 0.601283
0.462181 0.875231
3.14823e-07 1.06476
3.14823e-07 1.06476
0.645863 0.655194
0.755215 0.504807
0.462196 0.840972
0.586357 0.716464
0.755221 0.502492
6.86012e-07 1.04426
0.871831 0.316558
0.645863 0.655194
0.755221 0.502492
7.99871e-10 1.18989
0.462189 0.841012
0.166491 1.02532
0.166491 1.02532
6.86012e-07 1.04426
0.645863 0.655194
0.709354 0.562422
0.522842 0.816197
0.645866 0.648759
0.462188 0.862734
0.755215 0.504807
0.522842 0.816197
0.834229 0.374602
0.645863 0.655194
0.462196 0.840972
0.645863 0.655194
0.709348 0.601283
3.14823e-07 1.06476
0.381548 0.904894
0.755215 0.504807
0.586357 0.716464
6.86012e-07 1.04426
0.871831 0.316558
0.353919 0.927494
0.871831 0.316558
0.709354 0.562422
0.522849 0.782476
6.86012e-07 1.04426
0.586357 0.716464
0.755212 0.512308
