28241 40.0029
1.34154e-13 1.00004
1.39049e-14 1.00004
1.56702e-16 1.00004
3.35278e-19 1.0002
9.84482e-15 1.00004
1.54321e-17 1.00005
9.70892e-19 1.0001
2.65754e-18 1.00009
8.11709e-18 1.00008
1.03853e-17 1.00007
5.52403e-18 1.00008
1.2078e-17 1.00007
1.35773e-13 1.00004
3.29493e-14 1.00004
2.0933e-14 1.00004
4.23375e-19 1.00035
3.15692e-15 1.00004
1.08647e-15 1.00005
1.40742e-14 1.00004
2.89094e-17 1.00006
3.53924e-16 1.00005
1.01788e-18 1.00011
2.0811e-16 1.00005
1.64945e-17 1.00006
1.55622e-16 1.00005
1.93535e-16 1.00005
4.0954e-18 1.00009
3.14265e-15 1.00004
2.89748e-18 1.00009
8.94522e-18 1.00008
9.37152e-18 1.00008
1.58097e-13 1.00004
5.17294e-14 1.00004
2.58079e-14 1.00004
5.13701e-16 1.00005
1.44925e-13 1.00004
1.35758e-18 1.00026
2.35647e-15 1.00005
7.06793e-17 1.00006
4.5847e-14 1.00004
9.60096e-15 1.00005
3.41833e-16 1.00005
2.26747e-18 1.00016
2.5132e-14 1.00005
2.03389e-17 1.00007
2.36457e-16 1.00006
1.03881e-14 1.00005
3.27975e-17 1.00006
5.96811e-18 1.00011
9.35742e-18 1.00008
8.07798e-18 1.00009
4.84538e-18 1.00014
1.73894e-13 1.00004
2.55121e-18 1.00022
9.1304e-16 1.00005
4.93371e-15 1.00005
1.67388e-13 1.00004
6.8444e-14 1.00004
2.78427e-14 1.00004
8.07985e-17 1.00006
2.00154e-14 1.00005
2.29264e-17 1.00007
2.67868e-14 1.00004
1.50005e-13 1.00008
1.07474e-14 1.00006
1.51361e-13 1.00008
1.36932e-13 1.00008
1.13609e-13 1.00007
1.39072e-13 1.00008
1.1252e-13 1.00006
1.81826e-14 1.00007
1.19913e-13 1.00006
9.82406e-14 1.00008
1.194e-13 1.00007
1.36086e-13 1.00008
1.05598e-13 1.00006
1.07591e-13 1.00006
1.08715e-13 1.00006
1.3923e-13 1.00009
1.96386e-14 1.00006
1.16183e-13 1.00007
1.05262e-13 1.00006
1.2494e-13 1.00005
1.28006e-14 1.00007
9.78128e-14 1.00007
5.22613e-14 1.00008
1.57029e-13 1.00008
1.32143e-13 1.00009
3.79165e-14 1.00007
1.25909e-13 1.00007
1.59196e-13 1.00008
1.5087e-13 1.00007
1.43654e-13 1.00006
1.48136e-13 1.00006
4.8824e-14 1.00006
1.31366e-13 1.00006
1.72722e-14 1.00009
2.62372e-14 1.00008
1.50543e-13 1.00006
1.377e-14 1.00006
