483453 460.022
8.17955e-11 1.52269
8.17955e-11 1.52269
0.967445 0.150157
0.967445 0.150157
0.642048 0.678779
0.5394 0.76152
0.307642 0.968204
0.187235 1.00731
0.834865 0.467264
0.872748 0.324511
0.402866 0.909281
0.5394 0.76152
0.872748 0.324511
0.872748 0.324511
0.187235 1.00731
0.762242 0.489638
0.0931452 1.03129
0.539395 0.785266
0.688721 0.61155
0.834865 0.467264
0.476912 0.885791
0.483691 0.821631
0.402882 0.888109
0.937175 0.205254
8.17955e-11 1.52269
0.872748 0.324511
0.476912 0.885791
0.762232 0.536055
0.937168 0.254253
0.642048 0.678779
0.642048 0.678779
0.0595892 1.04346
0.642048 0.678779
0.0931452 1.03129
0.307642 0.968204
0.698459 0.578822
0.762232 0.536055
0.477715 0.841915
0.937175 0.205254
0.937173 0.238336
0.476918 0.869958
0.483691 0.821631
0.688721 0.61155
0.0931452 1.03129
0.5394 0.76152
0.642048 0.678779
0.717865 0.558262
0.477715 0.841915
0.477715 0.841915
0.402882 0.888109
0.937173 0.238336
0.402866 0.909281
0.476918 0.869958
0.307649 0.958407
0.477715 0.841915
0.0595892 1.04346
0.307649 0.958407
0.402866 0.909281
0.937173 0.238336
0.0931452 1.03129
0.762232 0.536055
0.307642 0.968204
0.0931452 1.03129
0.0595892 1.04346
0.476912 0.885791
0.642048 0.678779
0.5394 0.76152
0.5394 0.76152
0.642048 0.678779
0.5394 0.76152
0.0595892 1.04346
0.834865 0.467264
0.937168 0.254253
0.834865 0.467264
0.307649 0.958407
0.762232 0.536055
0.5394 0.76152
0.872748 0.324511
0.834865 0.467264
0.483691 0.821631
0.476918 0.869958
0.0931452 1.03129
0.477715 0.841915
0.0595892 1.04346
0.307649 0.958407
0.402866 0.909281
0.937175 0.205254
0.762242 0.489638
0.307642 0.968204
0.872748 0.324511
0.476912 0.885791
0.187235 1.00731
0.5394 0.76152
0.5394 0.76152
0.762232 0.536055
0.0595892 1.04346
0.872748 0.324511
0.937168 0.254253
0.834865 0.467264
0.307649 0.958407
