133626 150.012
8.27446e-11 1.0003
5.17425e-11 1.00035
8.74405e-14 1.0005
6.29278e-12 1.00042
2.20723e-15 1.00084
9.31074e-12 1.0004
5.87282e-12 1.00048
8.92463e-12 1.0004
3.33258e-14 1.0006
5.12796e-15 1.00069
2.09677e-09 1.00033
5.67288e-11 1.00035
5.09412e-10 1.00034
1.23129e-11 1.00042
2.20115e-13 1.00052
3.32446e-15 1.00126
1.76868e-12 1.00051
5.41749e-11 1.0004
6.98604e-12 1.00045
7.38152e-12 1.00045
1.08299e-11 1.00044
1.2767e-13 1.00057
2.34835e-14 1.00078
9.93336e-15 1.00095
5.9714e-12 1.0005
6.73687e-14 1.00072
9.99558e-14 1.00065
2.23196e-09 1.00034
2.91601e-10 1.00035
1.9892e-09 1.00035
6.7502e-11 1.00037
7.16703e-12 1.00046
1.57852e-11 1.00043
9.00598e-11 1.00036
5.53565e-11 1.00041
4.23116e-13 1.00054
2.80111e-11 1.00043
5.21722e-15 1.00372
1.15843e-14 1.00097
2.40787e-12 1.00052
4.20946e-12 1.00052
4.12039e-11 1.00043
3.33074e-14 1.00086
1.59372e-13 1.00058
1.38759e-13 1.00069
7.44642e-14 1.00079
1.05192e-14 1.00319
1.53931e-13 1.00059
8.6626e-14 1.00079
2.44747e-09 1.00035
1.78192e-10 1.00037
9.11243e-10 1.00036
7.83412e-11 1.00039
1.38055e-14 1.00123
9.35668e-13 1.00054
2.183e-11 1.00044
4.49074e-11 1.00043
2.7579e-13 1.00071
1.08172e-11 1.00047
8.37805e-12 1.00048
1.53935e-11 1.00047
7.97106e-12 1.0005
2.6189e-13 1.00082
2.24585e-10 1.00108
7.59199e-10 1.00091
4.36323e-10 1.00116
3.52983e-10 1.00098
1.44364e-10 1.00131
8.61116e-10 1.00093
7.1834e-10 1.00114
7.06726e-10 1.00089
8.65986e-10 1.00142
8.03778e-10 1.0012
1.04641e-09 1.0013
9.39713e-10 1.00141
4.36231e-10 1.00156
7.26523e-10 1.00091
1.75377e-11 1.001
1.13732e-10 1.00093
1.59144e-10 1.00149
1.41771e-10 1.00093
3.03946e-10 1.00127
7.83083e-10 1.00117
4.80568e-10 1.00103
3.34274e-10 1.00091
8.93868e-10 1.00088
9.44471e-10 1.00168
2.71629e-10 1.00134
3.38553e-11 1.00078
1.84234e-10 1.00092
1.74521e-10 1.00088
2.85952e-10 1.00094
1.89808e-11 1.00099
6.16964e-10 1.00086
7.29812e-11 1.00106
1.49593e-09 1.00143
2.42933e-10 1.00132
6.4841e-11 1.00114
3.85887e-11 1.00117
3.0271e-10 1.00124
