110037 160.011
9.99356e-05 1
1 1.69061e-06
0.0474797 1.06606
0.935031 0.590369
1.09506e-05 1.0297
0.801644 0.652007
0.789692 0.705079
0.970177 0.42931
2.91568e-05 1.01217
0.881073 0.407768
0.947874 0.451435
0.999969 0.492957
0.999615 0.346603
0.00162915 1.0622
0.00162915 1.0622
0.888526 0.594046
0.075393 1.103
0.432387 0.983095
0.829173 0.466368
0.929956 0.56854
0.186837 1.05575
0.810494 0.607213
0.995974 0.767843
0.0724122 1.0435
0.0783529 1.19442
0.770771 0.786498
0.866008 0.553983
0.0361853 1.03516
0.0361853 1.03516
0.882657 0.635004
0.929956 0.56854
0.922359 0.614102
0.974582 0.227228
0.0724122 1.0435
0.966124 0.424301
0.448759 1.04409
0.0254496 1.2181
0.0394948 1.15383
0.922359 0.614102
0.0187054 1.20277
0.983709 0.266097
0.957927 0.335237
0.813219 0.477946
0.794941 0.56873
0.794941 0.56873
0.843069 0.483092
0.0783529 1.19442
0.0438487 1.06993
0.888633 0.404941
0.813219 0.477946
0.77696 0.60393
0.746689 0.607523
0.881073 0.407768
0.911507 0.617394
0.9788 0.708455
0.442521 0.887537
0.205048 1.11207
0.947874 0.451435
0.0137844 1.24825
0.966124 0.424301
0.746689 0.607523
0.980414 0.765749
0.201969 1.00367
0.983709 0.266097
0.442521 0.887537
0.994484 0.532904
0.553903 0.877684
0.279866 1.08215
0.117725 1.05301
0.448759 1.04409
0.432387 0.983095
0.903562 0.637057
0.957927 0.335237
0.991002 0.756511
0.644651 0.891555
0.0438487 1.06993
0.644651 0.891555
0.752437 0.630308
0.999615 0.346603
2.91568e-05 1.01217
0.982689 0.24193
0.0322644 1.35771
0.752437 0.630308
0.888526 0.594046
0.0474797 1.06606
0.186837 1.05575
0.770771 0.786498
0.99996 0.352562
0.977286 0.490942
0.982689 0.24193
0.265584 1.07626
0.553903 0.877684
0.994484 0.532904
0.135609 1.16517
0.947874 0.451435
0.0272119 1.21903
0.801644 0.652007
0.974582 0.227228
0.903562 0.637057
0.970177 0.42931
