150913 530.099
0 1
1 0
0.597978 0.642423
0.759738 0.422798
0.695445 0.516412
0.790833 0.374584
0.420648 0.823056
0.574305 0.670179
0.213944 0.954228
0.840379 0.293763
0.731667 0.464667
0.395353 0.843696
0.775887 0.397999
0.172333 0.972073
0.743198 0.447657
0.546012 0.701871
0.40893 0.832779
0.801429 0.357712
0.827193 0.315751
0.524652 0.728334
0.198126 0.960746
0.363877 0.867593
0.750442 0.436836
0.527959 0.721259
0.0563986 0.996819
0.987814 0.0242392
0.63024 0.602798
0.672742 0.54742
0.778575 0.393821
0.707682 0.499186
0.663941 0.560071
0.810023 0.343868
0.821722 0.324785
0.721974 0.478753
0.308151 0.905043
0.147688 0.980998
0.282033 0.920457
0.505249 0.744723
0.478447 0.771088
0.103646 0.989258
0.235234 0.944665
0.353249 0.875325
0.321581 0.896594
0.0405027 0.99836
0.439403 0.806925
0.343039 0.882325
0.457464 0.790728
0.438224 0.80796
0.651767 0.5752
0.148415 0.977974
0.959008 0.0803187
0.97185 0.0555073
0.119865 0.985632
0.88535 0.216155
0.9064 0.178442
0.858325 0.263278
0.268932 0.927676
0.380208 0.855442
0.932938 0.129651
0.849718 0.27798
0.561331 0.684907
0.683182 0.53417
0.940159 0.116101
0.620406 0.615394
0.464907 0.783861
0.921263 0.151276
0.943423 0.109953
0.980284 0.0390441
0.377509 0.857487
0.610621 0.627143
0.0764459 0.994156
0.966959 0.0649913
0.877671 0.229694
0.573228 0.67141
0.656519 0.568983
0.861626 0.257601
0.9293 0.136587
0.550305 0.697164
0.490943 0.758976
0.0903047 0.991845
0.472695 0.77656
0.6408 0.589375
0.716544 0.486566
0.248011 0.938491
0.875218 0.233993
0.950876 0.0958349
0.641768 0.588136
0.846834 0.282872
0.97812 0.0433458
0.913255 0.165965
0.29927 0.910917
0.019073 0.999636
0.901092 0.188033
0.494546 0.755425
0.681264 0.53897
0.558805 0.687742
0.962281 0.0740153
0.923482 0.14718
0.0237527 0.999436
0.807551 0.347861
