390891 340.019
4.86236e-09 1.74238
0.93521 0.224992
7.83191e-09 1.41209
5.28097e-08 1.05467
7.83191e-09 1.41209
4.86236e-09 1.74238
0.113293 1.04231
0.455829 0.888624
0.257053 0.993947
0.617041 0.691243
0.353405 0.931917
0.25706 0.990204
0.821953 0.417074
0.25706 0.990204
0.455835 0.852788
0.532466 0.784704
0.113293 1.04231
0.594193 0.719666
0.746028 0.526651
0.532466 0.784704
0.891093 0.347363
0.836906 0.390207
0.532466 0.784704
0.762046 0.515948
0.594193 0.719666
0.532466 0.784704
0.821953 0.417074
0.257053 0.993947
0.762046 0.515948
0.891104 0.30144
0.836906 0.390207
0.532466 0.784704
0.113293 1.04231
0.455835 0.852788
0.617041 0.691243
0.455835 0.852788
0.836906 0.390207
0.455829 0.888624
7.76763e-06 1.05442
0.257053 0.993947
0.891093 0.347363
5.28097e-08 1.05467
0.257053 0.993947
7.76763e-06 1.05442
4.86236e-09 1.74238
0.25706 0.990204
0.594193 0.719666
7.76763e-06 1.05442
0.25706 0.990204
0.821953 0.417074
0.455835 0.852788
0.594193 0.719666
0.821953 0.417074
0.836906 0.390207
0.113293 1.04231
0.353405 0.931917
0.113293 1.04231
0.891093 0.347363
0.594193 0.719666
4.86236e-09 1.74238
0.617041 0.691243
0.836906 0.390207
0.257053 0.993947
0.891093 0.347363
7.83191e-09 1.41209
0.617041 0.691243
0.594193 0.719666
0.113293 1.04231
0.532466 0.784704
0.836906 0.390207
0.762046 0.515948
4.86236e-09 1.74238
0.455835 0.852788
0.257053 0.993947
0.821953 0.417074
0.594193 0.719666
0.113293 1.04231
0.25706 0.990204
0.353405 0.931917
0.532466 0.784704
0.891093 0.347363
7.76763e-06 1.05442
0.617041 0.691243
0.532466 0.784704
0.257053 0.993947
0.746028 0.526651
7.83191e-09 1.41209
0.353399 0.931994
0.762046 0.515948
0.25706 0.990204
0.746018 0.621679
0.532466 0.784704
7.76763e-06 1.05442
0.821953 0.417074
0.113293 1.04231
0.617041 0.691243
0.455835 0.852788
0.532466 0.784704
0.353405 0.931917
0.257055 0.9909
