371654 540.037
9.01047e-05 1
1 2.4506e-07
0.148684 1.09812
0.440612 0.993832
2.38289e-05 1.01268
0.000128538 1.00399
0.702258 0.924689
1.32373e-05 1.0391
0.728246 0.776238
1 0.316589
0.00378267 1.09818
3.98128e-06 1.07091
0.238463 1.04902
0.00378267 1.09818
0.525007 1.06889
0.348637 1.03706
0.882899 0.528698
0.949353 0.367144
1 0.11546
0.818382 0.64334
0.722864 0.648074
0.702258 0.924689
0.89118 0.47649
0.278082 1.07089
3.70413e-06 1.15743
0.0538875 1.11495
0.512632 1.01034
0.809776 0.628048
0.383199 0.946045
0.930745 0.326258
4.58962e-06 1.01827
0.941279 0.518478
0.949066 0.369907
0.0123922 1.09049
0.793153 0.564395
0.999999 0.374396
0.525007 1.06889
0.763561 0.81507
0.937309 0.444099
0.910593 0.329907
0.882899 0.528698
3.98128e-06 1.07091
0.834589 0.470155
0.896576 0.541741
0.750413 0.772238
0.602609 0.952509
5.709e-06 1.0807
0.999099 0.312062
0.933077 0.305301
0.979743 0.48372
0.0340084 1.03281
0.0340088 1.07429
0.834589 0.470155
0.898911 0.523139
0.937509 0.239034
0.940928 0.339188
2.38289e-05 1.01268
0.000740496 1.08496
0.999999 0.374396
0.0340088 1.07429
0.102205 1.31877
4.58962e-06 1.01827
0.533969 1.01272
0.949066 0.369907
0.999099 0.312062
0.978362 0.318643
0.0724599 1.2441
0.897142 0.385949
9.01047e-05 1
0.000128538 1.00399
0.750413 0.772238
4.743e-06 1.06997
0.575162 1.01383
0.140343 1.07963
1.17257e-05 1.02724
0.941379 0.296869
0.728246 0.776238
0.935884 0.439676
1 0.430142
0.799427 0.640776
0.910593 0.329907
0.888472 0.672216
0.935884 0.439676
0.949353 0.367144
1 0.430142
1 0.11546
0.809776 0.628048
0.282695 1.0464
0.658866 0.98942
0.897142 0.385949
9.01047e-05 1
0.978362 0.318643
1.40181e-05 1.08889
0.0340084 1.03281
0.278082 1.07089
0.102205 1.31877
0.00847359 1.17904
0.282695 1.0464
0.0048274 1.11392
4.743e-06 1.06997
