114145 370.067
0.446506 0.801759
0.827347 0.327298
0.5 0.754742
0.322903 0.900136
0.706696 0.507819
0.173823 0.971015
0.618236 0.619722
0.972614 0.0611671
0.804535 0.361407
0.451641 0.796789
0.818542 0.337289
0.796248 0.375684
0.789596 0.379262
1 0.0132478
0.311298 0.904969
0.204097 0.960339
1 0.0218309
1 0.00786301
1 0.00874765
0.615511 0.632157
0.5 0.752972
1 0.00331197
0.755187 0.448772
0.276818 0.926066
0.624976 0.612156
1 0.00559544
0.652643 0.576343
0.507255 0.750282
0.694658 0.524732
0.65178 0.579715
0.835234 0.304515
0.731138 0.468379
0.0989188 0.991254
0.694332 0.518054
0.766027 0.417078
0.682652 0.537762
0.77048 0.407901
0.452709 0.800647
0 1.00052
1 0.00377719
0.579066 0.670428
1 0.0170242
0.0972772 0.993109
1 0.00141947
0.413124 0.831636
0.762194 0.424961
1 0.0101862
1 0.00896814
1 0.00644555
0.423924 0.822743
0 1.00061
0.612202 0.62971
1 0.00475463
1 0.00628868
0.201926 0.962646
0.901682 0.188938
0.253377 0.940794
1 0.00442156
0.835969 0.307931
0.44389 0.806545
1 0.00167545
0.5 0.75237
0.907329 0.178177
0.78269 0.388097
0.935719 0.12611
1 0.0119219
0.0546883 0.999027
0.37485 0.863071
0.341495 0.88814
0 1.00195
0.5 0.756765
0.96022 0.0835724
1 0.00554103
0.787438 0.382455
0.199482 0.962465
0.962125 0.0793028
0.767485 0.413363
0.339894 0.887548
0.26806 0.93574
0.775978 0.404649
1 0.00200977
0.631536 0.606431
0.489483 0.765758
1 0.00174624
0.258153 0.93883
0.851193 0.280419
0.768948 0.410734
0.320594 0.901828
0.5 0.756335
0.561461 0.687868
0 1.00272
0.266503 0.930613
0.540927 0.70865
0.57513 0.674151
1 0.00786515
0.844594 0.289719
0.373608 0.863056
0.81201 0.351363
0.5 0.755634
0.742126 0.452143
