118230 170.009
9.99514e-05 1
0.999991 1.95791e-05
0.960478 0.163051
0.966949 0.171531
0.692693 0.715763
0.960478 0.163051
2.56942e-05 1.08585
0.200952 1.1125
0.0915968 1.12672
0.302609 1.06942
5.33247e-05 1.00659
0.990617 0.274786
0.00523793 1.06501
0.83893 0.652867
0.993323 0.36439
0.857109 0.442179
0.430607 0.936628
0.260578 1.16784
3.80352e-05 1.06137
0.999992 0.109596
0.751249 0.591023
0.0183146 1.16799
0.999995 0.327279
0.935164 0.206511
0.302609 1.06942
0.25358 1.07687
0.281989 1.04947
0.538296 0.923876
0.140717 1.07897
0.477392 1.04311
0.954383 0.301574
0.0682503 1.15937
1.77382e-06 1.08887
0.492095 0.995509
0.338608 1.0397
7.3754e-05 1.05864
0.898328 0.507787
0.999995 0.327279
0.942537 0.369149
0.140717 1.07897
0.246806 1.06211
0.819552 0.498652
0.276442 0.96333
0.880354 0.45541
0.997569 0.384109
0.530383 0.887944
0.896291 0.566611
0.492095 0.995509
0.701345 0.701492
0.890694 0.381447
0.767076 0.628154
0.875377 0.599881
0.955491 0.338226
0.94184 0.213368
0.582923 0.844608
0.538296 0.923876
0.0183146 1.16799
2.03204e-05 1.14044
3.96429e-05 1.02219
0.338608 1.0397
0.990617 0.274786
0.0288212 1.13354
2.56942e-05 1.08585
0.857109 0.442179
7.3754e-05 1.05864
3.80352e-05 1.06137
0.94184 0.213368
0.616 0.822055
0.819552 0.498652
0.154141 1.07568
0.2744 1.05339
0.878684 0.478365
0.279473 1.32764
0.166608 1.29368
0.942537 0.369149
0.155519 1.08937
0.345502 0.979655
0.530383 0.887944
0.94742 0.337927
0.997569 0.384109
0.414585 1.0822
0.746376 0.627887
0.94641 0.242068
0.249986 0.997213
0.826694 0.607298
0.345502 0.979655
2.03204e-05 1.14044
0.872908 0.65828
0.183206 1.07204
0.751249 0.591023
0.414585 1.0822
0.616 0.822055
0.312938 1.01135
0.767076 0.628154
3.96429e-05 1.02219
0.875377 0.599881
0.246806 1.06211
0.994187 0.103943
0.966949 0.171531
0.430607 0.936628
