286556 410.028
4.00572e-14 1
1.59626e-14 1
2.15921e-17 1
3.00515e-15 1
6.82517e-15 1
2.87921e-14 1
2.02351e-20 1.00005
2.46785e-14 1
3.49215e-14 1
2.00336e-14 1
2.79734e-14 1
5.24223e-16 1
5.21095e-15 1
2.00299e-19 1.00001
2.90078e-15 1
3.77426e-16 1
2.32444e-14 1
4.39281e-18 1.00001
5.06883e-20 1.00003
4.02128e-18 1.00001
2.02551e-18 1.00001
1.52929e-19 1.00003
4.83376e-14 1
3.68881e-15 1
4.14659e-14 1
3.71312e-20 1.00005
2.07898e-14 1
2.7976e-14 1
3.45095e-14 1
1.51069e-15 1
3.1171e-14 1
1.83691e-14 1
8.24126e-15 1
1.24455e-14 1
3.2345e-14 1
4.04005e-16 1.00001
1.47095e-14 1
1.54105e-14 1
8.94865e-16 1
2.8457e-19 1.00001
3.97337e-14 1
2.59164e-14 1
3.13562e-17 1.00001
6.90792e-17 1.00001
3.15827e-16 1.00001
2.32334e-16 1.00001
7.12882e-18 1.00001
2.71263e-17 1.00001
2.27971e-17 1.00001
1.34573e-17 1.00001
2.0921e-19 1.00002
1.73206e-19 1.00003
2.75328e-14 1
2.28043e-16 1.00001
2.26344e-16 1.00001
6.62025e-18 1.00001
2.02431e-19 1.00003
5.3141e-14 1
2.1792e-19 1.00003
3.01891e-14 1
2.65106e-17 1.00001
4.61854e-15 1
6.8575e-16 1.00001
2.91667e-14 1.00001
4.37079e-14 1.00001
2.29118e-14 1.00001
4.11296e-14 1.00001
4.45757e-14 1.00001
3.31607e-14 1.00001
5.12114e-14 1.00001
3.03745e-14 1.00001
3.86615e-14 1.00001
5.69066e-14 1.00001
3.48677e-14 1.00001
3.04317e-14 1.00001
2.89856e-14 1.00001
1.59845e-14 1.00001
3.1309e-14 1.00001
3.6864e-14 1.00002
3.35984e-14 1.00001
3.39942e-14 1.00001
4.67667e-14 1.00001
3.26696e-14 1.00001
4.10265e-14 1.00001
3.74199e-14 1.00001
4.84579e-14 1.00001
3.81201e-14 1.00001
4.91667e-14 1.00001
2.91975e-14 1.00001
2.06926e-14 1.00001
4.57165e-14 1.00001
3.88427e-14 1.00002
4.55722e-14 1.00001
4.81134e-14 1.00001
3.41719e-14 1.00001
2.53791e-14 1.00001
5.09955e-14 1.00001
3.52415e-14 1.00001
4.50614e-14 1.00001
5.12723e-14 1.00002
