39026 150.035
0.999991 0.000128033
0.999991 0.000128033
2.13371e-16 1.00003
2.13371e-16 1.00003
0.811081 0.342248
0.845334 0.286457
0.0683584 0.995366
0.446834 0.800412
0.479227 0.770408
0.911303 0.170204
0.932105 0.132666
0.308879 0.904648
0.275198 0.92435
0.87905 0.2296
0.131012 0.982886
0.948946 0.100991
0.184465 0.966018
0.893678 0.202375
0.243325 0.94083
0.858142 0.264025
0.749774 0.437941
0.766623 0.412371
0.678925 0.539155
0.696987 0.514312
0.659072 0.565706
0.340634 0.884088
0.214103 0.954227
0.730701 0.466159
0.386192 0.852084
0.716148 0.487226
0.963838 0.0713981
0.360014 0.871078
0.538245 0.710362
0.420215 0.823479
0.78531 0.383782
0.0336011 0.998918
0.987437 0.0258081
0.146223 0.978672
0.510865 0.73909
0.97621 0.0482365
0.626998 0.606972
0.577374 0.666721
0.795454 0.367334
0.564583 0.681332
0.503963 0.746098
0.406852 0.835223
0.611702 0.625915
0.547668 0.700141
0.642269 0.587572
0.642269 0.587572
0.601165 0.638676
0.595934 0.644934
0.595934 0.644934
0.611702 0.625916
2.10075e-15 1.00006
0.577374 0.666728
0.595934 0.644943
0.601165 0.638693
0.601165 0.638701
2.10075e-15 1.00007
0.577374 0.666733
0.595934 0.644943
0.595934 0.644944
2.10075e-15 1.00007
0.577374 0.666738
0.595934 0.644944
2.10075e-15 1.00007
0.595934 0.644947
2.10075e-15 1.00007
0.595934 0.644951
2.10075e-15 1.00007
0.595934 0.644952
2.10075e-15 1.00007
0.595934 0.644953
2.10075e-15 1.00007
0.595934 0.644953
2.10075e-15 1.00008
0.595934 0.644953
2.10075e-15 1.00008
0.595934 0.644953
2.10075e-15 1.00008
0.595934 0.644956
2.10075e-15 1.00008
0.595934 0.644956
2.10075e-15 1.00008
0.595934 0.644959
2.10075e-15 1.00008
0.595934 0.644959
0.595934 0.64496
0.595934 0.644961
0.595934 0.644961
0.595934 0.644962
0.595934 0.644962
0.595934 0.644962
0.595934 0.644965
0.595934 0.644967
0.595934 0.644968
0.595934 0.644969
0.595934 0.644971
0.595934 0.644972
