516078 260.007
0.976349 0.148452
2.81535e-10 1.13993
2.81535e-10 1.13993
2.81535e-10 1.13993
0.619524 0.689106
0.619524 0.689106
0.619524 0.689106
0.390397 0.910319
0.74107 0.529935
3.72069e-06 1.05198
0.129081 1.0483
0.74107 0.529935
0.276734 1.00782
0.871973 0.338322
0.74107 0.529935
0.40917 0.892822
0.465942 0.847329
0.517667 0.797158
0.575748 0.759582
0.517667 0.797158
0.183418 1.01997
3.72069e-06 1.05198
0.619518 0.699015
0.77165 0.486015
0.74107 0.529935
0.821144 0.44853
0.575751 0.738814
0.793807 0.455216
0.77165 0.486015
0.465942 0.847329
0.74107 0.529935
0.74107 0.529935
0.166095 1.02724
0.575751 0.738814
0.77165 0.486015
0.40917 0.892822
0.129081 1.0483
0.821146 0.41736
0.129081 1.0483
0.183418 1.01997
0.465942 0.847329
0.276737 0.994753
0.823628 0.407061
0.183418 1.01997
0.129088 1.03762
0.74107 0.529935
0.821146 0.41736
0.821146 0.41736
2.81535e-10 1.13993
2.81535e-10 1.13993
0.276737 0.994753
0.871983 0.329112
0.276734 1.00782
0.276734 1.00782
0.871973 0.338322
0.183418 1.01997
0.821144 0.44853
0.821146 0.41736
0.575751 0.738814
3.72069e-06 1.05198
0.77165 0.486015
0.575751 0.738814
0.821146 0.41736
0.619518 0.699015
0.619524 0.689106
0.276737 0.994753
0.166095 1.02724
0.793807 0.455216
0.793807 0.455216
0.77165 0.486015
0.276737 0.994753
0.871973 0.338322
0.517667 0.797158
0.183418 1.01997
0.40917 0.892822
0.575748 0.759582
0.465942 0.847329
0.74107 0.529935
0.517667 0.797158
0.793807 0.455216
0.871973 0.338322
0.821146 0.41736
0.276734 1.00782
0.77165 0.486015
0.575751 0.738814
0.821146 0.41736
0.619518 0.699015
0.871983 0.329112
3.72069e-06 1.05198
0.976349 0.148452
0.390397 0.910319
2.81535e-10 1.13993
0.821146 0.41736
0.183418 1.01997
0.276737 0.994753
0.183418 1.01997
0.40917 0.892822
0.129081 1.0483
0.465942 0.847329
0.40917 0.892822
