337515 180.006
0.951506 0.319782
0.951506 0.319782
0.779189 0.540606
0.951501 0.453112
0.181953 1.05339
1.54073e-07 1.14663
0.779189 0.540606
0.48132 0.89021
0.481326 0.882266
0.543181 0.80717
0.0820646 1.07639
0.292366 0.999801
0.779188 0.554584
0.721074 0.604865
0.610838 0.783863
0.481326 0.882266
0.0820646 1.07639
0.181953 1.05339
0.951501 0.402474
0.951506 0.319782
0.36924 0.962342
0.721074 0.604865
0.64321 0.696455
0.610847 0.737407
0.48132 0.89021
0.181953 1.05339
0.292366 0.999801
0.684448 0.64666
0.249121 1.02263
0.249121 1.02263
0.951501 0.402474
0.951501 0.402474
0.64322 0.696398
0.660865 0.671656
0.684448 0.64666
0.951501 0.402474
0.610847 0.737407
0.36924 0.962342
0.292366 0.999801
0.779188 0.554584
2.60892e-06 1.12115
5.23905e-06 1.08685
0.211878 1.03851
1.54073e-07 1.14663
2.60892e-06 1.12115
0.684438 0.671004
0.660865 0.671656
0.684438 0.671004
0.543181 0.80717
0.211878 1.03851
0.951501 0.453112
0.610845 0.775024
0.48132 0.89021
0.684448 0.64666
1.54073e-07 1.14663
0.48132 0.89021
0.684448 0.64666
0.48132 0.89021
0.292366 0.999801
0.181953 1.05339
5.23905e-06 1.08685
0.249121 1.02263
0.64322 0.696398
0.610847 0.737407
0.951501 0.402474
0.779189 0.540606
0.660865 0.671656
0.779188 0.554584
0.610847 0.737407
1.54073e-07 1.14663
0.610847 0.737407
1.54073e-07 1.14663
0.721074 0.604865
2.60892e-06 1.12115
0.951506 0.319782
0.36924 0.962342
0.249121 1.02263
0.684438 0.671004
0.481326 0.882266
0.211878 1.03851
2.60892e-06 1.12115
0.610845 0.775024
0.48132 0.89021
0.684448 0.64666
0.48132 0.89021
0.951501 0.402474
2.60892e-06 1.12115
0.36924 0.962342
0.64322 0.696398
0.610847 0.737407
0.951501 0.402474
0.779189 0.540606
0.660865 0.671656
0.779188 0.554584
1.54073e-07 1.14663
0.292366 0.999801
1.54073e-07 1.14663
0.383974 0.940155
1.54073e-07 1.14663
0.481326 0.882266
