213192 310.024
9.81184e-05 1
0.999988 2.49282e-05
0.952542 0.582576
0.965768 0.480443
0.765933 0.533639
0.343148 1.13199
0.73035 0.729487
0.947839 0.440516
0.766914 0.732987
0.236413 1.03601
0.355646 0.978399
0.936099 0.743352
0.776376 0.80676
0.300293 1.12787
0.980521 0.529805
0.757209 0.732629
0.34516 1.14223
0.300293 1.12787
0.14133 1.02164
0.236413 1.03601
0.972863 0.601906
0.296294 1.07148
0.862432 0.667482
0.929092 0.480472
0.929317 0.482117
0.99879 0.242247
0.995028 0.668804
0.0383257 1.23728
0.355646 0.978399
0.122979 1.07876
0.872763 0.68933
0.916788 0.533659
0.581326 0.942331
0.595038 0.946861
0.542919 0.865517
0.73035 0.718388
0.965768 0.480443
0.872763 0.68933
0.875009 0.649501
0.0799174 1.07654
0.999991 0.42682
0.991637 0.630348
7.1327e-05 1.04083
0.786026 0.610302
0.0647059 1.11975
0.862432 0.667482
0.961985 0.409245
0.542919 0.865517
0.786026 0.610302
0.255427 1.11135
0.0799174 1.07654
0.719757 0.837372
0.977207 0.5697
0.899214 0.448532
0.915547 0.700129
0.296294 1.07148
8.83713e-08 1.19062
0.991281 0.322924
0.318049 1.15311
0.157432 1.09852
0.0782153 1.08154
0.991281 0.322924
0.255427 1.11135
0.929092 0.480472
0.99999 0.273701
0.945889 0.76501
3.07498e-07 1.15865
0.982242 0.367805
0.995598 0.445569
0.571371 0.978524
0.403452 1.03861
0.00631825 1.0804
2.84421e-05 1.1151
0.14133 1.02164
0.571371 0.978524
0.929317 0.482117
0.157432 1.09852
0.980521 0.529805
0.428642 0.970406
0.389107 1.10619
0.00631825 1.0804
0.915547 0.700129
0.298886 1.14307
1.03682e-05 1.03173
0.977207 0.5697
0.766914 0.732987
0.899214 0.448532
0.99879 0.242247
0.930788 0.529094
0.719757 0.837372
0.165762 1.09628
0.923965 0.415334
0.999997 0.227731
0.965298 0.404698
0.993398 0.507587
0.864275 0.671866
0.991637 0.630348
1.03682e-05 1.03173
3.07498e-07 1.15865
0.119343 1.16346
