36420 120.021
0.272312 0.926162
0.129292 0.984627
0.810376 0.347365
0.565771 0.692492
0.342894 0.886148
0.5 0.75604
0.5 0.757052
0.791147 0.377687
1 0.00156299
0.379156 0.857355
0.675527 0.545218
0.148048 0.983279
0.0319998 1.00438
0.5 0.754055
0.50838 0.748738
1 0.00497215
0.604271 0.639811
0.191046 0.967608
0.692168 0.523055
0.379834 0.859041
0.360542 0.87117
1 0.00355329
0.744084 0.453225
0.387661 0.852012
0.11898 0.990324
0.533098 0.719312
1 0.00913444
0.843387 0.292514
0.311326 0.910106
0.857947 0.267792
0.419713 0.825285
0.507692 0.745048
0.952574 0.097508
0.5 0.750061
0.82066 0.332743
0.576156 0.672498
0.791001 0.383966
1 0.0025585
0.901574 0.19066
0.986654 0.0306792
0.76853 0.416104
0.589454 0.661299
0.536168 0.72099
0.5 0.755337
0.375684 0.865522
0.5 0.755308
0.630836 0.608602
0.88118 0.226954
0.508668 0.742589
0.363615 0.875312
1 0.0248844
0.794668 0.381009
0.975845 0.0531126
0.908315 0.179096
0.403923 0.847098
0.336026 0.892939
0.944819 0.108277
1 0.00468673
0.5 0.750448
0.722284 0.482494
0.434258 0.813386
0.708491 0.500747
1 0.00731786
0.243541 0.943663
0.174456 0.971082
0.619086 0.618677
0.42805 0.826331
0.8696 0.245435
1 0.00188139
0.685906 0.535291
0.289887 0.922456
0.603953 0.637208
0.42067 0.825036
0.766085 0.413667
0.766153 0.424732
0 1.00276
0.842338 0.299484
0.5 0.752347
0.696335 0.517824
0.398443 0.845855
0.498399 0.753671
0.843215 0.291506
0.627607 0.613443
0.361146 0.873893
0.5 0.752334
0.4454 0.807691
0.790903 0.398776
0.654506 0.587235
0.0476906 1.00105
0.5 0.755849
0.693651 0.519646
0.5 0.750473
0.502896 0.748217
0.412781 0.838753
0.734779 0.469261
0 1.00206
1 0.00987167
0.478489 0.777978
0.860867 0.261752
0.649055 0.588689
