140127 520.092
0.997064 0.00603457
0.997064 0.00603457
4.0093e-10 1.02717
0.151318 0.977175
0.735151 0.459663
0.619953 0.616067
0.888675 0.213505
0.934262 0.127563
0.680565 0.536918
0.256158 0.934471
0.791322 0.37806
0.594965 0.646122
0.657434 0.56789
0.767642 0.412026
0.712482 0.49247
0.907651 0.176606
0.175305 0.969332
0.819084 0.331449
0.953083 0.0917932
0.640346 0.590043
0.507952 0.742084
0.306658 0.906048
0.754493 0.431095
0.280741 0.921275
0.469634 0.779566
0.577079 0.667081
0.698591 0.512074
0.83819 0.300693
0.872852 0.241415
0.486986 0.762939
0.919274 0.155136
0.80438 0.353528
0.558302 0.688401
0.151318 0.977175
0.348809 0.878427
0.330535 0.890825
0.527438 0.721923
0.860597 0.261698
0.964182 0.07081
0.976097 0.0473736
0.542075 0.706264
0.986795 0.0264813
0.847596 0.283541
0.216435 0.953229
0.214728 0.953984
0.371889 0.861784
0.432172 0.813326
0.379002 0.856489
0.40313 0.837605
0.446141 0.80105
0.446141 0.80105
0.42059 0.823205
0.393048 0.845616
0.414035 0.828667
0.394157 0.844737
0.417008 0.826206
0.446141 0.801058
0.394157 0.844737
0.432172 0.813335
0.40313 0.837631
0.42059 0.823218
0.414035 0.82867
0.446141 0.801062
0.394157 0.844737
0.42059 0.823228
0.414035 0.828672
0.446141 0.801063
0.394157 0.844744
0.414035 0.828673
0.446141 0.801063
0.394157 0.844748
0.414035 0.828674
0.446141 0.801064
0.394157 0.844753
0.414035 0.828676
0.446141 0.801071
0.394157 0.844774
0.414035 0.828678
0.446141 0.801089
0.394157 0.84479
0.414035 0.828678
0.446141 0.801094
0.414035 0.828678
0.446141 0.801118
0.414035 0.828681
0.414035 0.828681
0.414035 0.828681
0.414035 0.828685
0.414035 0.828686
0.414035 0.828692
0.414035 0.828696
0.414035 0.828698
0.414035 0.828702
0.414035 0.828705
0.414035 0.828706
0.414035 0.828707
0.414035 0.828707
0.414035 0.82871
0.414035 0.828714
0.414035 0.828715
