643007 580.026
6.22895e-19 1
3.40268e-19 1
6.34195e-20 1
9.82989e-21 1
2.95491e-19 1
1.36085e-21 1
3.74105e-20 1
2.30539e-26 1.00001
6.72671e-23 1
3.97359e-24 1
8.58108e-25 1
5.51162e-26 1.00001
2.61706e-25 1
6.20874e-25 1
9.3351e-19 1
4.63136e-19 1
9.16039e-20 1
3.5114e-19 1
1.46093e-20 1
1.81939e-19 1
2.71629e-26 1.00001
3.1994e-19 1
3.66081e-21 1
5.25252e-22 1
8.92364e-19 1
8.82287e-20 1
1.0529e-20 1
2.3103e-21 1
4.10993e-24 1
7.3803e-23 1
1.64803e-19 1
1.03722e-24 1
4.00216e-22 1
7.03573e-25 1.00001
3.85308e-25 1.00001
3.55576e-24 1
1.95417e-25 1.00001
8.67857e-25 1
2.26657e-25 1.00001
3.31949e-24 1
9.62391e-19 1
4.76459e-19 1
1.05992e-24 1
9.56001e-20 1
2.09684e-20 1
5.22865e-21 1
3.8399e-19 1
3.51986e-19 1
4.38797e-19 1
1.44271e-21 1
2.40564e-19 1
3.14186e-19 1
2.03588e-19 1
5.24112e-24 1
1.03887e-22 1
3.91268e-21 1
4.06955e-19 1
2.99546e-21 1
4.4131e-24 1
5.0694e-19 1
1.37669e-23 1.00001
9.68581e-21 1
1.59472e-19 1
8.05382e-19 1
7.98818e-19 1
5.58478e-19 1
3.358e-19 1
5.30238e-19 1
3.50732e-19 1
5.45171e-19 1
7.33739e-19 1
5.67396e-19 1
6.94362e-19 1
5.1067e-19 1
2.59103e-19 1
4.41135e-19 1
7.30486e-19 1
3.22735e-19 1
5.49783e-19 1
4.8105e-19 1
6.02093e-19 1
8.55107e-19 1
6.63905e-19 1
3.52666e-19 1
6.25591e-19 1
3.92298e-19 1
4.69462e-19 1
7.43895e-19 1
2.4779e-19 1
4.46208e-19 1
6.85276e-19 1
6.50302e-19 1
6.11681e-19 1
4.48457e-19 1
7.61247e-19 1
4.29649e-19 1
1.28445e-19 1
7.44514e-19 1
2.42167e-19 1
7.09291e-19 1
