223924 600.003
0.999952 0.000755041
0.999952 0.000755041
2.00118e-05 1.00152
2.00118e-05 1.00152
0.470913 0.796819
0.470913 0.796819
0.502342 0.751718
0.576053 0.670206
0.556993 0.690949
0.539652 0.712557
0.478556 0.772274
0.519902 0.730968
0.96686 0.0663324
0.930883 0.134729
0.919024 0.156852
0.618647 0.619738
0.951003 0.0966301
0.895399 0.199358
0.906961 0.178764
0.883208 0.221303
0.656727 0.569615
0.633309 0.601138
0.594541 0.647488
0.943729 0.11055
0.704572 0.504705
0.976206 0.0482404
0.986492 0.0281228
0.717078 0.48697
0.693019 0.520963
0.872703 0.239701
0.670046 0.552348
0.761554 0.420907
0.782692 0.388137
0.750486 0.437813
0.852639 0.274318
0.728226 0.470602
0.739548 0.45431
0.64438 0.586807
0.862642 0.256878
0.680817 0.537812
0.772526 0.404235
0.60421 0.639777
0.794165 0.370422
0.817147 0.333426
0.842176 0.291745
0.826853 0.317418
0.834736 0.304706
0.808176 0.34774
0.802341 0.357443
0.995693 0.00993266
0.997729 0.00582362
0.999937 0.00213245
0.999952 0.00142069
0.782692 0.388783
0.842176 0.293121
0.997729 0.00627829
0.808176 0.348227
0.802341 0.357491
0.802341 0.357491
0.999952 0.00145629
0.782692 0.388889
0.808176 0.348378
0.997729 0.00632565
0.802341 0.358172
0.999952 0.0014729
0.997729 0.00645157
0.999952 0.00157594
0.999952 0.00157596
0.999952 0.00158721
0.999952 0.0016114
0.999952 0.0016303
0.999952 0.0016406
0.999952 0.00167951
0.999952 0.00169863
0.999952 0.001709
0.999952 0.00171206
0.999952 0.00173512
0.999952 0.00174325
0.999952 0.00175365
0.999952 0.0017622
0.999952 0.00179561
0.999952 0.00181116
0.999952 0.00181377
0.999952 0.00182917
0.999952 0.00185215
0.999952 0.00185839
0.999952 0.00186151
0.999952 0.00187855
0.999952 0.00188718
0.999952 0.0019068
0.999952 0.00190876
0.999952 0.00191122
0.999952 0.00193257
0.999952 0.00197435
0.999952 0.00198283
0.999952 0.00201964
0.999952 0.00203572
0.999952 0.00204453
0.999952 0.00221259
0.999952 0.00235513
