47 0.107552
0.718062 1.8535
0.411314 2.17971
0.904939 1.66921
0.551013 1.98055
0.642529 1.89694
0.5 2.14577
0.671575 2.27268
0.310131 2.12981
0.454934 2.36428
0.692865 2.0788
1 1.6767
0.184023 1.98705
0.5 2.11627
0.579704 1.88558
0.736737 1.8143
0.608883 1.73769
0.333684 1.85502
0.216529 2.16881
0.639572 2.05173
0.226417 2.36274
0.5 2.25663
0.612095 2.15156
0.0881621 2.22336
0.790582 2.30215
0.55422 2.24566
0.377157 1.81323
0.837465 1.84766
0.437405 2.39171
0.479549 2.02742
0.76529 2.00444
1 2.21328
0.578485 1.77354
0.69956 1.79721
0.5 2.27616
0.740558 1.75176
0.40508 2.44931
0.147128 2.12077
0.927984 2.0204
0.552167 2.36129
0.552138 2.38715
0.577309 2.06772
0.733221 1.95321
0.849473 1.92664
0.810283 1.92846
0.206231 2.09638
0.68033 2.49951
0.571425 2.41797
0.724807 2.10871
0.801243 1.7845
0.5 2.19233
0.167088 2.37562
0.489533 2.04436
0.353007 2.26345
0.773319 2.41719
0.230921 2.38693
0.756883 1.87744
1 1.73627
0.900582 1.87596
0.657622 2.1084
1 1.62026
1 1.45763
0.413769 2.23893
0.782738 1.92932
0.572158 2.04116
0.767013 1.99424
0.460161 2.05594
0.0875605 2.06576
0.0617745 2.4185
0.527119 2.03731
0.851717 1.94619
0 2.33236
0.493729 2.38226
0.809266 2.05511
0.51952 2.3984
0.5 2.34783
0.757912 2.13593
0.63644 2.21651
0.448122 2.05195
0.5 2.08356
0.9067 1.62571
0.0187376 2.31687
0.531375 2.01619
0.781183 2.2996
0.219147 2.23375
0.654513 2.219
0.602037 2.33875
0.757974 1.81702
0.708875 1.79939
0.532382 2.42376
0.627015 2.01381
0.603088 2.39275
0.964263 1.52326
0.314876 2.08299
0.5 2.08246
0.502657 2.1025
0.722765 1.96876
0.519716 2.14914
1 2.02017
0.5 2.28678
0 2.1485
