133376 480.091
1 0
0 1
0 1
0.173557 0.969878
0.206308 0.957437
0.493924 0.756039
0.336945 0.886469
0.981069 0.0375037
0.313532 0.901698
0.993835 0.0122922
0.395159 0.843849
0.369517 0.864339
0.461062 0.787422
0.55565 0.691254
0.480865 0.768769
0.744806 0.445302
0.906714 0.17787
0.251236 0.93688
0.850844 0.276064
0.232343 0.946017
0.516105 0.733636
0.788593 0.378123
0.670545 0.5539
0.732563 0.463388
0.64367 0.585736
0.574643 0.669787
0.880004 0.225593
0.892792 0.202923
0.586589 0.655913
0.148113 0.978063
0.220946 0.951183
0.82756 0.315144
0.43397 0.81167
0.940829 0.115047
0.947284 0.102652
0.758033 0.425386
0.794042 0.369536
0.436537 0.809435
0.934648 0.126432
0.144583 0.979096
0.416863 0.826225
0.521961 0.727557
0.77714 0.396054
0.691179 0.522295
0.839387 0.29543
0.611479 0.627758
0.283326 0.919726
0.120588 0.98546
0.811184 0.342032
0.802301 0.356312
0.719637 0.482123
0.102722 0.990673
0.452755 0.795013
0.91831 0.158084
0.00848065 0.999933
0.633491 0.598703
0.964205 0.0703101
0.819021 0.329204
0.533073 0.715876
0.656009 0.569701
0.0583191 0.996599
0.660834 0.563298
0.84301 0.291141
0.67935 0.538489
0.955391 0.0872283
0.618768 0.617128
0.0498233 0.997518
0.0304472 0.999127
0.296576 0.912044
0.574643 0.669787
0.592347 0.649125
0.485316 0.764469
0.87144 0.240593
0.262517 0.931085
0.713433 0.491015
0.932018 0.141423
0.900879 0.188425
0.349454 0.877883
0.410737 0.8313
0.275514 0.924092
0.624293 0.610258
0.80656 0.349463
0.637849 0.593162
0.118396 0.985982
0.925695 0.143089
0.699995 0.510007
0.598395 0.641923
0.91831 0.158084
0.974833 0.0497017
0.0757722 0.994259
0.30539 0.906737
0.709288 0.496911
0.766636 0.412269
0.774715 0.402776
0.0338716 0.998853
0.704353 0.503887
0.726613 0.472033
0.865591 0.250752
0.544356 0.703676
0.953312 0.091197
