273219 390.027
2.15743e-17 1
3.66295e-24 1.00001
4.31852e-18 1
1.52703e-17 1
3.20731e-20 1
2.04535e-18 1
1.30411e-17 1
1.1325e-17 1
1.37629e-21 1
2.01718e-20 1
8.43632e-21 1
2.84961e-22 1.00001
2.94097e-17 1
8.33003e-23 1.00001
6.59123e-20 1
1.79143e-17 1
1.03008e-17 1
1.04165e-18 1
2.77808e-17 1
2.99319e-18 1
1.45165e-17 1
4.13537e-18 1
6.15957e-18 1
1.17271e-17 1
1.3255e-17 1
2.04282e-17 1
1.66373e-17 1
2.44448e-17 1
2.56034e-18 1
3.43624e-20 1
1.64446e-17 1
2.29751e-17 1
2.31817e-17 1
2.15334e-20 1.00001
1.6684e-21 1.00001
1.30388e-17 1
1.78259e-17 1
7.28078e-21 1.00001
7.76142e-22 1.00001
1.30359e-17 1
7.73383e-22 1.00001
3.0539e-17 1
8.60364e-20 1
2.91628e-22 1.00002
1.35054e-18 1
3.66287e-18 1
2.23091e-17 1
1.90653e-17 1
1.14953e-17 1
4.80697e-21 1.00001
1.50297e-17 1
6.42435e-18 1
1.05906e-17 1
2.47915e-17 1
1.68036e-17 1
1.43712e-17 1
6.09491e-18 1
1.2989e-17 1
1.64559e-17 1
5.3747e-22 1.00001
2.41008e-17 1
1.80223e-17 1
2.84548e-17 1
3.34753e-17 1.00002
4.46829e-17 1.00002
4.1289e-17 1.00001
5.74812e-17 1.00002
1.52693e-17 1.00002
2.55029e-17 1.00002
6.9116e-18 1.00002
1.57914e-17 1.00002
3.80066e-17 1.00002
7.86928e-17 1.00002
1.28566e-17 1.00002
7.6775e-19 1.00002
2.18962e-17 1.00002
2.18948e-17 1.00001
1.51684e-18 1.00002
2.2289e-17 1.00002
3.89981e-17 1.00002
4.31523e-18 1.00002
2.56679e-17 1.00003
7.30771e-17 1.00002
1.24542e-17 1.00002
4.94287e-17 1.00003
4.05582e-17 1.00001
2.05833e-17 1.00003
2.20381e-17 1.00002
3.70726e-18 1.00002
5.14663e-18 1.00002
3.8031e-17 1.00002
4.52405e-17 1.00002
3.74737e-17 1.00002
2.77435e-17 1.00002
1.85073e-17 1.00002
1.10917e-17 1.00002
1.09856e-18 1.00002
2.08393e-17 1.00002
1.18644e-17 1.00002
6.05378e-17 1.00002
