131998 340.05
5.28549e-18 1
1 4.44089e-16
5.28549e-18 1
0.826055 0.323558
0.0931152 0.99133
0.803198 0.354873
0.662427 0.561191
0.0450544 0.99797
0.884328 0.218297
0.982174 0.0353488
0.456543 0.791568
0.767954 0.410322
0.570951 0.674015
0.855379 0.268326
0.559556 0.686897
0.646318 0.582354
0.138471 0.980826
0.731751 0.464542
0.429439 0.815582
0.513469 0.73635
0.948814 0.0997515
0.370135 0.863233
0.474764 0.774599
0.831859 0.308011
0.583734 0.659255
0.108866 0.988149
0.33964 0.884645
0.529044 0.720121
0.211852 0.955119
0.895559 0.197973
0.388154 0.849336
0.343177 0.882407
0.415345 0.827488
0.692736 0.520508
0.617338 0.618894
0.319154 0.898141
0.361628 0.86926
0.923945 0.146326
0.785577 0.382869
0.964921 0.0689268
0.937712 0.120972
0.604236 0.6349
0.972653 0.0539463
0.744346 0.445949
0.686839 0.528262
0.718928 0.483151
0.94217 0.112689
0.75593 0.42857
0.404615 0.836287
0.507811 0.742312
0.497455 0.752539
0.866001 0.250043
0.726126 0.472743
0.447004 0.800194
0.546909 0.700892
0.266934 0.928746
0.630566 0.602386
0.920519 0.163763
0.620213 0.615336
0.291896 0.914969
0.276424 0.92359
0.391268 0.84691
0.678898 0.539108
0.640745 0.589537
0.87451 0.235235
0.847214 0.282277
0.902042 0.186376
0.674523 0.545019
0.19273 0.962855
0.238617 0.943062
0.253503 0.935736
0.0244818 0.999401
0.930422 0.134587
0.70215 0.506986
0.537435 0.711164
0.979832 0.0399297
0.593847 0.647345
0.285974 0.918219
0.956994 0.0841622
0.776972 0.396314
0.839565 0.295131
0.304616 0.907209
0.956994 0.0841622
0.914851 0.167417
0.633664 0.598469
0.176677 0.968792
0.602237 0.63731
0.0132593 0.999824
0.970965 0.0644328
0.16001 0.974403
0.0380034 0.998556
0.790864 0.374535
0.867071 0.248533
0.191759 0.963235
0.777727 0.395151
0.223238 0.950167
0.483868 0.765872
0.873832 0.236526
0.177169 0.968612
0.256142 0.934391
