7684 10.0004
7.45567e-19 1
1 7.22164e-05
0.944015 0.711688
0.933508 0.59813
0.989917 0.238631
0.00499013 1.11589
0.412476 1.14136
2.59354e-20 1.10806
0.598671 0.89896
0.900778 0.577348
0.743794 0.956656
0.969683 0.487322
0.821942 0.683644
1 0.633441
0.753104 0.735439
0.989917 0.238631
0.000559323 1.11752
0.00499013 1.11589
0.00295506 1.14921
0.507489 0.912342
0.733501 0.545425
0.978718 0.562989
0.000329477 1.09409
0.288297 1.13916
0.0219344 1.15958
0.0584408 1.16679
0.953995 0.501176
0.99878 0.597612
0.412476 1.14136
0.8628 0.456534
0.598671 0.89896
0.831696 0.705368
0.694831 0.698495
0.876349 0.295826
0.65983 1.01175
0.982783 0.0541535
1 0.535413
0.0355451 1.22224
0.876349 0.295826
0.869191 0.567637
0.945548 0.636739
0.860305 0.538606
1 0.633441
0.700851 0.686055
0.510009 0.98255
0.354725 1.15573
0.983595 0.733959
0.983595 0.733959
0.741408 1.27179
0.99011 0.601445
0.993757 0.638382
0.22238 1.33829
0.405262 0.957533
0.743794 0.956656
0.103962 1.05777
0.753104 0.735439
0.900778 0.577348
0.218317 1.23069
0.769739 0.681544
0.0212986 1.09301
1 0.609725
0.218317 1.23069
0.8628 0.456534
0.0219344 1.15958
0.982783 0.0541535
0.944015 0.711688
0.000559323 1.11752
0.741044 0.723289
0.0612599 1.05911
0.927333 0.599337
0.706141 1.13594
0.686753 0.927773
0.0194208 1.26469
0.954805 0.455983
0.694831 0.698495
0.296309 1.03385
0.65983 1.01175
0.041972 1.07785
0.0683761 1.23442
0.769739 0.681544
0.510009 0.98255
0.309546 1.44375
0.507489 0.912342
0.0194208 1.26469
0.296309 1.03385
0.884957 0.373234
0.993757 0.638382
0.969683 0.487322
0.041972 1.07785
1.91318e-19 1.05304
0.821942 0.683644
0.000329477 1.09409
0.55876 1.13266
0.953995 0.501176
0.954805 0.455983
0.00591013 1.29536
0.309546 1.44375
0.55876 1.13266
0.288297 1.13916
0.993305 0.674553
