315781 460.037
1.74895e-15 1
0.999992 2.01163e-05
0.856796 0.665362
0.922068 0.282042
0.151168 1.24895
1.74895e-15 1
0.996411 0.328222
0.928419 0.594145
1.08042e-16 1.0708
0.135269 1.13439
4.60079e-05 1.05248
0.998576 0.355543
0.96171 0.726351
0.575761 0.961006
0.996096 0.462449
0.502046 0.870605
0.998576 0.355543
0.22135 1.24711
0.53788 1.1381
0.999998 0.441452
0.0423346 1.16323
0.42874 1.18342
0.865537 0.623521
0.131286 1.19954
0.215193 1.09889
0.975533 0.847051
0.71119 0.603958
0.486548 0.958973
8.26503e-16 1.04662
0.378893 1.10284
1.74895e-15 1
0.996411 0.328222
3.77598e-16 1.08234
0.909687 0.528095
0.0220625 1.13273
0.151168 1.24895
0.584369 0.947013
0.959035 0.53008
0.997955 0.332612
0.795485 0.870809
0.0220625 1.13273
0.417148 1.08293
0.457374 1.29075
0.940481 0.327267
0.936462 0.633749
0.0240229 1.184
0.96171 0.726351
0.553375 1.07517
0.53788 1.1381
0.942938 0.77126
0.575761 0.961006
0.486548 0.958973
0.991172 0.331916
0.975533 0.847051
0.999998 0.441452
0.840564 0.504724
0.884576 0.520669
0.999997 0.317309
2.09849e-05 1.14291
0.584369 0.947013
0.0313086 1.13091
0.474148 1.06692
0.957619 0.352541
0.231578 1.16852
0.802318 0.632238
0.902059 0.471853
0.940481 0.327267
0.53788 1.13034
0.21048 1.16316
0.0699742 1.05692
0.474148 1.06692
0.135269 1.13439
0.0699742 1.05692
7.05713e-06 1.07318
1.08042e-16 1.0708
0.920275 0.230298
0.150443 1.37814
0.920275 0.230298
0.0423346 1.16323
0.150443 1.37814
0.865537 0.623521
0.999998 0.421505
0.991172 0.331916
0.909918 0.441521
1.85109e-05 1.07712
0.938786 0.751202
8.26503e-16 1.04662
0.290392 1.24798
0.8034 0.653461
0.922068 0.282042
0.856796 0.665362
0.994607 0.404648
0.99586 0.368937
0.290392 1.24798
7.05713e-06 1.07318
0.71119 0.603958
0.997955 0.332612
0.64291 0.993082
0.996096 0.462449
0.578839 0.935044
