365500 530.033
4.50488e-09 1.0001
3.31912e-09 1.0001
2.19953e-09 1.00011
2.90804e-10 1.00012
8.08514e-10 1.00012
1.44456e-10 1.00013
7.00452e-10 1.00012
7.16969e-11 1.00014
1.35427e-10 1.00013
2.34317e-11 1.00015
5.10035e-12 1.00015
1.9808e-12 1.00016
6.42456e-16 1.00094
3.96358e-13 1.00017
4.87839e-11 1.00015
2.20817e-14 1.00021
6.79545e-13 1.00016
2.39812e-13 1.0002
5.53688e-15 1.00037
3.02823e-15 1.00065
1.11957e-14 1.00032
1.80839e-14 1.00025
1.60548e-13 1.00021
4.29945e-15 1.00058
2.31114e-13 1.00021
3.94477e-13 1.0002
5.28843e-09 1.0001
3.3445e-09 1.00011
2.66215e-09 1.00011
4.68525e-10 1.00012
4.84058e-09 1.0001
1.94476e-09 1.00012
3.71463e-10 1.00013
2.17557e-09 1.00012
1.61724e-10 1.00014
8.2893e-11 1.00015
2.80911e-10 1.00013
1.05476e-11 1.00015
4.66483e-11 1.00015
3.1147e-12 1.00016
3.19382e-11 1.00015
2.40218e-10 1.00014
1.195e-15 1.00128
4.53081e-10 1.00013
1.5356e-10 1.00014
1.70839e-14 1.00033
3.3412e-09 1.00011
3.55393e-15 1.00094
2.781e-10 1.00014
8.11164e-13 1.00017
1.86215e-12 1.00017
3.48766e-13 1.0002
1.10106e-13 1.00022
6.36866e-13 1.00019
9.24735e-13 1.00017
3.9395e-14 1.00026
5.19069e-13 1.0002
5.10841e-14 1.00023
6.63375e-14 1.00023
2.23233e-13 1.00021
5.10943e-13 1.0002
3.57243e-09 1.00011
2.54074e-12 1.00017
4.43642e-09 1.00026
3.88042e-09 1.00033
2.81233e-09 1.00027
2.49083e-09 1.00027
5.58331e-09 1.00027
4.18844e-09 1.00025
3.84829e-09 1.00035
3.53577e-09 1.00024
4.13074e-09 1.00023
4.19893e-09 1.00026
2.89724e-09 1.00038
5.10159e-09 1.0003
4.12102e-09 1.00025
3.81283e-09 1.00021
4.34994e-09 1.00032
2.21707e-09 1.00023
2.62392e-09 1.00023
5.1529e-09 1.00023
3.10261e-09 1.00033
4.57108e-09 1.00025
4.29691e-09 1.00035
4.37261e-09 1.00024
4.42819e-09 1.00024
6.01297e-09 1.00018
4.48364e-09 1.00021
2.9343e-09 1.00035
4.27274e-09 1.00022
3.83926e-09 1.00032
5.56481e-09 1.00035
5.14721e-09 1.00022
4.75642e-09 1.00018
3.99932e-09 1.00026
5.65652e-09 1.00029
3.10653e-09 1.00024
4.62463e-09 1.00024
4.16929e-09 1.00023
4.6372e-09 1.00024
