63202 220.038
0 1
1 4.44089e-16
0.611983 0.625478
0.314349 0.901203
0.796181 0.366096
0.545758 0.70215
0.493331 0.756626
0.291898 0.914796
0.590305 0.65154
0.624716 0.60973
0.564276 0.681594
0.160064 0.97438
0.45619 0.791902
0.472571 0.776677
0.214945 0.953806
0.825159 0.319112
0.511872 0.737987
0.710524 0.49516
0.659037 0.565671
0.526118 0.723243
0.183235 0.966425
0.954037 0.0898145
0.937627 0.120856
0.840453 0.293639
0.966206 0.0664588
0.780417 0.390949
0.418847 0.824567
0.440184 0.806884
0.0890697 0.992067
0.334596 0.888055
0.945745 0.105578
0.734562 0.460419
0.744397 0.445885
0.403745 0.838787
0.80674 0.349171
0.976557 0.0463369
0.0712365 0.994928
0.503246 0.746744
0.360145 0.870296
0.902347 0.185814
0.906747 0.17781
0.774619 0.399967
0.812567 0.344347
0.718501 0.483756
0.233874 0.947997
0.277809 0.922822
0.667764 0.554297
0.673743 0.546127
0.849332 0.278636
0.699899 0.510778
0.820257 0.327182
0.997336 0.00533124
0.199096 0.960361
0.968384 0.0625264
0.433468 0.812759
0.255053 0.935516
0.411803 0.831487
0.88036 0.224966
0.104352 0.989124
0.857056 0.265456
0.64715 0.581242
0.389902 0.847977
0.874705 0.234903
0.87 0.2431
0.0272095 0.99926
0.018742 0.999649
0.692886 0.519911
0.648194 0.579844
0.989468 0.020964
0.375168 0.85925
0.894349 0.201326
0.915414 0.162969
0.91623 0.160531
0.0450381 0.997972
0.684671 0.531226
0.924482 0.1454
0.635659 0.595938
0.681729 0.535246
0.145614 0.978797
0.725113 0.474249
0.386779 0.850402
0.535009 0.713778
0.635659 0.595938
0.46527 0.783529
0.953618 0.098185
0.587239 0.65515
0.728852 0.468811
0.267894 0.935436
0.243622 0.941208
0.766511 0.412921
0.885241 0.216356
0.113282 0.987287
0.269924 0.927179
0.845043 0.285902
0.19288 0.962798
0.0563367 0.996826
0.57091 0.674238
0.988546 0.0239166
0.982226 0.0352318
0.579239 0.664484
