281707 400.034
1.87503e-05 1
0.99999 5.32981e-05
0.400829 1.01822
0.0623034 1.12037
0.0393985 1.13552
0.905359 0.531751
0.336047 1.11466
0.148939 1.11774
0.901725 0.553788
0.901725 0.553788
0.900434 0.62033
0.327158 1.0771
0.935721 0.349931
0.977675 0.327752
0.93289 0.364451
0.924737 0.325374
0.0393985 1.13552
0.977675 0.327752
0.728222 0.785935
0.137443 1.15573
0.126507 1.19211
0.998636 0.243265
0.000900512 1.43902
0.485441 0.918229
0.166073 1.07003
0.677678 0.889022
0.685937 0.767242
0.974573 0.215537
0.990604 0.299703
0.913876 0.46889
0.937602 0.490952
0.485441 0.918229
0.169113 1.09322
0.166073 1.07003
0.92699 0.192369
0.977841 0.18419
0.110776 1.1865
0.998636 0.243265
0.169113 1.09322
0.930655 0.411548
0.367436 1.19904
0.728222 0.785935
0.940301 0.211783
0.0491221 1.15682
5.35733e-08 1.17128
0.686051 0.800812
0.934197 0.601912
0.992704 0.206069
0.994268 0.292239
0.977841 0.18419
0.94578 0.255048
0.336716 1.06923
0.291467 1.07024
0.0712827 1.04267
0.96245 0.378167
0.148939 1.11774
0.994029 0.272755
0.911744 0.558748
0.990604 0.299703
0.0772306 1.1482
0.984578 0.0739751
0.89806 0.375822
0.961535 0.418902
0.685937 0.767242
0.291467 1.07024
0.74221 0.673936
0.45723 0.976629
0.0623034 1.12037
0.0712827 1.04267
0.814196 0.542504
0.923873 0.385059
0.137443 1.15573
0.994268 0.292239
0.849626 0.63508
0.272941 1.04256
0.241219 1.06829
0.327158 1.0771
0.74221 0.673936
5.35733e-08 1.17128
0.110776 1.1865
0.958667 0.383214
0.996625 0.407824
0.940301 0.211783
0.996343 0.250541
0.96245 0.378167
0.516714 0.939672
0.934005 0.383888
0.924449 0.301707
0.126507 1.19211
0.516714 0.939672
0.94578 0.255048
0.437227 1.10097
0.911744 0.558748
0.0211815 1.20221
0.999199 0.266898
0.400829 1.01822
6.57385e-08 1.14425
0.336716 1.06923
0.984578 0.0739751
0.919114 0.423067
