529386 560.036
0.886264 0.322342
6.32643e-08 1.14763
0.390628 0.952353
0.252658 1.00237
6.32643e-08 1.14763
0.524178 0.803219
0.449377 0.872059
0.163623 1.04129
0.687832 0.616459
0.768224 0.502412
0.22042 1.0162
0.768224 0.502412
0.768217 0.573436
0.642456 0.673302
0.768217 0.573436
0.163623 1.04129
0.22042 1.0162
0.572446 0.750149
0.39063 0.915376
0.0521884 1.05939
0.39063 0.915376
0.524178 0.803219
0.768224 0.502412
0.687832 0.616459
0.768223 0.564115
0.624668 0.694558
0.768223 0.564115
3.46067e-07 1.07154
0.252658 1.00237
0.422713 0.893683
0.449377 0.872059
0.163623 1.04129
0.642456 0.673302
0.624668 0.694558
0.62466 0.736203
0.39063 0.915376
0.624668 0.694558
0.0612565 1.05717
0.0521884 1.05939
2.24892e-07 1.13717
6.32643e-08 1.14763
3.46067e-07 1.07154
2.15729e-06 1.06193
0.768217 0.573436
0.572446 0.750149
0.572436 0.753675
3.46067e-07 1.07154
0.768224 0.502412
0.524178 0.803219
0.886264 0.322342
0.252658 1.00237
0.642456 0.673302
0.39063 0.915376
0.0612565 1.05717
0.642456 0.673302
0.572446 0.750149
2.15729e-06 1.06193
0.572436 0.753675
0.642456 0.673302
0.252658 1.00237
0.768224 0.502412
0.449377 0.872059
0.252658 1.00237
3.46067e-07 1.07154
0.687832 0.616459
0.768224 0.502412
0.524178 0.803219
0.22042 1.0162
0.642456 0.673302
0.687832 0.616459
0.422713 0.893683
6.32643e-08 1.14763
0.252658 1.00237
0.390628 0.952353
0.886264 0.322342
0.886264 0.322342
0.768224 0.502412
0.642456 0.673302
0.572436 0.753675
2.15729e-06 1.06193
0.572446 0.750149
0.0612565 1.05717
0.642456 0.673302
0.252658 1.00237
0.449377 0.872059
0.768224 0.502412
6.32643e-08 1.14763
2.24892e-07 1.13717
0.624668 0.694558
0.62466 0.736203
0.642456 0.673302
2.8455e-09 1.45109
0.886264 0.322342
6.32643e-08 1.14763
0.0612565 1.05717
0.252658 1.00237
6.32643e-08 1.14763
0.163623 1.04129
0.687832 0.616459
0.572446 0.750149
