42 0.0588316
0.621218 1.93972
0.419301 2.18846
0.384479 2.51939
0.0703243 2.54925
0.232853 2.26957
0.269616 2.28698
0.708022 1.81971
0.534857 2.16724
0.234395 2.36892
0 2.42744
0.632037 1.88608
0.441187 2.1546
0.5 2.14745
0.626462 1.63402
0.13931 2.60782
0.307217 2.5677
0.583051 2.08835
0.5 2.16884
0.348802 2.22272
0.5 2.48454
0.582544 1.80568
0.563453 2.30375
0.5 2.47455
0.164996 2.64232
0.529283 1.96026
0.607053 1.95873
0.0310201 2.47986
0 2.43708
0.222562 2.2762
0.534344 2.48816
0.758944 2.11306
0.759153 1.97185
0.511341 2.2415
0.22927 2.33681
0.343588 1.8945
0.411537 1.89183
0.5 2.12946
0.248308 2.42918
0.446136 1.91295
0.524524 2.10799
0.305814 2.25399
0.56628 1.88015
0.296869 2.16193
0.517856 1.9
0.637749 2.62812
0.532564 2.11207
0.76311 2.33535
0.707086 2.10941
0.350104 2.57853
0.591377 2.05439
0.305818 2.39642
0.588763 2.45528
0.364313 2.20579
0.200613 2.37772
0.2945 2.33638
0.487754 2.44584
0.196885 2.44652
0.0980836 2.71664
0.520957 2.25414
0.948534 2.35374
0.391607 2.38383
0.697279 1.75368
0.783349 2.07795
0.765172 2.01954
0.730257 2.15763
0.591575 2.14516
0.646714 2.36552
0.378525 1.90624
0.259743 2.23886
0.0904959 3.01459
0.78702 2.87845
0.877699 2.47687
0.248616 2.51554
0.125299 2.58918
0.485187 2.19754
0.982019 2.24172
0.256769 2.1429
0.0888064 2.33763
0.774626 1.90328
0.856238 1.68499
0.760908 2.29303
0.0345907 2.45476
0.788192 2.15699
0.408946 2.35935
0.346646 2.18666
0.575951 2.38252
0.277064 2.38319
0.5 2.18927
0.496378 2.30576
0.645996 2.11399
1 1.85011
0.1944 2.33525
0.259269 2.66647
0.761054 2.29339
0.205261 2.61751
0.378762 2.38573
0.0774138 2.35623
0.883873 2.04824
0.279588 2.3516
0.5 1.90757
