156611 550.09
1 0
1.06809e-17 1
0.43971 0.806655
0.854574 0.269703
0.463395 0.785267
0.147724 0.978178
0.620434 0.615062
0.69817 0.512592
0.569909 0.675204
0.681652 0.535351
0.170538 0.970917
0.552093 0.695195
0.40026 0.839792
0.0955991 0.990861
0.926901 0.140854
0.733848 0.461467
0.8213 0.325466
0.387742 0.849656
0.516343 0.73339
0.938901 0.118465
0.593353 0.647932
0.810471 0.343136
0.86697 0.248362
0.472682 0.776871
0.271189 0.926457
0.784389 0.384734
0.826512 0.31729
0.376859 0.858077
0.222745 0.950385
0.77341 0.401837
0.413753 0.828808
0.947277 0.102667
0.53399 0.71759
0.723217 0.476957
0.124509 0.984516
0.428242 0.816926
0.932868 0.129757
0.0138185 0.999811
0.917547 0.158108
0.185722 0.965507
0.60652 0.63383
0.914937 0.162891
0.843459 0.288577
0.758219 0.425104
0.250567 0.937216
0.0437558 0.998085
0.0331701 0.9989
0.303245 0.908361
0.805592 0.351021
0.642621 0.587038
0.954972 0.0880288
0.0622303 0.996127
0.484423 0.765345
0.631299 0.601461
0.365035 0.86675
0.669132 0.552262
0.676375 0.542518
0.963442 0.0717802
0.789226 0.377122
0.116058 0.986531
0.740249 0.452031
0.883802 0.218894
0.83649 0.300285
0.765708 0.413692
0.897759 0.194029
0.712611 0.492188
0.0768628 0.994092
0.983963 0.0318165
0.576504 0.667643
0.204483 0.958187
0.650855 0.576388
0.606069 0.634355
0.240693 0.942067
0.359637 0.870661
0.342588 0.882634
0.421069 0.822701
0.231928 0.94621
0.287755 0.917197
0.719129 0.482903
0.798441 0.362491
0.277254 0.923164
0.905869 0.179415
0.663666 0.559548
0.487983 0.761881
0.195403 0.961818
0.995171 0.00963467
0.293713 0.913733
0.878097 0.228946
0.991848 0.016238
0.332561 0.889403
0.795663 0.366921
0.9871 0.0256344
0.869661 0.243689
0.586457 0.656069
0.905869 0.179415
0.70353 0.505046
0.543125 0.705016
0.314459 0.901116
0.970739 0.0576664
0.707842 0.499675
