31599 110.023
1 1.33227e-15
9.85293e-18 1
0.895481 0.198114
0.911068 0.169955
0.965565 0.0676839
0.297168 0.911691
0.420763 0.82296
0.436762 0.809247
0.1179 0.9861
0.978522 0.0424945
0.34899 0.878206
0.887842 0.211742
0.456648 0.791472
0.47304 0.776233
0.543808 0.704273
0.755594 0.429078
0.625618 0.608602
0.143936 0.98046
0.55868 0.687876
0.0742263 0.994491
0.636477 0.594899
0.282205 0.921202
0.503758 0.746228
0.916921 0.159961
0.580715 0.662771
0.775459 0.398663
0.763443 0.417163
0.784569 0.384453
0.186609 0.965178
0.924268 0.14573
0.800301 0.359518
0.649304 0.578409
0.987314 0.0252166
0.667574 0.554346
0.527654 0.721582
0.37751 0.857491
0.16889 0.971476
0.231307 0.946497
0.331865 0.889903
0.854976 0.269016
0.934531 0.126652
0.715208 0.488478
0.093356 0.991501
0.519152 0.730482
0.571185 0.673747
0.547521 0.700222
0.844567 0.286707
0.316345 0.899932
0.672582 0.547639
0.244727 0.940109
0.616091 0.620432
0.770139 0.406886
0.488729 0.761165
0.726757 0.471824
0.737514 0.458529
0.101518 0.989695
0.214467 0.954004
0.364448 0.86718
0.258039 0.933416
0.642676 0.586968
0.0344898 0.998814
0.684405 0.53159
0.407116 0.834256
0.721503 0.479434
0.818975 0.337407
0.680795 0.536518
0.949923 0.0976733
0.871883 0.243959
0.692789 0.520045
0.878287 0.228613
0.82879 0.313107
0.941512 0.11356
0.272559 0.925716
0.0594986 0.996493
0.566088 0.679545
0.74592 0.443604
0.210563 0.955664
0.982125 0.0354306
0.397959 0.841628
0.32912 0.89168
0.161765 0.973832
0.604932 0.634067
0.702167 0.506962
0.856812 0.265874
0.791771 0.3731
0.448949 0.798445
0.747202 0.44169
0.733838 0.461514
0.951059 0.0955072
0.8105 0.343095
0.383661 0.852805
0.65787 0.567209
0.864093 0.253343
0.26424 0.930177
0.958485 0.0813075
0.195858 0.96164
0.958102 0.0820398
0.840648 0.293312
0.621253 0.619857
0.316496 0.899863
