297250 430.032
4.42994e-05 1
0.999991 1.85679e-05
0.969623 0.263626
0.971069 0.278572
0.269447 1.0399
0.999998 0.369271
2.67512e-05 1.24871
0.0473751 1.13629
0.999897 0.452641
0.709683 0.760169
0.00500487 1.11118
0.0596269 1.19095
0.703245 0.825565
0.9148 0.575491
3.04612e-06 1.28283
0.125781 1.10018
0.177109 1.16022
0.910505 0.207852
0.915778 0.242292
0.000349807 1.22723
0.730203 0.769236
0.943415 0.512
1.43238e-05 1.2908
0.969623 0.263626
0.951378 0.380039
0.718717 0.900699
0.999887 0.714084
0.331871 1.1073
0.988817 0.279299
0.999867 0.35581
0.989448 0.538026
0.999999 0.456514
0.999995 0.301118
0.709683 0.760169
0.921237 0.76727
3.37092e-05 1.0346
0.097104 1.1248
0.951378 0.380039
0.971069 0.278572
0.98745 0.320354
0.730203 0.769236
0.125781 1.10018
0.778077 0.873624
0.905755 0.475028
3.04612e-06 1.28283
0.980057 0.39641
0.000511338 1.1317
0.860174 0.509254
0.443627 1.18259
0.438866 1.08034
3.37092e-05 1.0346
0.999995 0.301118
0.819114 0.631952
0.860174 0.509254
0.0598692 1.13151
0.963594 0.410433
0.921237 0.76727
2.67512e-05 1.24871
0.097104 1.1248
0.958094 0.372537
7.10307e-07 1.04694
0.991253 0.418353
0.234463 1.24303
0.999867 0.35581
0.915778 0.242292
0.981897 0.270354
0.404865 1.30128
0.912659 0.462428
0.119745 1.26196
0.241966 1.2767
0.331871 1.1073
0.910505 0.207852
0.175676 1.0745
0.9148 0.575491
0.981897 0.270354
0.438866 1.08034
0.980057 0.39641
0.999995 0.166388
0.999897 0.452641
0.913359 0.713667
0.969623 0.256194
7.10307e-07 1.04694
0.98745 0.320354
0.119745 1.26196
0.999998 0.369271
0.175676 1.0745
0.162104 1.13113
0.162104 1.13113
0.988817 0.279299
0.958094 0.372537
0.19123 1.13402
0.000349807 1.22723
4.76247e-05 1.19303
0.992735 0.476054
0.241966 1.2767
0.993756 0.585052
0.836593 0.637967
0.817234 0.618042
0.912659 0.462428
0.00500487 1.11118
