198758 410.044
0.997064 0.00603457
0.997064 0.00603457
4.0093e-10 1.02717
0.151318 0.977175
0.214728 0.953984
0.536157 0.712666
0.735151 0.459663
0.619953 0.616067
0.502896 0.74727
0.888675 0.213505
0.256158 0.934471
0.934262 0.127563
0.680565 0.536918
0.791322 0.37806
0.657434 0.56789
0.594965 0.646122
0.767642 0.412026
0.712482 0.49247
0.907651 0.176606
0.554419 0.692754
0.577725 0.666326
0.175305 0.969332
0.819084 0.331449
0.953083 0.0917932
0.640346 0.590043
0.754493 0.431095
0.345774 0.880523
0.465668 0.783252
0.698591 0.512074
0.83819 0.300693
0.872852 0.241415
0.919274 0.155136
0.80438 0.353528
0.151318 0.977175
0.486445 0.763472
0.280741 0.921275
0.323635 0.895351
0.302459 0.908605
0.860597 0.261698
0.964182 0.07081
0.976097 0.0473736
0.369911 0.863259
0.986795 0.0264813
0.847596 0.283541
0.438896 0.807469
0.446141 0.801045
0.382893 0.853491
0.414035 0.82866
0.397595 0.84201
0.399993 0.840105
0.417576 0.825725
0.417576 0.825725
0.446141 0.801053
0.414035 0.828661
0.417576 0.825727
0.446141 0.801054
0.414035 0.828668
0.446141 0.801057
0.414035 0.828672
0.446141 0.801058
0.414035 0.828672
0.446141 0.801062
0.414035 0.828673
0.446141 0.801063
0.414035 0.828673
0.446141 0.801064
0.414035 0.828673
0.446141 0.801065
0.414035 0.828674
0.414035 0.828674
0.446141 0.80107
0.414035 0.828675
0.446141 0.801071
0.414035 0.828675
0.446141 0.801071
0.414035 0.828675
0.446141 0.801074
0.414035 0.828676
0.446141 0.801075
0.414035 0.828676
0.446141 0.801076
0.414035 0.828677
0.446141 0.801079
0.414035 0.828677
0.446141 0.801084
0.414035 0.828677
0.446141 0.801093
0.414035 0.828678
0.446141 0.801094
0.414035 0.828678
0.446141 0.801097
0.414035 0.828679
0.446141 0.801104
0.414035 0.828679
0.414035 0.828684
0.414035 0.828686
0.414035 0.828686
0.414035 0.828688
0.414035 0.828695
0.414035 0.8287
