82755 290.05
1 4.44089e-16
0 1
0.595064 0.6459
0.814348 0.336837
0.758828 0.42418
0.618139 0.617904
0.718809 0.483314
0.0644152 0.995852
0.102455 0.989504
0.457642 0.790572
0.186393 0.965258
0.517986 0.73171
0.212103 0.955014
0.268155 0.928093
0.285853 0.91831
0.488442 0.761425
0.93275 0.129977
0.976647 0.0461609
0.799528 0.360755
0.89175 0.204784
0.573507 0.67109
0.657837 0.567256
0.918323 0.156688
0.969458 0.0601578
0.332698 0.889314
0.47445 0.774898
0.177593 0.968461
0.90332 0.184015
0.442856 0.803879
0.787771 0.379418
0.418502 0.824859
0.132915 0.982386
0.497995 0.752001
0.743767 0.446811
0.35212 0.876012
0.962827 0.0729668
0.95064 0.0962897
0.29818 0.911354
0.551863 0.69545
0.157429 0.975216
0.91199 0.168284
0.85116 0.275526
0.956951 0.0842477
0.622389 0.612634
0.543793 0.704296
0.53276 0.718142
0.436809 0.809198
0.772924 0.40262
0.0381052 0.998549
0.869245 0.244417
0.943753 0.109331
0.64626 0.582349
0.401027 0.839178
0.394109 0.844682
0.0284383 0.999191
0.468085 0.780915
0.220168 0.951526
0.984904 0.0299645
0.820522 0.326744
0.837661 0.298325
0.38262 0.853602
0.732441 0.46353
0.993698 0.0125646
0.732441 0.46353
0.687107 0.527936
0.830515 0.310245
0.879225 0.226964
0.710749 0.494838
0.00673692 0.999995
0.584746 0.658073
0.859465 0.261319
0.0595291 0.996456
0.634721 0.597132
0.560951 0.685334
0.743767 0.446811
0.412412 0.82996
0.367236 0.865138
0.678845 0.53917
0.328124 0.89238
0.308584 0.90478
0.376414 0.858313
0.56517 0.680583
0.826338 0.317179
0.675651 0.543499
0.643407 0.586031
0.926429 0.14173
0.697568 0.513451
0.691616 0.521717
0.535054 0.713729
0.905563 0.179957
0.887154 0.212965
0.845418 0.285292
0.795498 0.367183
0.234482 0.945018
0.858578 0.262844
0.587027 0.655404
0.149018 0.977794
0.360698 0.869897
0.316336 0.899932
0.702046 0.507134
