232074 450.079
1 2.98655e-05
1 2.98655e-05
3.1683e-12 1.00006
3.1683e-12 1.00006
0.366932 0.867631
6.80074e-05 1.00002
0.366932 0.867631
6.80074e-05 1.00002
0.466962 0.781994
0.433803 0.811863
0.972033 0.0554009
0.768603 0.409403
0.68256 0.534171
0.787777 0.379619
0.868442 0.250548
0.917996 0.15772
0.95558 0.0870524
0.392594 0.848696
0.942925 0.11148
0.989097 0.0219337
0.882896 0.222054
0.413856 0.829752
0.662061 0.561761
0.48828 0.761634
0.815246 0.335735
0.751033 0.43606
0.700235 0.509731
0.506123 0.743881
0.831428 0.309036
0.802585 0.356249
0.926484 0.141984
0.524891 0.72454
0.852671 0.277788
0.623812 0.610901
0.713419 0.49114
0.726533 0.47223
0.738922 0.454049
0.649313 0.578473
0.636828 0.5945
0.896355 0.197588
0.539268 0.709272
0.843388 0.290732
0.592918 0.648573
0.560905 0.685431
0.896355 0.197588
0.572237 0.672602
0.550406 0.697119
0.582434 0.660864
0.608267 0.630068
0.604571 0.634532
1 5.26474e-05
6.80074e-05 1.00006
0.604571 0.634571
1 6.83724e-05
6.80074e-05 1.00007
0.604571 0.634588
1 7.23965e-05
6.80074e-05 1.00012
0.604571 0.634609
1 8.12381e-05
0.604571 0.634634
1 8.2393e-05
0.604571 0.634695
1 8.3496e-05
1 9.82974e-05
1 0.000102828
1 0.00010792
1 0.000110515
1 0.000111146
1 0.000111696
1 0.000114205
1 0.00011423
1 0.000114368
1 0.000118804
1 0.000121321
1 0.000121878
1 0.000122775
1 0.000123783
1 0.000129195
1 0.00013169
1 0.000133891
1 0.000136563
1 0.000138622
1 0.000139733
1 0.000140462
1 0.000148724
1 0.000151394
1 0.000151437
1 0.000162054
1 0.00016624
1 0.000167457
1 0.000179038
1 0.000180267
1 0.000183416
1 0.000184693
1 0.000188827
1 0.000196655
1 0.000213759
1 0.000219235
1 0.000226325
