114295 380.063
0.042627 0.999041
1 0.000254324
0.00132024 1.00019
1 0.00802329
0.348921 0.884863
1 0.00969277
0.876343 0.246554
0.886776 0.219021
0.444522 0.803543
0.973854 0.058396
0.372429 0.863392
0.772666 0.406627
0.7465 0.448939
0.939633 0.122081
0.941937 0.118803
0.672319 0.560739
0.971626 0.0585814
0.826006 0.320811
1 0.0074763
0.912921 0.175519
0.38426 0.853389
0.458684 0.795809
0.709461 0.50277
0.373775 0.865862
0.677495 0.547772
0.895352 0.199617
0.613636 0.623887
0.696876 0.515847
0.378123 0.858417
0.742932 0.456902
0.498342 0.755653
1 0.00687093
0.6813 0.544226
0.561452 0.687814
0.806549 0.353247
0 1.00308
0.401383 0.85102
0.29061 0.919337
0.658246 0.574126
0.5 0.755269
1 0.0025339
0.555719 0.698018
0.610007 0.632054
0.5 0.754648
0.5 0.750205
0.287381 0.919484
0.72677 0.473094
0.520689 0.733614
0.535546 0.719182
0.541705 0.714004
0.5 0.75725
0.110193 0.992013
0 1.0063
0.294413 0.916467
0.979444 0.0443314
0.5 0.771401
1 0.0121296
0.596563 0.647754
0.448069 0.807225
0.527878 0.73059
0.489402 0.766026
1 0.00788452
0.888028 0.230288
0.875298 0.242372
1 0.0070206
0.549377 0.703642
0.963677 0.0812318
0.701293 0.513327
0.708472 0.511093
1 0.0222641
0.589516 0.655337
0.13523 0.987817
1 0.00683284
0.841042 0.29408
0.577531 0.672307
0.0303118 1.0005
0.5 0.752267
0.818122 0.340216
1 0.00600022
0.319657 0.898745
0.517259 0.737003
0.491381 0.76227
0.797748 0.363851
0.962444 0.0836205
1 0.0146185
1 0.0116221
0.618286 0.623322
0.438341 0.812677
0.418006 0.826909
1 0.00706785
0.229411 0.949586
0 1.00158
1 0.00528734
0.109757 0.988704
0.672909 0.555517
0.422381 0.824147
0.497879 0.756489
0.299077 0.914788
0.5 0.753999
1 0.0125838
