135186 80.0028
0.959313 0.344258
8.78635e-09 1.89239
1.0135e-08 1.8828
3.36441e-08 1.45032
0.455647 0.935432
0.324211 1.02935
3.54845e-07 1.19435
3.36441e-08 1.45032
0.959313 0.344258
0.895835 0.429237
0.455647 0.935432
0.530815 0.886796
0.324211 1.02935
0.246668 1.06741
0.759982 0.616139
0.708198 0.694909
0.708198 0.694909
0.652092 0.758711
0.0763297 1.12172
0.759982 0.616139
0.832367 0.512142
0.159181 1.10444
0.0763206 1.12351
2.5208e-06 1.12717
3.54845e-07 1.19435
0.597269 0.871799
0.832365 0.585137
0.652083 0.864852
0.708198 0.694909
0.652083 0.864852
0.597269 0.871799
0.652083 0.864852
0.324211 1.02935
0.880803 0.448432
0.159181 1.10444
0.201814 1.09215
0.880803 0.448432
0.201814 1.09215
0.832365 0.585137
0.895835 0.429237
1.01742e-06 1.12754
0.832365 0.585137
0.832365 0.585137
0.880803 0.448432
0.159181 1.10444
0.159181 1.10444
0.832365 0.516162
2.5208e-06 1.12717
0.652092 0.758711
2.5208e-06 1.12717
0.652092 0.758711
0.652092 0.758711
0.246668 1.06741
3.36441e-08 1.45032
0.708198 0.694909
0.455647 0.935432
0.652092 0.758711
0.455647 0.935432
0.455647 0.935432
0.0763297 1.12172
0.159181 1.10444
0.895835 0.429237
0.246668 1.06741
0.880803 0.448432
0.832365 0.585137
1.01742e-06 1.12754
0.880803 0.448432
0.455647 0.935432
0.455647 0.935432
0.455647 0.935432
0.895835 0.429237
0.895835 0.429237
0.759982 0.616139
0.708198 0.694909
0.0763297 1.12172
3.54845e-07 1.19435
0.597269 0.871799
0.832365 0.585137
0.652083 0.864852
0.597269 0.871799
0.652083 0.864852
0.324211 1.02935
0.959313 0.344258
0.159181 1.10444
3.36441e-08 1.45032
0.455647 0.935432
0.832365 0.585137
0.832365 0.585137
0.159181 1.10444
0.832365 0.516162
2.5208e-06 1.12717
3.36441e-08 1.45032
0.708198 0.694909
0.455647 0.935432
0.455647 0.935432
0.455647 0.935432
0.159181 1.10444
0.832365 0.585137
0.880803 0.448432
4.38192e-07 1.14566
