135288 450.1
0.815059 0.335683
0.307259 0.906165
0.235661 0.944561
0.471128 0.782888
0.300952 0.911174
0.240152 0.943555
0.513288 0.739136
0.5 0.753377
0.400694 0.840765
0.911997 0.178747
0.262368 0.936043
0.5 0.763147
0.5 0.751454
0.0903086 0.995087
0.379021 0.858681
0.121048 0.990699
1 0.000908426
0.661606 0.568247
0.363825 0.869134
0.5 0.75678
0.545659 0.707805
0.923869 0.148235
0.799581 0.367557
0.861287 0.266934
0.738945 0.454995
0.504134 0.748981
0.708205 0.503663
0.633819 0.600343
0.5 0.754249
1 0.00324152
0.453349 0.80079
0.890916 0.208999
0.281555 0.921093
0.569768 0.676456
0.557921 0.689866
0 1.00048
0.723734 0.477401
1 0.00256528
0.850466 0.279076
0.408606 0.837178
1 0.00493884
0.763537 0.417995
0.647492 0.594636
0.243625 0.946449
0.342127 0.886234
0.583232 0.666241
0.5 0.762493
0.946566 0.108111
0.247551 0.944028
0.394588 0.848666
0.197953 0.966967
1 0.00203827
0.407959 0.83463
0.885211 0.218486
0 1.00046
0.821789 0.345065
0.842985 0.300968
0.463722 0.791415
0.730592 0.471722
0.809417 0.348813
1 0.0134593
1 0.00947865
0.762355 0.424966
0.596074 0.650858
1 0.00997961
0.0981957 0.996815
0.908306 0.179064
1 0.00690953
0.630365 0.605365
0.143647 0.97988
0.5 0.753086
0.5 0.750428
0.666133 0.559186
0.781413 0.394154
0.281857 0.922907
0.644537 0.588048
0.5 0.750192
0.538024 0.734368
0.664479 0.566826
0.466602 0.788235
1 0.00790734
0.663338 0.560927
0.266941 0.929404
0.717744 0.48874
0.866348 0.252106
0.481599 0.770249
1 0.0120177
1 0.0090527
0.287042 0.924717
0.5 0.751109
0.416302 0.831806
0.512269 0.744555
0.496255 0.75978
1 0.0034992
0.276952 0.928869
0.117644 0.989713
0.217462 0.958358
0.502068 0.754672
0.891541 0.211346
0.737614 0.460095
