111678 160.014
2.06612e-15 1.00002
3.48469e-20 1.00009
1.34712e-15 1.00002
7.81741e-16 1.00002
2.06728e-16 1.00002
3.40156e-19 1.00003
1.09288e-16 1.00003
7.77211e-18 1.00003
4.27707e-16 1.00002
1.41703e-19 1.00007
1.33647e-19 1.00007
2.35401e-15 1.00002
1.03331e-19 1.00009
5.48898e-16 1.00003
8.52086e-16 1.00002
1.06015e-17 1.00003
9.40455e-16 1.00002
1.55705e-15 1.00002
2.34369e-16 1.00003
4.69472e-16 1.00003
1.61525e-16 1.00003
5.04953e-17 1.00003
2.10508e-15 1.00002
1.2269e-16 1.00003
3.76178e-18 1.00003
2.27201e-15 1.00002
5.13164e-19 1.00004
4.17222e-19 1.00005
1.27654e-18 1.00004
9.2804e-18 1.00003
8.38316e-18 1.00003
1.15832e-18 1.00004
5.48513e-16 1.00003
2.40871e-15 1.00002
1.66542e-19 1.00011
9.24776e-16 1.00002
1.75247e-15 1.00002
1.0836e-17 1.00003
2.13305e-16 1.00003
6.37849e-16 1.00003
3.64464e-16 1.00003
4.61131e-16 1.00003
7.22717e-17 1.00003
1.9176e-18 1.00004
8.86795e-16 1.00003
1.55826e-15 1.00002
5.58976e-19 1.00004
5.37446e-18 1.00003
9.03263e-16 1.00003
4.14742e-17 1.00003
2.52698e-19 1.0001
6.05534e-16 1.00003
7.94248e-19 1.00004
4.9312e-17 1.00003
4.78043e-18 1.00004
2.53239e-15 1.00002
1.73962e-19 1.00017
1.13823e-17 1.00003
4.45491e-16 1.00003
7.80861e-19 1.00009
4.49209e-17 1.00003
2.24453e-15 1.00003
2.40781e-16 1.00003
6.09381e-16 1.0001
2.84456e-15 1.00004
2.42853e-15 1.00004
2.67109e-15 1.00003
2.2532e-15 1.00004
2.2102e-15 1.00003
2.33838e-15 1.00005
1.711e-15 1.00004
4.19536e-16 1.0001
1.92983e-15 1.00003
2.49499e-17 1.00009
2.38303e-15 1.00005
1.88421e-15 1.00004
1.23734e-15 1.00003
2.12344e-15 1.00005
2.29262e-15 1.00006
2.40837e-15 1.00006
2.97422e-15 1.00004
2.32855e-15 1.00005
2.9504e-15 1.00004
2.08143e-15 1.00004
1.87646e-15 1.00006
1.35985e-15 1.00004
2.51477e-15 1.00004
1.15526e-15 1.00005
1.63377e-15 1.00005
2.37559e-15 1.00005
2.20278e-15 1.00005
1.84975e-15 1.00005
2.54151e-15 1.00004
2.59252e-16 1.00009
2.865e-15 1.00005
1.69328e-15 1.00004
1.36925e-15 1.00004
2.19152e-15 1.00004
1.81118e-16 1.00009
2.64127e-15 1.00005
