200549 140.005
4.07392e-08 1.29122
4.07392e-08 1.29122
4.07392e-08 1.29122
0.830654 0.530971
4.07392e-08 1.29122
0.317732 1.0054
0.648466 0.802139
0.648466 0.802139
0.730365 0.612381
5.02552e-06 1.09734
0.648859 0.713715
4.40569e-08 1.14755
0.132641 1.08288
0.235317 1.04619
0.558969 0.811799
0.547229 0.827901
0.496956 0.87324
0.209842 1.06531
0.317732 1.0054
0.446095 0.909259
0.496941 0.877381
0.730356 0.652768
0.132641 1.08288
0.317732 1.0054
0.648466 0.727299
0.730356 0.652768
0.209842 1.06531
0.235317 1.04619
0.730365 0.624562
1.85858e-06 1.11129
4.40569e-08 1.14755
0.830646 0.554969
0.730356 0.652768
0.558969 0.811799
0.547229 0.827901
0.132641 1.08288
0.132641 1.08288
0.132641 1.08288
0.648466 0.727299
0.446086 0.92834
0.446086 0.92834
0.730365 0.612381
0.730356 0.652768
4.60742e-06 1.10199
1.85858e-06 1.11129
1.85858e-06 1.11129
1.85858e-06 1.11129
1.85858e-06 1.11129
4.60742e-06 1.10199
1.85858e-06 1.11129
0.496941 0.877381
0.648859 0.713715
0.648474 0.714108
0.496956 0.87324
0.446086 0.92834
4.07392e-08 1.29122
0.648466 0.802139
0.730365 0.612381
0.648859 0.713715
0.648466 0.802139
1.85858e-06 1.11129
0.648466 0.727299
0.730356 0.652768
0.730356 0.652768
0.648466 0.727299
0.209842 1.06531
0.446094 0.916051
5.02552e-06 1.09734
0.496956 0.87324
1.85858e-06 1.11129
0.235317 1.04619
0.209842 1.06531
0.648466 0.727299
0.730356 0.652768
0.496941 0.877381
0.317732 1.0054
0.209842 1.06531
4.40569e-08 1.14755
0.235317 1.04619
0.132641 1.08288
4.40569e-08 1.14755
0.730365 0.612381
0.648466 0.802139
0.317732 1.0054
0.830654 0.530971
0.446094 0.916051
0.830646 0.554969
0.132641 1.08288
0.730365 0.612381
4.60742e-06 1.10199
1.85858e-06 1.11129
0.446086 0.92834
0.648466 0.802139
0.730365 0.612381
0.648466 0.802139
1.85858e-06 1.11129
0.648466 0.727299
0.730356 0.652768
0.730356 0.652768
0.648466 0.727299
