39 0.0547762
0.0189324 2.14319
1 2.11917
0.721202 2.38152
0.154361 2.50026
0.459161 2.03282
0 2.51148
0.495136 2.36893
0.138004 2.05691
0.5 2.21978
0.793147 2.06849
0 3.04904
0.340808 2.4165
0.626677 1.91167
0 2.40132
0.441289 2.34651
0 2.29821
0 2.41457
0.35754 2.17051
0.130617 2.36564
0.146374 2.45873
0.615224 2.20809
0.432342 2.28889
0.602686 2.12278
0 2.43333
0.651475 1.92096
0.402664 2.14901
0.317908 2.00501
0 2.50824
0 2.34692
0.511071 3.06983
0.258944 2.33814
0.360177 2.54311
0.299481 2.16667
1 1.9656
0.676689 2.07935
0.629269 2.00808
1 2.27048
0.111884 3.11375
0.281715 2.25365
0.5 2.37491
0.239269 2.52549
0.387193 2.1301
0.5 2.2946
0.617699 2.12697
0.904856 2.27612
1 2.2728
0.348953 2.26716
1 2.12022
0.221553 2.52235
0.637526 2.20736
0.327638 2.3434
0.296338 2.29412
0.5 2.21796
0.534565 2.12885
0.5 2.28623
0.813834 2.04907
0.326988 2.1978
0.0495724 2.29618
0.882686 1.91174
0.270464 2.3588
0.0625977 2.31685
0.876275 2.31978
0 2.7014
0.5 1.91246
0 2.29946
0.5 2.35825
0 2.29151
0.355018 2.41761
1 2.09638
0.5 2.52515
0.5 2.34572
1 1.94401
0.152603 2.10422
0.698321 2.09279
0.527121 2.26581
0 2.16491
0.556002 2.55907
0.519372 2.77524
0.483124 2.5998
0.516913 1.93711
0.374255 2.57249
0.36861 2.18498
0 2.34147
0.779125 2.00906
0.0212878 2.38207
0 2.65458
0 2.76543
0.748803 2.32554
0.447465 2.27804
0.125529 2.45118
0.173364 2.18218
0.844862 2.24976
0.30053 2.65164
0.865786 2.072
0.160992 2.15909
0.0364335 2.07192
0.449155 2.1107
0.290688 2.42935
0.5 2.47806
0.5 2.11026
