195660 600.004
0.99989 0.00144742
0.99989 0.00144742
1.1102e-10 1.00075
1.1102e-10 1.00075
0.422599 0.823397
5.63497e-06 1.00061
0.422599 0.823397
5.63497e-06 1.00061
0.616394 0.625948
0.813196 0.340355
0.648697 0.581022
0.975915 0.0490532
0.717006 0.487276
0.73705 0.457766
0.829919 0.312553
0.777396 0.396863
0.672634 0.549876
0.866623 0.250352
0.511109 0.740143
0.717006 0.487276
0.590609 0.655962
0.960453 0.078853
0.477466 0.776451
0.496513 0.758465
0.951228 0.0966569
0.762818 0.419807
0.672634 0.549876
0.936758 0.124483
0.531401 0.719251
0.570759 0.675995
0.843375 0.290005
0.988942 0.0236406
0.75053 0.438694
0.854109 0.272436
0.881738 0.224743
0.546606 0.708953
0.558945 0.689129
0.606067 0.63799
0.655281 0.572853
0.450398 0.802058
0.905906 0.180649
0.462852 0.796405
0.794405 0.370574
0.429868 0.818031
0.892021 0.205697
0.794089 0.371038
0.916537 0.161505
0.997653 0.00649105
0.889619 0.210786
0.924048 0.147714
0.927931 0.140386
0.911643 0.170843
0.911643 0.170843
0.927931 0.140386
0.9262 0.14371
0.927931 0.140542
0.889619 0.210841
0.905906 0.181182
0.916537 0.161522
0.9262 0.143808
0.927931 0.140615
0.905906 0.181189
0.916537 0.161563
0.9262 0.143857
0.927931 0.140633
0.905906 0.181329
0.9262 0.143995
0.927931 0.140674
0.905906 0.181502
0.9262 0.144049
0.927931 0.140708
0.905906 0.181663
0.9262 0.144063
0.927931 0.140807
0.905906 0.181739
0.9262 0.14407
0.927931 0.140834
0.905906 0.181807
0.9262 0.144118
0.927931 0.140854
0.9262 0.144133
0.927931 0.140876
0.9262 0.144142
0.927931 0.140898
0.9262 0.144148
0.927931 0.14094
0.9262 0.144228
0.927931 0.14111
0.9262 0.144429
0.927931 0.141127
0.9262 0.144493
0.927931 0.141129
0.9262 0.144645
0.927931 0.141216
0.927931 0.141314
0.927931 0.1414
0.927931 0.141434
0.927931 0.14145
0.927931 0.141493
0.927931 0.141568
