134423 480.091
5.55112e-17 1
5.55112e-17 1
1 4.44089e-16
0.781163 0.389784
0.763424 0.417184
0.470534 0.778928
0.595358 0.645549
0.154811 0.976034
0.674242 0.545398
0.504936 0.745875
0.886305 0.214463
0.918468 0.156453
0.350516 0.877138
0.230608 0.94682
0.450986 0.796787
0.907698 0.176091
0.967219 0.0665758
0.580755 0.662724
0.482004 0.767673
0.732381 0.463619
0.855545 0.268042
0.9483 0.112578
0.956557 0.0850016
0.177247 0.968584
0.658004 0.56703
0.745585 0.444102
0.68169 0.535303
0.696603 0.514745
0.0190093 0.999639
0.623573 0.611157
0.520259 0.729334
0.299917 0.91005
0.862617 0.255892
0.248447 0.938274
0.836975 0.299478
0.951869 0.0939451
0.567587 0.678278
0.983408 0.0329086
0.436831 0.809179
0.976774 0.0459135
0.275192 0.92427
0.41834 0.824992
0.803078 0.355065
0.55373 0.693384
0.792166 0.372472
0.311839 0.902757
0.810736 0.342707
0.846762 0.282994
0.614518 0.622368
0.366522 0.865662
0.538856 0.709638
0.551383 0.695978
0.41491 0.833444
0.605539 0.633323
0.368925 0.863894
0.722085 0.478644
0.706838 0.50038
0.216722 0.953033
0.397188 0.842242
0.896672 0.195979
0.972336 0.0565339
0.0458618 0.997897
0.902188 0.186057
0.265611 0.929451
0.928201 0.138443
0.339256 0.884906
0.988538 0.0227924
0.924638 0.145044
0.090026 0.991895
0.0672449 0.995478
0.93708 0.121882
0.119432 0.985736
0.38399 0.852577
0.869566 0.243855
0.401739 0.839422
0.818569 0.332516
0.52704 0.722233
0.843665 0.288231
0.755431 0.429325
0.186073 0.965443
0.137374 0.981129
0.256138 0.934393
0.196331 0.961455
0.492692 0.757254
0.934793 0.126163
0.631741 0.600903
0.878761 0.227779
0.656736 0.568698
0.992913 0.014124
0.640962 0.589169
0.536341 0.712338
0.821762 0.324708
0.647177 0.581162
0.495389 0.755419
0.384329 0.852291
0.790122 0.375709
0.0395336 0.998437
0.105348 0.988902
0.82995 0.311182
0.575036 0.669334
