73683 290.05
0.999995 6.56662e-05
0.999995 6.56662e-05
3.38483e-10 1.00027
3.38483e-10 1.00027
0.250289 0.937417
0.786579 0.381351
0.876456 0.231895
0.851183 0.275559
0.346013 0.880356
0.581258 0.662187
0.52363 0.725868
0.28014 0.921596
0.498188 0.751867
0.250289 0.937417
0.423141 0.821028
0.957122 0.0839823
0.379177 0.856271
0.767308 0.411372
0.722521 0.478247
0.914058 0.164605
0.395111 0.843936
0.677699 0.540785
0.741288 0.450553
0.985116 0.0296249
0.556768 0.690068
0.661464 0.562555
0.891545 0.205214
0.442927 0.803863
0.694939 0.517126
0.477269 0.772281
0.545382 0.702626
0.603466 0.63589
0.82997 0.311254
0.707695 0.499226
0.46203 0.786582
0.753919 0.431762
0.635373 0.596369
0.902875 0.184929
0.311623 0.90294
0.645992 0.582752
0.811022 0.342305
0.318003 0.898946
0.836628 0.300147
0.811022 0.342305
0.931335 0.132695
0.617701 0.618539
0.973836 0.0517095
0.944086 0.108811
0.973836 0.0517095
0.612456 0.624946
0.938286 0.119687
0.932729 0.130127
0.943203 0.110434
0.973836 0.0517617
0.581258 0.662212
0.612456 0.624949
0.932729 0.130137
0.957122 0.0840266
0.943203 0.110501
0.938286 0.119694
0.973836 0.0517649
0.581258 0.662226
0.612456 0.624981
0.932729 0.130156
0.957122 0.0840409
0.938286 0.119696
0.957122 0.084042
0.612456 0.625022
0.938286 0.119698
0.938286 0.119703
0.938286 0.119706
0.938286 0.119707
0.938286 0.119712
0.938286 0.119712
0.938286 0.119714
0.938286 0.119714
0.938286 0.119714
0.938286 0.119715
0.938286 0.119715
0.938286 0.119716
0.938286 0.119717
0.938286 0.119718
0.938286 0.11972
0.938286 0.119722
0.938286 0.119727
0.938286 0.119727
0.938286 0.119728
0.938286 0.119728
0.938286 0.11973
0.938286 0.11973
0.938286 0.119737
0.938286 0.119741
0.938286 0.119743
0.938286 0.119743
0.938286 0.119744
0.938286 0.119745
0.938286 0.119746
0.938286 0.119751
0.938286 0.119759
0.938286 0.119773
