35009 50.0051
8.65476e-11 1.00021
3.74287e-11 1.00023
1.28729e-11 1.00025
7.68872e-11 1.00021
2.14741e-12 1.00028
2.51026e-11 1.00024
7.83386e-12 1.00027
3.11664e-16 1.00088
1.75508e-12 1.0003
7.00113e-13 1.00032
6.45691e-14 1.00038
1.7563e-13 1.00036
2.63796e-13 1.00034
2.22231e-14 1.00041
4.99032e-13 1.00033
3.57047e-13 1.00034
2.96634e-15 1.00045
1.32127e-13 1.00038
2.4588e-15 1.0005
6.00845e-13 1.00033
1.39081e-14 1.00044
1.93436e-15 1.00087
9.2804e-11 1.00022
3.71046e-11 1.00025
3.64637e-12 1.00029
2.87285e-11 1.00026
5.72133e-11 1.00025
1.73538e-11 1.00027
9.11207e-11 1.00022
2.21636e-12 1.0003
7.82083e-11 1.00024
1.36069e-11 1.00029
1.63655e-11 1.00028
1.06211e-13 1.00038
9.28938e-13 1.00034
4.24528e-16 1.00212
8.50312e-15 1.00048
1.35945e-12 1.00033
3.49359e-13 1.00036
8.24891e-11 1.00024
5.32374e-13 1.00034
7.82242e-16 1.00111
4.58081e-15 1.00067
7.31361e-14 1.0004
2.16392e-12 1.00032
2.02167e-12 1.00033
3.45449e-14 1.00043
4.41973e-13 1.00035
7.96707e-11 1.00024
2.38779e-14 1.00045
2.40241e-15 1.00098
1.2544e-11 1.00029
5.0435e-13 1.00035
5.19712e-14 1.00042
3.68602e-11 1.00026
1.10301e-10 1.00022
4.22505e-12 1.0003
3.25083e-11 1.00026
7.06648e-11 1.00025
6.41367e-13 1.00035
1.90066e-14 1.00048
1.87942e-11 1.00028
1.47765e-15 1.00123
5.76223e-11 1.00065
3.86551e-11 1.00049
7.21203e-11 1.00068
9.65095e-11 1.0007
9.8176e-11 1.00065
7.57239e-11 1.00043
9.07935e-11 1.00053
3.25414e-11 1.00072
1.01365e-10 1.00068
9.57847e-11 1.00065
5.1797e-11 1.00045
9.32504e-11 1.0009
1.0626e-10 1.0006
7.68371e-11 1.0007
1.0761e-10 1.00057
5.03004e-11 1.00044
6.43439e-11 1.00057
5.91506e-11 1.00065
7.53263e-11 1.00068
7.00569e-11 1.00078
6.54756e-11 1.00052
6.45931e-11 1.00051
8.89529e-11 1.00061
6.09078e-11 1.00072
7.99086e-11 1.00066
8.61755e-11 1.00049
6.02771e-11 1.00049
8.47658e-12 1.00067
5.08034e-11 1.00046
7.33736e-11 1.00063
8.35103e-11 1.00081
8.05346e-11 1.0006
6.43881e-11 1.0007
1.49803e-10 1.0006
1.23733e-10 1.00069
7.13547e-11 1.00052
1.47177e-10 1.00062
