2 0.00335463
0.0916402 4.81733
0.024447 4.3297
0 4.61371
0.0481386 4.85856
0.181819 4.40392
0.108642 4.6484
0 4.35648
0 3.79558
0 5.269
0 4.27857
0.11453 4.44298
0.175183 3.9663
0 4.68989
0.20935 4.93875
0 4.80852
0.0345279 4.57134
0.391756 4.83576
0 4.10946
0 4.38563
0.293373 5.25624
0.227313 5.02342
0 4.95668
0.045417 5.36574
0.0542947 4.75388
0 4.62203
0 4.66518
0.225098 5.18928
0 4.01505
0.00204449 4.80485
0.5 5.19307
0.00791723 4.21119
0 4.79537
0.0889392 4.80769
0.5 4.96586
0.5 4.95393
0 4.72781
0.199237 4.97444
0.000945958 4.83545
0.5 4.37313
0 4.67181
0.195361 5.02707
0 4.90007
0.132292 4.69675
0.402522 5.2375
0.5 5.00962
0 4.4945
0 4.56422
0 5.29037
0 4.72016
0.22532 4.47705
0 4.41701
0 4.9124
0 5.32696
0 4.40948
0 4.54421
0.229488 5.68648
0 4.98394
0.358168 5.01058
0.0253709 4.45665
0.332549 4.60964
0.570058 5.45544
0.246049 4.81628
0 4.29674
0.144478 4.40967
0.479299 4.83132
0.65366 4.98443
0.351136 5.08314
0 4.48696
0 4.80347
0.240976 4.94463
0.743361 4.55268
0.240415 4.64662
0.220723 5.01495
0 5.02202
0.848323 5.65399
0 4.7801
0.62593 4.84236
0 4.92836
0 5.31694
0.028818 5.03216
0.256998 4.92921
0 5.39209
0 4.82811
0.491335 4.93905
0 4.73462
0 5.38566
0.138378 4.96263
0 4.22101
0.124714 4.66961
0 5.3375
0.33357 5.11474
0 4.77466
0.0739321 4.88772
0.238042 5.56372
0.0681802 5.07363
0 4.37032
0 5.22143
0.099507 4.81004
0 4.88812
0.165875 5.0514
