83031 120.008
9.99356e-05 1
1 1.69061e-06
0.942318 0.359361
0.921174 0.32393
0.999572 0.544451
0.0423201 1.05475
0.999402 0.418485
0.843069 0.699886
9.93029e-05 1.08724
0.987661 0.338049
0.0309086 1.19761
0.647735 0.972749
0.550278 1.11786
0.848811 0.52988
0.990702 0.590961
0.913379 0.258155
0.811039 0.692415
0.194591 1.30234
0.622195 0.85313
0.00407467 1.01599
0.925384 0.840063
0.993141 0.358142
0.117776 1.08814
0.980132 0.200351
0.63989 0.954346
0.999029 0.473885
0.0309086 1.19761
0.999369 0.358204
0.942318 0.359361
9.93029e-05 1.08724
0.432181 1.05816
0.915891 0.504244
0.0423201 1.05475
0.0192728 1.05343
0.673386 0.754972
1.93067e-06 1.16091
0.00407467 1.01599
0.913379 0.258155
0.431546 0.951161
0.016333 1.02212
0.0192728 1.05343
0.657781 0.852359
0.915891 0.504244
0.0349442 1.04901
0.848811 0.52988
0.136483 1.04817
0.812009 0.77579
0.345334 1.27368
0.714543 0.741095
0.207548 1.15133
0.00490739 1.10114
0.194591 1.30234
0.491785 0.985809
0.0349442 1.04901
0.945937 0.512491
0.811173 0.783488
0.0062675 1.1682
0.117776 1.08814
0.00996718 1.06894
0.489087 0.97019
0.999572 0.544451
0.999096 0.594148
0.811039 0.692415
0.811173 0.783488
0.995735 0.567367
0.812009 0.77579
0.960872 0.557371
0.995722 0.348329
0.432181 1.05816
0.979209 0.293958
0.921174 0.32393
0.00622246 1.01828
0.63989 0.954346
0.00530718 1.26274
0.997215 0.319726
0.431546 0.951161
0.345334 1.27368
0.0805786 1.09754
0.998047 0.285611
0.402065 1.08088
0.995722 0.348329
0.499839 0.942877
0.673386 0.754972
0.334518 1.18378
0.0805786 1.09754
0.00996718 1.06894
0.00530718 1.26274
0.102212 1.25247
0.000135338 1.33695
0.999096 0.594148
0.491785 0.985809
0.997396 0.3615
0.939368 0.433795
0.0135309 1.56498
0.990702 0.590961
0.925384 0.840063
0.975233 0.352973
0.999369 0.358204
0.657781 0.852359
0.717618 0.796653
