359007 520.041
9.99626e-05 1
0.999995 1.82091e-05
0.830701 0.736026
0.482103 1.07139
0.984265 0.359712
0.0100757 1.24003
0.161688 1.11016
0.798215 0.616765
0.717794 0.798567
0.99921 0.298475
0.711131 0.681837
0.711354 0.730963
0.53008 1.02892
0.366866 1.04849
0.637449 1.01135
0.698123 0.814709
0.490008 1.06487
0.997879 0.161239
0.121772 1.19353
0.000801306 1.14957
0.99921 0.298475
0.000801306 1.14957
0.507223 1.07029
0.863706 0.489515
0.938186 0.18956
0.236872 1.16805
0.999024 0.132443
0.148565 1.29088
0.956296 0.371409
0.35731 1.22717
0.698123 0.814709
0.0230893 1.15211
0.981284 0.577222
0.999024 0.132443
0.025117 1.29911
0.711354 0.730963
0.999166 0.139573
0.0572805 1.14605
0.19049 1.17137
0.127192 1.34278
0.226961 1.42108
0.698306 0.930324
0.999859 0.278587
0.206567 1.2489
0.0549119 1.22901
0.301543 1.25769
0.0529689 1.2245
0.236872 1.16805
0.53008 1.02892
0.798215 0.616765
0.954938 0.267349
0.346935 1.11265
0.121637 1.15497
0.0920802 1.21912
0.636366 0.941083
0.999918 0.370169
0.191771 1.16341
0.882013 0.53078
0.981284 0.577222
0.76633 0.694758
0.0100757 1.24003
0.956296 0.371409
0.706107 0.871654
0.226961 1.42108
0.35731 1.22717
0.999859 0.278587
0.893492 0.529108
0.0533196 1.27149
0.706107 0.871654
0.370546 1.08104
0.025117 1.29911
0.948534 0.521737
0.482518 0.962114
0.916715 0.531348
0.456572 1.0805
0.999067 0.198404
0.977695 0.264841
0.611656 0.889588
0.898524 0.603
0.797691 0.690518
0.0529689 1.2245
0.0920802 1.21912
0.948534 0.521737
0.480309 1.0243
0.999067 0.198404
0.999166 0.139573
0.00741628 1.09786
0.435853 0.984088
0.840537 0.575161
0.898524 0.603
0.698306 0.930324
0.907764 0.544714
0.167538 1.12819
0.938186 0.18956
0.999989 0.115158
0.0117349 1.12889
0.188613 1.15736
0.480309 1.0243
0.893492 0.529108
0.954938 0.267349
