24708 80.016
0.1534 0.979539
0 1.00004
0.5 0.761397
0.901825 0.192303
0.397229 0.846725
1 0.00328186
0.958388 0.102591
0.5 0.752162
0.747317 0.455712
0.5 0.757823
1 0.0012534
0.54888 0.70351
0.403831 0.843121
0.5 0.753927
0.395964 0.850074
1 0.0036905
0.0929224 0.992109
0.817127 0.336788
0.5 0.75
0.730414 0.471255
0.919584 0.165041
0.162084 0.974977
0.138274 0.984737
0.277379 0.924225
0.372937 0.86245
0.614068 0.624087
0.446301 0.80366
0.682449 0.539242
0.981098 0.0408466
0.807496 0.356522
1 0.0130617
0.486484 0.784751
0.349 0.880207
0.471677 0.784319
0.464689 0.789662
0.556026 0.693371
0.898936 0.20286
0.496072 0.759738
0.716529 0.491609
0.522282 0.733633
0.801262 0.378969
0.663343 0.565209
1 0.0108131
0.330694 0.894091
0.772579 0.415296
0.407819 0.834001
0.509853 0.74297
0.300949 0.910118
0.651559 0.581498
0.0570028 1.00247
0.579422 0.665353
0.433579 0.814573
0.400389 0.842505
0.5 0.750925
0.41316 0.83646
0.363978 0.86994
0.5 0.751434
1 0.00502779
0.88165 0.234559
0.654968 0.576242
0.192895 0.962933
0.748077 0.456434
1 0.0131599
0.439698 0.807838
0.045408 0.999107
1 0.0165956
0.5 0.75239
0.5 0.750916
0.0231236 1.00348
0.565869 0.694976
0 1.00381
0.5 0.755779
0.73045 0.466716
0.5 0.755218
0.541358 0.712561
0.50264 0.752788
0.5 0.757627
1 0.00377269
0.480138 0.771995
1 0.0119488
1 0.0226645
0.0438902 1.00162
0.750784 0.443747
0.511564 0.740316
0.30218 0.910051
0.523405 0.731806
0.860632 0.262251
0.948192 0.1148
0.903304 0.188516
1 0.00920404
0.319112 0.900188
0.360056 0.874388
0.658997 0.574759
0.460253 0.790332
0.728369 0.478715
0.661787 0.570082
0.459221 0.801148
0.890688 0.21554
0.291924 0.92044
0.568443 0.685326
