124789 280.026
0.999991 6.71411e-05
0.999991 6.71411e-05
3.16944e-09 1.00028
3.16944e-09 1.00028
0.208502 0.956605
0.432536 0.813321
0.275491 0.924176
0.654835 0.571288
0.307334 0.905614
0.233449 0.945573
0.59184 0.65077
0.878626 0.228101
0.569106 0.677176
0.468595 0.780775
0.627865 0.606963
0.776799 0.39666
0.383607 0.852909
0.855201 0.268728
0.676542 0.542401
0.406465 0.834855
0.920264 0.153216
0.905043 0.180999
0.796444 0.365766
0.951128 0.0954351
0.614666 0.62514
0.340859 0.883869
0.987518 0.0249208
0.546936 0.701395
0.735157 0.459623
0.505454 0.744922
0.3542 0.8746
0.89007 0.207882
0.48231 0.767734
0.692927 0.519991
0.719693 0.482109
0.208502 0.956605
0.76027 0.422076
0.973992 0.0514478
0.964595 0.0696581
0.706799 0.500532
0.749972 0.437619
0.533017 0.716248
0.519553 0.730274
0.812856 0.339353
0.935817 0.124325
0.935817 0.124325
0.840344 0.293921
0.809585 0.344672
0.827105 0.315977
0.828997 0.312849
0.845426 0.285338
0.845426 0.285338
0.878626 0.22812
0.827105 0.315985
0.855201 0.268729
0.840344 0.293924
0.845426 0.285342
0.828997 0.312852
0.878626 0.228122
0.827105 0.315992
0.845426 0.285345
0.840344 0.293928
0.828997 0.312856
0.878626 0.228123
0.827105 0.316006
0.845426 0.285346
0.840344 0.293938
0.828997 0.312861
0.878626 0.228145
0.827105 0.316008
0.845426 0.285349
0.840344 0.293939
0.828997 0.312863
0.845426 0.285353
0.827105 0.316016
0.828997 0.312869
0.845426 0.285353
0.828997 0.312876
0.845426 0.285354
0.828997 0.312882
0.845426 0.285355
0.845426 0.285356
0.845426 0.285358
0.845426 0.285358
0.845426 0.285365
0.845426 0.285367
0.845426 0.285368
0.845426 0.285368
0.845426 0.285368
0.845426 0.285369
0.845426 0.285369
0.845426 0.285369
0.845426 0.28537
0.845426 0.28537
0.845426 0.285371
0.845426 0.285372
0.845426 0.285375
0.845426 0.285376
0.845426 0.285376
0.845426 0.285376
