80156 280.05
1.92458e-18 1
1 0
1.92458e-18 1
0.558998 0.687568
0.393238 0.845364
0.425138 0.819264
0.703126 0.505614
0.443543 0.80327
0.985055 0.0296688
0.471716 0.777487
0.71649 0.486643
0.974771 0.0498256
0.923924 0.149068
0.938817 0.118623
0.332078 0.889729
0.360635 0.870097
0.580489 0.663033
0.672883 0.547231
0.865138 0.251539
0.931998 0.131828
0.126512 0.983995
0.880552 0.224631
0.891866 0.204579
0.735142 0.459578
0.993283 0.0133881
0.194499 0.962172
0.914065 0.164537
0.613396 0.623746
0.949373 0.0987593
0.541107 0.707203
0.523291 0.726167
0.759603 0.423015
0.85696 0.26562
0.167663 0.972144
0.746123 0.4433
0.958804 0.0806956
0.590021 0.651878
0.23875 0.943005
0.427557 0.817196
0.842117 0.290839
0.618421 0.617556
0.375755 0.858809
0.686991 0.531424
0.488238 0.761648
0.60078 0.639064
0.457395 0.791643
0.908982 0.173755
0.902706 0.185125
0.691845 0.52135
0.297826 0.911305
0.656666 0.56879
0.330116 0.891047
0.494408 0.755623
0.650573 0.576761
0.384992 0.851782
0.724261 0.475446
0.147881 0.978131
0.897814 0.194367
0.31231 0.902482
0.639143 0.592418
0.882313 0.221911
0.967772 0.0634203
0.537409 0.716961
0.25722 0.933838
0.0273433 0.999257
0.766659 0.412238
0.108414 0.988246
0.460619 0.787959
0.801063 0.358298
0.803978 0.35362
0.205484 0.957776
0.248737 0.938132
0.952278 0.0931657
0.83551 0.301931
0.64317 0.586332
0.729129 0.468372
0.088663 0.992139
0.964691 0.0693733
0.818119 0.330681
0.628534 0.604945
0.224829 0.949452
0.779621 0.392204
0.365814 0.86618
0.268035 0.928157
0.0704365 0.995039
0.822658 0.323234
0.751613 0.435078
0.8275 0.315254
0.150697 0.977294
0.849705 0.278001
0.284892 0.918837
0.3117 0.902869
0.62996 0.603151
0.811701 0.341152
0.112739 0.987716
0.774621 0.40009
0.216986 0.952917
0.864068 0.254525
0.50435 0.745632
0.785781 0.382549
