121125 110.005
3.15759e-09 1.00047
1.16836e-10 1.00051
4.10848e-10 1.0005
1.48798e-09 1.0005
1.67406e-11 1.00059
7.93968e-14 1.00079
2.94617e-09 1.00049
6.81774e-12 1.00064
5.6525e-11 1.00058
1.608e-14 1.00172
9.54824e-16 1.0049
1.77229e-12 1.00069
2.6941e-12 1.00067
9.62135e-11 1.00058
7.68923e-14 1.00107
8.95413e-09 1.00049
1.82762e-09 1.0005
5.76762e-10 1.00053
1.11388e-09 1.00051
1.31938e-10 1.00058
5.87173e-11 1.0006
1.47874e-11 1.00064
3.74059e-10 1.00056
3.02677e-12 1.00068
3.77494e-14 1.00188
8.1442e-14 1.00103
3.38688e-10 1.00057
1.60648e-09 1.00051
1.13578e-12 1.00089
5.71323e-10 1.00055
3.16716e-10 1.00057
3.44162e-13 1.00098
1.88867e-12 1.00077
8.56426e-12 1.00067
1.34978e-11 1.00066
2.16287e-12 1.00077
3.57191e-09 1.00051
1.3205e-09 1.00052
6.63108e-10 1.00056
2.1373e-09 1.00052
1.00963e-09 1.00053
1.82437e-11 1.00065
6.68116e-14 1.002
3.25685e-09 1.00051
2.26894e-10 1.00058
2.65937e-10 1.00058
9.66951e-10 1.00054
8.81039e-11 1.00062
3.37477e-09 1.00051
1.1524e-09 1.00053
1.74038e-10 1.0006
3.20951e-12 1.00074
5.66434e-11 1.00064
1.16006e-10 1.0006
2.20709e-13 1.0011
2.29868e-12 1.00084
6.78534e-13 1.00099
9.01537e-12 1.00068
5.60107e-12 1.00069
1.39041e-12 1.00093
1.65394e-13 1.00131
1.13411e-10 1.00061
6.71087e-12 1.00069
7.58478e-09 1.00334
3.29638e-09 1.00192
7.09922e-09 1.00279
8.88722e-10 1.00245
5.38156e-09 1.00269
5.84602e-09 1.00253
2.06515e-09 1.00258
2.634e-09 1.00298
2.41786e-09 1.00222
7.57152e-10 1.00314
5.32003e-09 1.00225
2.12837e-09 1.00279
5.59822e-09 1.00205
8.43863e-09 1.00195
8.90116e-09 1.00265
6.38875e-10 1.00228
1.03359e-08 1.00222
6.89727e-10 1.00217
8.24095e-09 1.00233
9.25763e-09 1.00192
6.60232e-09 1.0023
1.92059e-09 1.00241
1.63982e-09 1.00255
3.68555e-09 1.00286
1.86158e-09 1.00237
5.94096e-10 1.00508
6.07015e-09 1.00309
4.36145e-09 1.00251
9.61077e-11 1.00165
1.07809e-09 1.00151
6.40725e-09 1.00243
2.17656e-09 1.00235
7.93946e-09 1.00257
2.33509e-10 1.00212
6.34738e-09 1.00218
1.54179e-09 1.00258
1.12543e-09 1.00237
