145036 210.018
3.6858e-10 1.00027
1.42103e-10 1.00033
1.48185e-11 1.00037
2.28568e-10 1.00033
5.93383e-11 1.00037
3.23069e-13 1.00047
9.59971e-12 1.00041
3.6794e-12 1.00045
6.95118e-12 1.00044
8.41467e-12 1.00043
2.13969e-13 1.00051
1.93676e-14 1.0006
1.32383e-13 1.00056
3.96385e-16 1.00099
1.85278e-16 1.00568
6.8092e-15 1.00063
2.6848e-16 1.00169
3.66282e-15 1.00071
2.78571e-15 1.00087
5.72159e-15 1.00069
3.69763e-16 1.00167
5.43213e-10 1.00028
8.66108e-11 1.00037
1.83895e-10 1.00035
4.44968e-10 1.00029
4.1194e-10 1.0003
1.57054e-11 1.0004
3.8875e-10 1.00032
3.40104e-10 1.00034
2.44485e-10 1.00034
7.16545e-12 1.00045
9.65965e-13 1.00049
2.89565e-10 1.00034
6.7319e-11 1.00039
2.99349e-12 1.00048
2.2824e-11 1.0004
4.64863e-13 1.00055
6.68571e-12 1.00047
1.849e-13 1.00058
7.61436e-13 1.00054
1.42493e-13 1.0006
4.18224e-16 1.00107
6.0309e-14 1.00063
3.50828e-13 1.00058
7.92193e-15 1.00064
9.4243e-13 1.00053
3.6716e-15 1.00086
7.7063e-16 1.00101
6.51842e-15 1.00079
1.24208e-13 1.00063
3.32995e-15 1.00089
7.26777e-15 1.00064
4.97826e-16 1.00103
7.18758e-15 1.00066
3.16454e-15 1.00095
4.17736e-13 1.00057
5.88805e-10 1.00029
1.06105e-12 1.0005
5.83536e-15 1.0012
4.17123e-10 1.00031
5.86892e-11 1.00041
2.69351e-10 1.00035
1.2519e-10 1.00039
4.3779e-10 1.00077
4.86923e-10 1.00067
5.29836e-10 1.00122
1.54921e-10 1.00086
4.29255e-11 1.00096
4.27381e-10 1.00081
2.94176e-10 1.00092
3.88094e-10 1.00069
9.90129e-11 1.00069
2.89618e-10 1.00113
3.52005e-10 1.00125
5.04285e-10 1.00105
2.32722e-10 1.00137
5.5875e-10 1.00081
3.2114e-10 1.00062
4.58679e-10 1.00077
4.73122e-10 1.00143
9.32986e-11 1.00067
5.05222e-10 1.00161
3.89147e-10 1.00052
1.96421e-10 1.00065
5.75596e-10 1.0007
5.20678e-10 1.0009
2.43622e-10 1.001
4.14457e-10 1.00103
2.97733e-10 1.00089
3.4849e-10 1.0008
4.11259e-10 1.00076
4.37753e-10 1.00099
2.0044e-10 1.00072
2.81731e-10 1.00093
4.30562e-10 1.00094
2.38395e-10 1.00089
4.19018e-10 1.00115
4.39711e-12 1.00112
4.35295e-10 1.0008
3.14135e-10 1.00095
