277110 420.033
8.51659e-05 1
0.999978 4.30099e-05
0.515993 0.929132
0.00431824 1.14304
0.872107 0.611451
0.84461 0.420172
0.745028 0.824959
0.262828 1.15377
0.486611 1.13008
0.999968 0.257097
0.583805 0.878886
0.923877 0.568474
0.999483 0.437179
0.712513 0.868026
0.879407 0.548787
0.999972 0.533905
0.912368 0.59322
0.396344 1.0226
0.922294 0.2273
0.700355 0.976121
0.963973 0.490616
0.767239 0.552734
0.396344 1.0226
0.678291 0.990588
0.583805 0.878886
0.980098 0.55669
0.956459 0.411062
0.00431824 1.14304
0.989024 0.426376
2.50665e-05 1.08459
0.956459 0.411062
0.967035 0.433231
0.723425 0.634151
0.999918 0.123796
0.296345 1.21554
0.990919 0.167006
0.712513 0.868026
0.268326 1.05568
0.367735 1.45961
0.591839 1.06917
0.61842 1.17439
0.86176 0.753621
0.261468 1.28985
0.142256 1.31921
0.122913 1.11979
0.483391 1.09618
0.999976 0.332587
0.918637 0.481687
0.577453 1.19032
0.261468 1.28985
0.774096 0.852978
0.700355 0.976121
0.723425 0.634151
0.969637 0.472538
0.265582 1.22412
0.861821 0.560892
0.999976 0.332587
0.773089 0.811524
0.915708 0.381746
0.61842 1.17439
0.999483 0.437179
0.889837 0.561956
0.999921 0.284174
0.999862 0.0874304
0.999972 0.533905
0.919911 0.489747
0.515993 0.929132
0.735568 1.08398
0.640756 1.09777
0.968423 0.231916
0.999862 0.0874304
0.486611 1.13008
0.0746148 1.21878
0.619015 0.995327
0.922294 0.2273
0.889837 0.561956
0.865379 0.554892
0.0746148 1.21878
0.998924 0.0968295
0.769604 0.760754
0.598386 0.99866
2.50665e-05 1.08459
0.916537 0.737319
0.963973 0.490616
0.999968 0.257097
0.367735 1.45961
0.268326 1.05568
0.861821 0.560892
0.640756 1.09777
0.990454 0.393361
0.230321 1.20293
0.998558 0.408927
0.00431824 1.14304
0.827741 0.748077
0.962959 0.493659
0.999918 0.123796
0.745028 0.824959
0.967035 0.433231
0.483391 1.09618
0.768555 0.733121
