100066 360.072
2.21325e-17 1
1 0
2.21325e-17 1
0.690924 0.522627
0.350539 0.877123
0.784481 0.384589
0.80065 0.35896
0.28522 0.91865
0.624474 0.614005
0.103643 0.989258
0.768141 0.409959
0.307639 0.905358
0.492996 0.756955
0.0364825 0.998669
0.708114 0.498575
0.471192 0.779211
0.719082 0.484248
0.930594 0.133994
0.958048 0.0821443
0.778159 0.394468
0.578746 0.665493
0.503539 0.746448
0.58855 0.653609
0.825985 0.317749
0.938834 0.11859
0.759937 0.422496
0.947961 0.101371
0.752123 0.434311
0.875936 0.232737
0.528392 0.724661
0.833132 0.30589
0.01124 0.999874
0.0530453 0.997186
0.454075 0.793816
0.557753 0.688912
0.965565 0.0676841
0.247458 0.94051
0.989003 0.0229041
0.443443 0.803358
0.390124 0.847804
0.64015 0.590208
0.998494 0.00355801
0.222504 0.950492
0.744477 0.445754
0.982058 0.0355625
0.681358 0.535752
0.333056 0.889074
0.117565 0.987629
0.148384 0.977992
0.902585 0.185341
0.909409 0.173202
0.0774113 0.994016
0.368572 0.864155
0.193041 0.962736
0.611655 0.625878
0.534728 0.714069
0.175742 0.969115
0.597491 0.643005
0.406397 0.834842
0.314085 0.90135
0.160806 0.974142
0.807988 0.347177
0.402104 0.838312
0.892043 0.204259
0.864223 0.253744
0.850902 0.27618
0.841215 0.295246
0.974924 0.0495229
0.325841 0.893828
0.657975 0.567069
0.647317 0.580981
0.922986 0.15744
0.66574 0.556973
0.548715 0.698912
0.0699496 0.995116
0.431023 0.814219
0.676771 0.541981
0.516234 0.733502
0.944638 0.10766
0.816536 0.33327
0.515823 0.738497
0.85974 0.260846
0.269767 0.927226
0.380974 0.854858
0.817766 0.331259
0.602165 0.637397
0.566117 0.679516
0.652257 0.57456
0.480874 0.76876
0.727477 0.470778
0.884765 0.217304
0.843821 0.287966
0.275773 0.924198
0.432819 0.812668
0.418485 0.824871
0.709641 0.49641
0.418485 0.824871
0.964649 0.0759316
0.738732 0.454275
0.63242 0.600045
