36 0.0860073
0.208969 2.33432
0.0801639 2.42382
0.373115 2.5362
0.00852374 2.75071
0.54944 2.7921
0.464389 2.21478
0.77359 2.21556
0 2.4495
0.143721 2.59294
0.819106 2.10192
0.609307 1.9165
0.639588 2.3842
0.808769 2.56231
0.417774 2.18327
0.578561 2.08255
0.465975 2.37706
0.472963 2.39268
0.769567 2.66302
0.296152 2.47634
0.435751 2.43736
0 2.39019
0.5077 2.41922
0.154665 2.78021
0 2.49908
0.65848 2.68774
0.697943 2.59807
0.327676 2.07013
0 2.41294
0.328316 2.56156
0.333802 2.2511
0 2.74128
0.331007 2.62974
0 2.47346
0.614273 2.68137
0 2.69737
0.149863 2.61451
0.589884 2.35564
0 2.77471
0 2.50608
0.795494 2.31536
0.5 2.34463
0.10497 2.37834
0.130603 2.24844
0 2.37793
0 2.4561
0.192899 2.22269
0.579048 2.41798
0.744814 2.37487
0.725704 2.14476
0.723513 2.54289
0.368117 2.46898
0.240237 2.52455
0.371889 2.55495
0.140535 2.67879
0.876445 2.03892
0.19536 2.5272
0.0620401 2.50851
0.463298 2.73413
0.385261 2.4138
0.5 2.65644
0.745704 2.42167
0.268224 3.00857
0.862063 2.43192
0.481529 2.48613
0.651997 2.39711
0.523933 2.40687
0.302086 2.6007
0.468494 2.17873
0.760351 1.94325
0.20558 2.44427
0.179116 2.66896
0 2.42414
0.00567256 2.87408
0.309545 2.9971
0.277343 2.28653
0.1001 2.54593
0.741929 2.63407
0.33513 2.64724
0.5 2.38534
0.247481 2.54899
0.453943 2.38022
0.587269 2.85111
0.343868 2.5027
0 2.93625
0.564121 2.39869
0.84915 1.84743
0.586829 2.50526
0.145352 2.64839
0.359915 2.46879
0.460203 2.20907
0.324163 2.31367
0.633668 2.66188
0.444466 2.73548
0.458121 2.69899
0.0455748 2.77171
0.00441921 2.51613
0.582059 2.15867
0.179329 2.32769
0.101927 2.31061
0.5 2.44941
