141518 200.009
1.8773e-29 1
0.999959 8.15791e-05
0.978179 0.5186
0.948235 0.712446
0.991598 0.662178
0.999762 0.655784
0.969643 0.326463
0.878083 0.747109
0.999817 0.534248
0.421677 1.02201
0.991832 0.529236
0.891821 0.838256
0.999625 0.341246
0.948235 0.712446
1.76059e-31 1.04108
0.996852 0.296042
0.450449 1.06471
0.395789 1.03409
0.991598 0.662178
0.999762 0.655784
0.626061 1.01352
0.929881 0.700104
0.999818 0.681152
0.95856 0.480991
1.51423e-29 1.0216
0.826803 0.503341
0.660103 0.878563
0.991832 0.529236
0.983847 0.368968
0.450449 1.06471
0.54443 0.986664
0.981408 0.576312
0.959946 0.538321
0.962804 0.531915
3.65718e-30 1.00915
0.259623 1.09827
0.668004 0.881982
0.935404 0.509979
0.328396 1.03971
0.0768723 1.06801
0.962804 0.531915
0.778209 0.615456
0.949686 0.674057
1.11812e-32 1.03792
0.47745 1.00206
7.27935e-30 1.09141
0.158327 1.17348
3.30525e-30 1.04381
0.96328 0.293037
0.158327 1.20928
0.957135 0.412184
1.11812e-32 1.03792
0.146043 1.1562
0.957135 0.412184
0.833984 0.686445
0.733843 0.838892
0.996852 0.296042
0.996789 0.376303
3.65718e-30 1.00915
0.988833 0.454213
0.0575185 1.12174
0.97853 0.560001
0.48758 1.00684
0.99999 0.0398362
0.959946 0.538321
1.76059e-31 1.04108
0.603659 0.818011
0.999765 0.548498
0.99999 0.0398362
0.490087 0.982176
7.8066e-30 1.06116
0.508952 0.956421
0.999521 0.510145
0.603659 0.818011
0.845033 0.707983
0.95856 0.480991
1.75197e-31 1.07056
0.778209 0.615456
0.999864 0.363986
0.0348466 1.16089
0.54443 0.986664
0.978179 0.5186
0.671966 0.938271
0.988833 0.454213
0.158327 1.20928
0.508952 0.956421
1.51423e-29 1.0216
7.8066e-30 1.06116
0.421677 1.02201
0.302562 1.0023
0.826803 0.503341
0.00576101 1.11706
0.902615 0.809312
0.969643 0.295882
1.75197e-31 1.07056
0.989325 0.504027
0.0348466 1.16089
0.999521 0.510145
9.39155e-35 1.04546
0.983847 0.368968
