689889 520.022
7.4815e-09 1.64754
0.913173 0.209856
0.0213975 1.02364
0.243931 0.969227
6.21253e-08 1.02417
4.51453e-08 1.34326
4.51453e-08 1.34326
0.0213975 1.02364
0.813568 0.379484
0.72271 0.517016
0.612423 0.660556
0.537509 0.741988
0.379291 0.885282
0.471954 0.836176
0.334557 0.934847
0.243931 0.969227
0.87503 0.278126
0.913173 0.209856
0.612423 0.660556
0.379291 0.885282
0.294849 0.938628
0.471954 0.836176
0.689849 0.559446
0.813568 0.379484
0.72271 0.517016
0.875022 0.312178
0.537509 0.741988
0.511072 0.771555
0.471954 0.836176
0.294849 0.938628
0.294849 0.938628
0.508693 0.784746
0.846095 0.330188
0.243931 0.969227
0.689849 0.559446
0.689849 0.559446
6.21253e-08 1.02417
0.243931 0.969227
0.87503 0.278126
0.243931 0.969227
0.294849 0.938628
0.875022 0.312178
0.87503 0.278126
0.846104 0.325106
0.243931 0.969227
0.846106 0.325027
0.689849 0.559446
0.294849 0.938628
4.51453e-08 1.34326
0.846095 0.330188
7.4815e-09 1.64754
0.689849 0.559446
0.508693 0.784746
4.51453e-08 1.34326
0.471954 0.836176
0.511072 0.771555
7.4815e-09 1.64754
6.21253e-08 1.02417
0.875022 0.312178
4.51453e-08 1.34326
0.72271 0.517016
0.537509 0.741988
0.813568 0.379484
0.87503 0.278126
4.51453e-08 1.34326
0.689849 0.559446
0.294849 0.938628
0.846104 0.325106
0.612423 0.660556
0.913173 0.209856
0.72271 0.517016
0.334557 0.934847
0.813568 0.379484
0.72271 0.517016
0.243931 0.969227
0.846095 0.330188
7.4815e-09 1.64754
0.846104 0.325106
0.87503 0.278126
0.875022 0.312178
0.471954 0.836176
4.51453e-08 1.34326
6.21253e-08 1.02417
4.51453e-08 1.34326
0.243931 0.969227
0.537509 0.741988
0.813568 0.379484
0.87503 0.278126
6.21253e-08 1.02417
0.689849 0.559446
0.294849 0.938628
0.689849 0.559446
0.612423 0.660556
0.689849 0.559446
0.72271 0.517016
0.68984 0.560883
0.689849 0.559446
0.689849 0.559446
0.537509 0.741988
0.243931 0.969227
