518702 500.022
0.923416 0.222699
5.83013e-06 1.04149
0.28756 1.00203
0.340586 0.931067
1.88355e-07 1.09975
0.541638 0.91875
1.88355e-07 1.09975
0.70989 0.558193
0.70989 0.558193
0.28756 1.00203
1.88355e-07 1.09975
0.923416 0.222699
0.791686 0.440052
0.849544 0.434445
0.849544 0.434445
0.791671 0.446614
0.655844 0.628069
0.883702 0.304845
0.883702 0.304845
0.883687 0.396774
0.541638 0.91875
0.883687 0.396774
5.83013e-06 1.04149
1.88355e-07 1.09975
1.88355e-07 1.09975
0.8837 0.326638
1.88355e-07 1.09975
0.541645 0.771558
0.55406 0.750779
0.883687 0.396774
0.523803 0.919492
0.572273 0.72695
0.655844 0.628069
0.883691 0.369647
0.8837 0.326638
0.791671 0.446614
0.791671 0.446614
0.883691 0.369647
0.923416 0.222699
1.88355e-07 1.09975
0.28756 1.00203
0.849544 0.434445
0.655844 0.628069
0.8837 0.326638
5.83013e-06 1.04149
0.791671 0.446614
0.70989 0.558193
1.88355e-07 1.09975
0.655844 0.628069
0.883702 0.304845
0.923416 0.222699
0.791671 0.446614
0.8837 0.326638
0.572273 0.72695
1.88355e-07 1.09975
0.883687 0.396774
0.70989 0.558193
0.70989 0.558193
1.88355e-07 1.09975
0.923416 0.222699
0.791686 0.440052
0.849544 0.434445
0.655844 0.628069
0.883702 0.304845
0.883702 0.304845
0.541638 0.91875
0.883687 0.396774
5.83013e-06 1.04149
0.541645 0.771558
0.55406 0.750779
0.572273 0.72695
0.655844 0.628069
0.791671 0.446614
0.923416 0.222699
0.28756 1.00203
0.849544 0.434445
0.791671 0.446614
0.70989 0.558193
1.88355e-07 1.09975
0.923416 0.222699
0.791662 0.466538
0.655844 0.628069
0.655833 0.628168
1.88355e-07 1.09975
0.8837 0.326638
1.88355e-07 1.09975
0.791671 0.446614
0.541638 0.91875
1.02863e-08 1.45922
0.923416 0.222699
0.70989 0.558193
1.88355e-07 1.09975
0.923416 0.222699
5.83013e-06 1.04149
0.70989 0.558193
0.791671 0.446614
0.70989 0.558193
0.8837 0.326638
1.88355e-07 1.09975
0.791686 0.440052
