223693 530.073
1 0
1.35779e-18 1
0.307026 0.905735
0.236536 0.944051
0.86688 0.248519
0.963784 0.0711206
0.283676 0.919536
0.849061 0.279095
0.857154 0.265286
0.688352 0.526172
0.990002 0.0198969
0.944925 0.107117
0.838029 0.297707
0.194216 0.96228
0.0900867 0.991884
0.120635 0.985447
0.369805 0.863244
0.674404 0.545179
0.879176 0.227049
0.92437 0.14554
0.633303 0.598928
0.451451 0.796192
0.900099 0.189822
0.976153 0.0471255
0.260506 0.932137
0.431884 0.813497
0.441477 0.805102
0.8038 0.353906
0.141645 0.979937
0.563537 0.682426
0.584388 0.658491
0.825954 0.317803
0.882245 0.221649
0.214429 0.954021
0.813865 0.337625
0.610718 0.627027
0.548611 0.699026
0.421084 0.822688
0.383525 0.852908
0.659198 0.565469
0.936115 0.123688
0.0677595 0.99541
0.952578 0.0926254
0.326085 0.893669
0.591246 0.650428
0.982397 0.0348961
0.554427 0.692611
0.710994 0.494488
0.892016 0.20434
0.69458 0.517559
0.755264 0.429577
0.462618 0.785985
0.520137 0.729457
0.998348 0.00330107
0.540586 0.711811
0.358593 0.871411
0.625804 0.608431
0.530127 0.718966
0.494261 0.755706
0.0119498 0.999857
0.798666 0.362134
0.212096 0.955015
0.761722 0.420426
0.766541 0.412415
0.83148 0.308642
0.79283 0.371441
0.500914 0.749086
0.812714 0.339496
0.474856 0.774512
0.388463 0.849097
0.749912 0.439018
0.601698 0.637982
0.643923 0.585363
0.772678 0.402969
0.908314 0.174965
0.669978 0.551129
0.663641 0.55958
0.179019 0.967956
0.7879 0.379213
0.352551 0.875708
0.155805 0.975725
0.515492 0.734268
0.703813 0.505169
0.398272 0.841379
0.344425 0.881371
0.5714 0.673502
0.735918 0.458425
0.59887 0.641355
0.958274 0.0817116
0.48622 0.76359
0.649564 0.578069
0.0311442 0.99903
0.719765 0.481939
0.916186 0.16065
0.909093 0.173598
0.777549 0.398042
0.70112 0.508433
0.0489705 0.997602
0.574622 0.669809
0.716585 0.486506
