28762 100.019
1 2.66454e-15
0 1
0 1
0.809088 0.345377
0.390948 0.84716
0.711476 0.493802
0.32159 0.89658
0.697519 0.514028
0.848261 0.280453
0.414009 0.828597
0.720582 0.480762
0.644411 0.584776
0.454608 0.793332
0.0692854 0.995755
0.135581 0.981618
0.795469 0.367261
0.819473 0.328478
0.963767 0.0711538
0.972397 0.0544436
0.492033 0.758146
0.279815 0.921704
0.630601 0.602342
0.85976 0.260827
0.661818 0.561996
0.0905465 0.991801
0.436606 0.809379
0.745998 0.444074
0.535319 0.713435
0.732284 0.46376
0.333779 0.888592
0.2993 0.91042
0.903954 0.182868
0.652575 0.574145
0.240351 0.942233
0.620586 0.614873
0.349238 0.883996
0.159552 0.974543
0.670381 0.550589
0.41914 0.824321
0.962517 0.0899945
0.481654 0.76801
0.839662 0.294968
0.981103 0.0374369
0.990569 0.0187741
0.103996 0.989185
0.608455 0.629782
0.17977 0.967683
0.778392 0.394106
0.0475654 0.997738
0.935871 0.124146
0.433016 0.8125
0.863589 0.254214
0.790646 0.37633
0.571458 0.673439
0.924983 0.144407
0.26884 0.927738
0.296739 0.911946
0.198547 0.960579
0.921807 0.150272
0.474277 0.775071
0.548508 0.699139
0.528926 0.720238
0.253871 0.93555
0.874049 0.236039
0.871583 0.240343
0.883637 0.219186
0.226806 0.948559
0.677254 0.541327
0.89231 0.203804
0.58163 0.661707
0.754283 0.431057
0.16358 0.973242
0.566602 0.678964
0.826569 0.316784
0.835372 0.302155
0.376232 0.85845
0.882069 0.221955
0.913119 0.166214
0.38205 0.854038
0.18815 0.9646
0.978946 0.0416638
0.688078 0.526549
0.508773 0.74115
0.0391638 0.998466
0.504049 0.745946
0.517066 0.732643
0.913841 0.164895
0.366742 0.8655
0.592809 0.64865
0.829629 0.311716
0.950083 0.0973423
0.601721 0.637932
0.259638 0.932588
0.62528 0.609026
0.769621 0.407683
0.118634 0.985926
0.209888 0.955947
0.558778 0.687772
0.35647 0.874626
0.737931 0.455458
