245916 350.023
3.72325e-23 1
0.999981 3.87372e-05
0.588717 0.99349
0.998226 0.426665
0.233698 1.15101
0.999995 0.240504
0.858357 0.781766
0.682079 0.906048
0.835126 0.643374
0.981684 0.522139
0.999591 0.480207
0.0345064 1.21582
0.858208 0.414669
0.884076 0.495531
0.893438 0.539724
0.0923292 1.19308
0.899311 0.660173
1.53461e-23 1.04243
0.0504237 1.1145
0.627243 1.01917
0.999591 0.480207
0.196079 1.16267
0.709906 0.92734
0.826735 0.498974
0.661868 0.789721
0.799455 0.717779
0.999993 0.0730998
4.98996e-25 1.02955
0.152631 1.02829
0.0834615 1.16054
0.999357 0.317637
0.010736 1.15165
0.376389 1.15131
0.794546 0.616679
0.744828 0.793518
0.962503 0.40444
0.691354 0.898401
0.18508 1.31849
0.890935 0.534292
0.010736 1.15165
0.958732 0.443042
0.826735 0.498974
3.40655e-23 1.01523
0.800754 0.742339
3.48631e-23 1.04418
0.0514339 1.12479
0.999995 0.240504
4.98996e-25 1.02955
0.722997 0.720729
0.858357 0.781766
0.174298 1.26454
0.705036 0.856351
0.998226 0.426665
0.996793 0.305134
0.999993 0.0730998
0.682079 0.906048
0.741844 0.717908
3.39428e-23 1.03241
0.176125 1.05922
0.176125 1.05922
0.794546 0.616679
0.57508 0.946862
0.958732 0.443042
0.787642 0.715005
0.846116 0.598557
0.100847 1.14209
0.999357 0.317637
0.776115 0.607035
1.53461e-23 1.04243
2.2071e-23 1.05233
0.996616 0.249861
2.2071e-23 1.05233
0.129654 1.13149
0.671412 0.77478
0.99674 0.336432
0.0504237 1.1145
0.996793 0.305134
0.348364 1.07599
0.627947 1.02322
0.776115 0.607035
0.890935 0.534292
0.899311 0.660173
0.348364 1.07599
3.48631e-23 1.04418
0.540979 0.97379
0.974654 0.367146
0.988517 0.338054
0.893438 0.539724
0.666782 0.751623
0.891455 0.672329
0.152631 1.02829
0.972099 0.478642
0.00883756 1.24003
0.997474 0.251146
0.687783 0.765655
1.53461e-23 1.04243
0.991569 0.186974
0.991584 0.47175
0.996616 0.249861
0.705036 0.856351
