175844 250.024
6.83967e-19 1
0.999988 6.10632e-05
0.978568 0.430562
0.959124 0.336438
0.00114695 1.10988
0.725754 0.591037
0.77805 0.523533
0.962433 0.506312
0.664622 0.801722
0.992633 0.47727
0.964024 0.267546
0.992393 0.297384
0.998685 0.379389
0.960595 0.349214
0.500079 1.06601
0.619651 0.892841
0.0408785 1.09389
0.613888 0.786384
0.0115328 1.1318
0.187429 1.09571
0.956258 0.588325
0.979562 0.50092
0.691558 0.828437
0.0634038 1.05048
0.94117 0.261026
0.624499 0.753395
0.937617 0.525805
0.16249 1.09106
0.988991 0.0422059
0.0889391 1.08531
7.35912e-21 1.06731
0.173591 1.08456
0.786164 0.66301
0.704576 0.701962
0.0593514 1.07424
0.0509724 1.08758
0.982761 0.494256
0.99069 0.370587
0.414249 1.02612
0.0634038 1.05048
0.500079 1.06601
0.980793 0.185588
0.971814 0.156225
0.368157 1.04601
0.974469 0.545843
0.725754 0.591037
0.962433 0.506312
0.00114695 1.10988
0.772745 0.562622
0.976094 0.154625
0.972423 0.599596
0.0600766 1.08675
0.963163 0.409261
0.964024 0.267546
0.108327 1.07882
0.956258 0.588325
0.992633 0.47727
0.0600766 1.08675
4.30364e-19 1.06347
0.981167 0.515131
0.959124 0.336438
0.534762 0.898128
0.980793 0.185588
0.98395 0.418811
0.534762 0.898128
0.0132955 1.20746
0.534762 0.898128
0.318108 1.03822
1.3345e-19 1.0323
0.971814 0.156225
0.318108 1.03822
0.999989 0.0966533
0.414249 1.02612
0.99069 0.370587
0.915349 0.231718
0.954229 0.410867
0.887031 0.627191
0.704576 0.701962
0.534762 0.898128
4.30364e-19 1.06347
0.786164 0.66301
0.884502 0.454535
0.840179 0.599323
0.0593514 1.07424
0.999989 0.0966533
0.954229 0.410867
0.0889391 1.08531
0.664622 0.801722
0.884502 0.454535
0.98604 0.411926
0.0681813 1.10181
0.97173 0.381381
0.840179 0.599323
0.192622 1.11987
0.772745 0.562622
0.787675 0.714704
0.619651 0.892841
0.569536 0.854933
0.187429 1.09571
0.108327 1.07882
