138697 40.0008
9.0585e-10 1.59156
0.890367 0.411576
9.0585e-10 1.59156
0.641532 0.750413
0.45303 0.929197
0.358042 1.00127
5.31415e-06 1.1177
2.11105e-07 1.2607
1.93923e-07 1.46171
0.827353 0.526191
0.45303 0.929197
0.755616 0.597276
0.232893 1.06809
0.697936 0.670416
0.755616 0.597276
0.0940593 1.1063
1.01656e-07 1.49422
0.411425 0.949565
0.148611 1.09797
0.697477 0.676939
0.656891 0.729071
0.827361 0.496701
0.697936 0.670416
0.21766 1.06991
0.232893 1.06809
0.232893 1.06809
0.0940593 1.1063
0.148611 1.09797
0.453022 0.932429
0.411425 0.949565
0.827361 0.496701
0.890362 0.478723
0.890367 0.411576
0.45303 0.929197
0.656891 0.729071
2.5599e-07 1.21688
2.11105e-07 1.2607
0.656891 0.729071
0.358042 1.00127
1.93923e-07 1.46171
0.697936 0.670416
5.31415e-06 1.1177
1.63235e-06 1.20662
2.5599e-07 1.21688
1.63235e-06 1.20662
0.827361 0.496701
1.63235e-06 1.20662
0.21766 1.06991
0.827361 0.496701
0.232893 1.06809
0.890367 0.411576
2.11105e-07 1.2607
0.358042 1.00127
0.890367 0.411576
0.21766 1.06991
0.232893 1.06809
0.827361 0.496701
5.31415e-06 1.1177
0.411425 0.949565
1.93923e-07 1.46171
9.0585e-10 1.59156
0.641532 0.750413
5.31415e-06 1.1177
9.0585e-10 1.59156
0.232893 1.06809
0.411425 0.949565
0.890362 0.478723
0.232893 1.06809
5.31415e-06 1.1177
0.358042 1.00127
0.453022 0.932429
1.63235e-06 1.20662
0.697477 0.676939
0.0940593 1.1063
0.148611 1.09797
0.453022 0.932429
1.01656e-07 1.49422
0.0940593 1.1063
0.45303 0.929197
0.656891 0.729071
2.11105e-07 1.2607
0.656891 0.729071
0.358042 1.00127
0.697936 0.670416
5.31415e-06 1.1177
2.5599e-07 1.21688
0.453022 0.932429
0.232893 1.06809
0.890367 0.411576
0.21766 1.06991
0.755616 0.597276
0.411425 0.949565
1.93923e-07 1.46171
9.0585e-10 1.59156
0.641532 0.750413
9.0585e-10 1.59156
0.45303 0.929197
0.890362 0.478723
5.31415e-06 1.1177
2.25315e-06 1.1801
