368987 560.042
5.0914e-18 1
0.999975 5.05029e-05
0.999208 0.355268
0.457648 1.0214
0.098443 1.16987
0.932935 0.645601
0.998797 0.432483
0.0143408 1.22231
1 0.263232
0.441465 1.07312
0.999208 0.355268
0.999999 0.235375
0.999998 0.412009
0.966858 0.355134
0.999065 0.19114
0.591768 0.94653
0.945877 0.405899
0.996672 0.460667
0.999999 0.235375
0.99705 0.260882
0.0464134 1.05583
0.48109 1.05287
0.416053 1.08514
0.999994 0.150944
0.0694748 1.4153
0.513001 1.03247
0.119304 1.01637
0.965814 0.383444
0.999366 0.358361
0.762744 0.815351
0.285512 1.12151
0.99941 0.452879
0.762744 0.815351
0.344992 0.901035
0.998917 0.214094
0.000633463 1.16204
0.962419 0.258363
0.201312 1.11723
0.0464134 1.05583
0.999257 0.448015
0.99941 0.452879
0.647013 0.78629
0.99634 0.0646848
0.416053 1.08514
0.999366 0.358361
0.999181 0.438404
0.00412689 1.11043
0.441465 1.07312
0.125231 1.1406
0.451574 1.06901
0.711615 0.653709
0.254889 1.01269
1 0.368658
0.999257 0.448015
0.945877 0.405899
0.996069 0.364561
0.711615 0.653709
0.942164 0.570713
0.842287 0.611703
0.348732 0.942988
0.674986 0.975094
0.119304 1.01637
0.999997 0.411166
0.999181 0.438404
0.999998 0.412009
0.647013 0.78629
0.867147 0.669983
0.125231 1.1406
1 0.263232
0.989257 0.277871
0.0694748 1.4153
0.674986 0.975094
0.513001 1.03247
0.254889 1.01269
0.999998 0.256819
0.999994 0.150944
2.77387e-19 1.10769
0.201312 1.11723
0.48109 1.05287
0.348732 0.942988
0.996069 0.364561
0.457648 1.0214
0.998797 0.432483
0.999997 0.411166
0.9693 0.573549
0.999978 0.146026
0.713983 0.829579
0.445366 1.03786
0.996672 0.460667
0.88123 0.549191
0.943867 0.435011
0.840097 0.773995
0.479251 1.0785
0.0872311 1.21291
0.82148 0.802896
0.99705 0.260882
0.730444 0.734462
0.999978 0.146026
0.98924 0.538945
0.833586 0.731982
