61551 230.042
0.997064 0.00603457
0.997064 0.00603457
4.0093e-10 1.02717
0.151318 0.977175
0.735151 0.459663
0.256158 0.934471
0.518756 0.731
0.619953 0.616067
0.888675 0.213505
0.934262 0.127563
0.680565 0.536918
0.791322 0.37806
0.594965 0.646122
0.657434 0.56789
0.767642 0.412026
0.712482 0.49247
0.907651 0.176606
0.175305 0.969332
0.819084 0.331449
0.284631 0.919073
0.953083 0.0917932
0.640346 0.590043
0.54331 0.704916
0.335553 0.887482
0.311086 0.903316
0.360567 0.870082
0.754493 0.431095
0.698591 0.512074
0.83819 0.300693
0.577079 0.667081
0.872852 0.241415
0.919274 0.155136
0.80438 0.353528
0.151318 0.977175
0.559601 0.686946
0.446141 0.801043
0.860597 0.261698
0.964182 0.07081
0.976097 0.0473736
0.382422 0.853838
0.986795 0.0264813
0.472567 0.776779
0.847596 0.283541
0.216435 0.953229
0.422186 0.821841
0.215354 0.953693
0.493046 0.757003
0.45865 0.789738
0.414035 0.828661
0.490381 0.759613
0.397303 0.842245
0.399739 0.840295
0.45865 0.789742
0.397303 0.842268
0.414035 0.828662
0.446141 0.801051
0.399739 0.840296
0.45865 0.789744
0.399739 0.840301
0.414035 0.828662
0.446141 0.801051
0.446141 0.801051
0.399739 0.840303
0.414035 0.828662
0.414035 0.828662
0.446141 0.801053
0.399739 0.840307
0.414035 0.828666
0.446141 0.801054
0.399739 0.840322
0.414035 0.828669
0.446141 0.801056
0.414035 0.82867
0.446141 0.801057
0.414035 0.828671
0.446141 0.801058
0.414035 0.828671
0.446141 0.801058
0.414035 0.828671
0.446141 0.801059
0.414035 0.828672
0.446141 0.80106
0.414035 0.828672
0.446141 0.801064
0.414035 0.828672
0.446141 0.801067
0.414035 0.828673
0.446141 0.801069
0.414035 0.828673
0.446141 0.801078
0.414035 0.828673
0.446141 0.80108
0.414035 0.828677
0.414035 0.828678
0.414035 0.828679
0.414035 0.828683
0.414035 0.828683
0.414035 0.828688
0.414035 0.828692
0.414035 0.828705
