197482 370.039
0 1.00135
0.138723 0.982728
0.208936 0.958652
0.547546 0.704425
0.50214 0.751656
0.789191 0.378377
1 0.00264363
0.0282698 1.00076
0.5 0.754707
0.763231 0.42
1 0.00840991
0.325232 0.89464
0 1.00047
0.556928 0.692069
0.405983 0.838212
0.54886 0.705094
0.560014 0.688636
1 0.0168728
0.5 0.751192
0.239318 0.945848
1 0.00343931
0.518112 0.736723
0.462355 0.787776
0.75562 0.435489
0.722779 0.479255
0.875479 0.238024
0.5 0.754584
0.907078 0.185674
0.48201 0.769189
0.0687537 0.99601
0.351524 0.879634
0.5 0.753336
0.833988 0.307171
0.110081 0.989139
0.178705 0.970248
0.551508 0.698091
0.846655 0.292748
1 0.00202957
0.5 0.754273
0.805632 0.361746
0.328999 0.893601
0.827505 0.323441
0.637172 0.596813
0.5 0.753938
0.97415 0.0630125
0.879853 0.230908
0.5 0.751245
0.5 0.751969
0.286625 0.919935
0.700356 0.514629
0.108227 0.99155
0.558505 0.691401
0.5 0.755493
0.44926 0.799218
0.161366 0.976474
0.5 0.75126
0.483851 0.766807
0.751216 0.437259
0.475904 0.77689
0.799147 0.365895
0.756701 0.442507
0.709327 0.499277
0.574368 0.674576
0.325157 0.894614
0.213255 0.955919
0.316097 0.904435
0.180641 0.967682
0.5 0.752103
0.481457 0.76982
1 0.0110686
0.5 0.752934
0.352499 0.876677
0.5 0.751838
0.504963 0.746104
0.614948 0.625153
0.525334 0.735105
1 0.00375237
0.439355 0.809029
0.756855 0.42904
0.467317 0.78285
0.330667 0.893617
0.836291 0.302516
0.972803 0.0549381
0.583611 0.663053
0.373553 0.862058
0.47196 0.781806
0 1.00044
0.81223 0.346114
0.5 0.753786
0.338589 0.888814
0.267968 0.929999
1 0.00240707
0.554442 0.696355
0.635436 0.597609
0.584503 0.661949
0.23399 0.948124
1 0.00325975
0.458433 0.794943
0.733333 0.470621
1 0.00338427
