44756 20.0006
0.976221 0.453474
2.24136e-08 1.95729
0.976221 0.453474
3.4572e-08 1.70112
0.2578 1.16721
3.14474e-06 1.21193
9.54325e-08 1.37572
0.976221 0.453474
0.883426 0.570378
0.426876 1.09937
0.507446 1.0295
0.790611 0.783537
0.269116 1.1487
0.745285 0.788794
0.352264 1.13638
0.426876 1.09937
0.560439 0.983771
0.352272 1.12326
1.43486e-07 1.25626
9.54325e-08 1.37572
0.653965 0.855453
0.617139 0.909897
0.68062 0.831751
0.60884 0.927895
0.883426 0.570378
0.68062 0.831751
0.520191 1.00363
0.560439 0.983771
0.745285 0.788794
0.790611 0.783537
0.352272 1.12326
0.352272 1.12326
0.883426 0.570378
9.54325e-08 1.37572
0.507446 1.0295
0.617139 0.909897
2.64458e-06 1.21349
2.66892e-07 1.24043
0.2578 1.16721
0.352272 1.12326
0.68062 0.831751
0.269114 1.15813
0.617139 0.909897
2.66892e-07 1.24043
0.352271 1.13199
0.617139 0.909897
0.269114 1.15813
0.352264 1.13638
3.14474e-06 1.21193
2.64458e-06 1.21349
0.269114 1.15813
0.653965 0.855453
2.66892e-07 1.24043
0.976221 0.453474
0.269114 1.15813
0.507446 1.0295
0.352272 1.12326
0.653965 0.855453
0.560439 0.983771
9.54325e-08 1.37572
9.54325e-08 1.37572
0.2578 1.16721
0.60884 0.927895
0.560439 0.983771
0.426876 1.09937
0.560439 0.983771
0.745285 0.788794
3.4572e-08 1.70112
0.269116 1.1487
0.352264 1.13638
0.426876 1.09937
0.560439 0.983771
0.68062 0.831751
0.60884 0.927895
0.520191 1.00363
0.560439 0.983771
0.745285 0.788794
9.54325e-08 1.37572
0.617139 0.909897
2.64458e-06 1.21349
0.507446 1.0295
0.352271 1.13199
0.269114 1.15813
0.352264 1.13638
3.14474e-06 1.21193
2.64458e-06 1.21349
0.269114 1.15813
2.66892e-07 1.24043
0.269114 1.15813
0.653965 0.855453
9.54325e-08 1.37572
0.2578 1.16721
0.60884 0.927895
0.870072 0.651497
0.269116 1.1487
0.68062 0.831751
0.617139 0.909897
0.352264 1.13638
2.66892e-07 1.24043
2.66892e-07 1.24043
