71051 270.065
0.742677 0.449022
0.742677 0.449022
1.56125e-16 1.00015
1.56125e-16 1.00015
0.19675 0.961912
0.713362 0.491974
0.23224 0.94649
0.19675 0.961912
0.696417 0.515545
0.473683 0.776033
0.455417 0.793028
0.25289 0.936449
0.643893 0.585975
0.631532 0.601657
0.489214 0.761146
0.657246 0.569577
0.406651 0.835147
0.619248 0.617092
0.328647 0.892414
0.311241 0.90364
0.561656 0.685145
0.728028 0.470503
0.685632 0.530612
0.582972 0.660692
0.667119 0.555922
0.571382 0.673982
0.609049 0.629508
0.676117 0.543281
0.296431 0.91256
0.502304 0.748375
0.419197 0.824839
0.273661 0.925745
0.39 0.848414
0.360891 0.870239
0.430429 0.815253
0.733152 0.463516
0.510947 0.73957
0.3429 0.882817
0.52045 0.72985
0.593278 0.648487
0.599198 0.64176
0.282366 0.9208
0.528535 0.72123
0.535726 0.713573
0.441941 0.805226
0.543623 0.7052
0.382102 0.854383
0.382102 0.854383
0.350966 0.877357
0.441464 0.805617
0.547962 0.70026
0.547962 0.70026
0.357591 0.872677
0.382102 0.854383
0.547962 0.700263
0.382102 0.854432
0.528535 0.721231
0.39 0.848432
0.535726 0.713706
0.547962 0.700539
0.382102 0.854481
0.528535 0.721253
0.39 0.84856
0.535726 0.713904
0.535726 0.713941
0.382102 0.854509
0.528535 0.721304
0.528535 0.721341
0.382102 0.854536
0.528535 0.721349
0.382102 0.854537
0.528535 0.721395
0.382102 0.854542
0.528535 0.721402
0.382102 0.854545
0.528535 0.721415
0.382102 0.854545
0.528535 0.721424
0.382102 0.854558
0.528535 0.721467
0.382102 0.854559
0.528535 0.721484
0.382102 0.854559
0.382102 0.854577
0.382102 0.854579
0.382102 0.854585
0.382102 0.854589
0.382102 0.854593
0.382102 0.854627
0.382102 0.854687
0.382102 0.854687
0.382102 0.854716
0.382102 0.854718
0.382102 0.854727
0.382102 0.85473
0.382102 0.854733
0.382102 0.854734
0.382102 0.854756
0.382102 0.854763
0.382102 0.854775
