170484 60.0013
3.05404e-10 1.27846
0.996046 0.199708
0.380718 1.03534
0.945577 0.353501
0.996046 0.199708
0.841954 0.444452
0.945577 0.353501
0.199511 1.0759
0.945577 0.353501
2.75659e-06 1.09693
0.561132 0.826046
2.75659e-06 1.09693
0.199511 1.0759
0.945577 0.353501
0.84195 0.444467
0.793434 0.517047
0.682624 0.68726
0.621822 0.738416
0.495978 0.868009
0.561132 0.826046
2.35546e-09 1.19448
0.561132 0.826046
0.249073 1.07077
0.682634 0.665779
0.758991 0.565925
0.621822 0.738416
0.249073 1.07077
0.758991 0.565925
0.411283 0.937638
0.495978 0.868009
0.457579 0.904713
0.758991 0.565925
0.457579 0.904713
0.411283 0.937638
0.793434 0.517047
2.35546e-09 1.19448
0.249082 1.03623
0.0578552 1.08991
0.0811002 1.08702
0.682624 0.68726
0.758991 0.565925
0.457579 0.904713
0.621813 0.739276
0.621817 0.738461
0.621817 0.738461
0.621822 0.738416
0.841954 0.444452
0.682634 0.665779
0.621817 0.738461
0.84195 0.444467
0.249073 1.07077
0.841954 0.444452
3.05404e-10 1.27846
0.621822 0.738416
2.75659e-06 1.09693
0.561132 0.826046
2.35546e-09 1.19448
0.457579 0.904713
0.996046 0.199708
0.758991 0.565925
0.0811002 1.08702
0.945577 0.353501
0.495978 0.868009
0.682634 0.665779
0.621822 0.738416
0.411283 0.937638
0.495978 0.868009
0.758991 0.565925
2.35546e-09 1.19448
0.682624 0.68726
0.758991 0.565925
0.457579 0.904713
0.621817 0.738461
0.682634 0.665779
0.0811002 1.08702
0.249073 1.07077
3.05404e-10 1.27846
0.621822 0.738416
2.75659e-06 1.09693
0.561132 0.826046
2.35546e-09 1.19448
0.457579 0.904713
0.996046 0.199708
0.758991 0.565925
0.380724 0.960351
0.0578552 1.08991
0.621817 0.738461
0.758991 0.565925
3.05404e-10 1.27846
0.996046 0.199708
0.758991 0.565925
0.945577 0.353501
0.621822 0.738416
2.35546e-09 1.19448
0.682624 0.68726
0.561132 0.826046
0.0578552 1.08991
3.05404e-10 1.27846
0.758991 0.565925
3.05404e-10 1.27846
