57 0.130058
0.229982 2.56586
0.0189934 1.86845
0.582953 2.20664
0.323419 2.02074
0.5 1.87223
0.647075 2.08869
0.323213 2.5987
0.5 1.93867
0.0537097 2.34173
0.420115 2.1381
0.468475 2.22263
0.5 1.84282
0.181193 2.35553
0.5 2.2632
0.549019 1.86092
0 2.06907
0.526021 1.83514
0.416674 2.20104
0.5 1.88918
0.661029 1.67292
0.354178 2.13403
0.360352 2.03751
1 1.96434
0.0241025 2.04388
0.534241 1.93933
0.633182 2.09339
0.846553 2.13229
0.622801 1.66335
0.235992 2.2303
0.827519 2.05006
0.424325 1.82279
0 2.14804
0.610279 2.00136
0.735327 1.95838
0.472675 1.93632
0.855477 1.91528
0.5 2.05816
0.543792 1.89757
0.5 2.2254
0 1.912
0.880479 2.09708
0.5 1.79769
0.577126 1.82411
0.77762 2.07721
0.947672 1.71884
0.617847 2.0774
0 1.93745
1 1.87155
0.566553 2.5036
0.0158129 2.0798
0.622918 2.31203
0 2.24283
0.649248 2.29122
0.5 1.86611
0.987955 2.23499
0.527394 1.969
0.260913 2.19036
0.617637 1.9948
0 2.09939
0 1.85658
0.5 2.69293
1 2.559
0.607513 1.9972
0.0255549 2.14646
0.5 2.13922
0.181977 2.5048
0.5 2.20141
0.722595 1.83936
0.617267 2.48614
0.147422 1.97905
0.456906 2.16043
0.5 1.85482
0.612998 1.86195
0.551431 1.93964
0.503002 2.59528
0.5 1.88211
0.413236 2.11454
0.143934 2.22981
0.699779 2.04736
0.393127 1.97708
0.0658049 2.45572
0.623931 2.48353
0.0706789 2.21797
0 2.46616
0 2.03182
0.5 2.36713
0.139404 1.91196
0.432962 2.07342
0.0619833 2.04744
0.14368 2.39489
0.266269 2.23839
0.5 2.27108
0.5 2.0843
0.542817 2.18754
0.5 1.95388
0.444826 1.891
0.7 1.7659
0.00426223 2.1391
0.5 2.15318
0.9056 2.28265
