99562 220.026
1 0
0 1
0 1
0.92605 0.142431
0.898923 0.191937
0.689125 0.525107
0.392439 0.845992
0.887219 0.212843
0.482302 0.767385
0.987819 0.0242241
0.568641 0.676647
0.812533 0.339792
0.785711 0.382659
0.668966 0.552485
0.876256 0.235046
0.271559 0.926256
0.33329 0.888918
0.0540703 0.997076
0.224676 0.949521
0.753338 0.432482
0.866714 0.248807
0.578635 0.665471
0.553682 0.693436
0.439542 0.806803
0.16033 0.974295
0.370009 0.863115
0.205256 0.957871
0.417637 0.825579
0.493442 0.756515
0.251889 0.936552
0.540945 0.707379
0.715698 0.487791
0.172522 0.970237
0.531601 0.717414
0.939629 0.121514
0.855524 0.268079
0.729569 0.467729
0.83373 0.304895
0.353187 0.87528
0.288669 0.916671
0.660511 0.563725
0.825357 0.318964
0.695553 0.516206
0.127913 0.983639
0.343472 0.882027
0.30302 0.908179
0.630752 0.602156
0.454747 0.793205
0.46558 0.783236
0.611399 0.626703
0.317005 0.899508
0.954343 0.0892293
0.621614 0.613596
0.765569 0.414088
0.79375 0.369962
0.110556 0.987778
0.749066 0.439136
0.94788 0.101523
0.403135 0.837482
0.773838 0.401347
0.642393 0.587331
0.704916 0.503093
0.0920876 0.99152
0.964847 0.0690697
0.0276153 0.999237
0.0774873 0.993996
0.365814 0.869582
0.4328 0.812684
0.981905 0.0360369
0.895193 0.19863
0.741698 0.455444
0.513455 0.736364
0.94368 0.109469
0.653459 0.572992
0.281061 0.921005
0.549352 0.698213
0.0669242 0.995525
0.797917 0.363328
0.587812 0.654477
0.196863 0.961245
0.523333 0.726152
0.14194 0.979854
0.0182114 0.999668
0.741741 0.451844
0.725214 0.47408
0.870748 0.241797
0.720006 0.481592
0.590305 0.65154
0.504207 0.745775
0.972426 0.0543886
0.703395 0.505238
0.825493 0.318562
0.838633 0.296694
0.102689 0.989455
0.805784 0.350713
0.640193 0.590175
0.978156 0.0432106
0.502008 0.747988
0.765885 0.41342
0.849702 0.278006
