43362 140.02
0.169731 0.97186
1 0.0163776
0.598812 0.646092
0 1.00286
0.5 0.755176
0.942107 0.120673
0.239855 0.94765
0.33235 0.889799
0.761755 0.425799
0 1.0022
0.413921 0.834997
0.571646 0.676699
0.857015 0.268282
0.911713 0.179328
0 1.00799
1 0.0113076
0.19114 0.965375
0.970579 0.0595417
0.477792 0.774087
0.928299 0.15274
0.917544 0.162065
0 1.002
0.303117 0.908819
0.879245 0.229298
0.236703 0.950318
0.865571 0.270282
0.922368 0.168168
0.5 0.753482
1 0.0180118
1 0.0161233
0.104305 0.991876
0.413718 0.830943
0 1.00281
0.5 0.757869
0.846441 0.290364
0.164857 0.975759
1 0.00846224
0.574604 0.673363
0.692281 0.524469
0.868867 0.25279
0.418885 0.828566
0.554932 0.696426
0.825143 0.329906
0.284681 0.922683
0.744415 0.453688
0.852252 0.287336
0.281786 0.921735
0.737775 0.471337
0.5 0.755555
0.724878 0.490423
0.420572 0.82878
0.262478 0.936348
0.323093 0.901905
0.54547 0.705642
0.1617 0.975077
0.626803 0.608644
0.728254 0.477842
0.256537 0.935921
1 0.000991881
0.298349 0.91184
0.557003 0.6913
0.561122 0.694303
0.751342 0.43802
0.656461 0.569699
0.550563 0.697752
0.802809 0.356944
0.0280059 1.00062
0.5 0.755472
0.628248 0.61414
0.476775 0.776555
0.465376 0.786423
0.556458 0.691398
0.341983 0.887609
0 1.00094
0.674046 0.561988
0.707924 0.512238
0.878734 0.24662
0.45055 0.801406
0.902739 0.20349
0 1.0013
0.735344 0.467317
0.754946 0.433391
0.648755 0.588255
1 0.00120613
0.5 0.751858
0.704409 0.512348
0.45184 0.798735
0.328233 0.896547
0.533224 0.724161
0.283224 0.921941
0.181764 0.970371
0.441187 0.82283
0.505359 0.747301
0.912995 0.17131
0.977877 0.0529176
0.38427 0.860734
0.17052 0.975769
0.873943 0.255043
0 1.00131
0.274821 0.926093
