22687 30.0026
0 1
1 9.3606e-05
0.00142077 1.0541
0.0022212 1.06957
0 1.04607
0.599369 0.848449
0.876866 0.274225
0.898659 0.665631
0 1.02921
0.207565 1.15156
0.413608 0.917118
0.95932 0.467132
0.999927 0.567772
0.200451 1.1091
0.165341 1.12543
0.209434 1.11709
0.887571 0.425047
0.0160921 1.25643
0.0259088 1.14663
0.899265 0.496556
0.992382 0.444755
0.969245 0.652797
0.0022212 1.06957
1 0.809249
0 1.02376
0.092616 1.17202
0.620597 0.790228
0.89315 0.661559
0.210412 1.19435
0.947597 0.438295
0.620597 0.790228
0.0501572 1.20116
0.978529 0.499243
0.885396 0.444763
0.978529 0.499243
0.721136 0.747636
0.244001 1.0372
0.721136 0.747636
0 1.00611
0.462455 0.959811
0.306428 1.08385
0.95932 0.467132
0.556003 0.836701
0.0501572 1.20116
0.999997 0.73618
0.898659 0.665631
0 1.08831
0.876747 0.380874
0 1.078
0.884133 0.509388
1 0.163679
0.965053 0.515186
0 1.078
0.981306 0.664329
0.0049509 1.05193
0.0259088 1.14663
0 1.00611
0.981306 0.664329
0.999999 0.827056
0.599442 0.821902
0.814993 0.595328
0.956898 0.646587
0.727324 0.715695
0.809501 0.540575
0.956898 0.646587
0.908 0.523941
0.438451 1.07473
0.809312 0.642296
0.103081 1.11623
0.964369 0.295674
0 1.08831
0.200451 1.1091
0.468914 1.05957
0.556003 0.836701
0.876866 0.274225
0.850833 0.33993
0.68519 0.738315
0 1.02921
0.967641 0.655518
0.814993 0.595328
0.362493 0.997751
0.696411 0.724869
0.371522 1.07951
0.231473 1.1627
3.64682e-05 1.19665
0.999997 0.73618
0.918735 0.644927
0.972147 0.381338
0.602078 0.845875
0.599442 0.821902
0.0484968 1.13373
0 1.04607
0.599369 0.848449
0.850833 0.33993
0.95882 0.54735
0.99998 0.683994
0.88879 0.747053
0.0276358 1.06088
0 1.13402
0.918735 0.644927
