397393 570.04
5.9263e-19 1
0.99999 2.03891e-05
0.873425 0.450939
0.999991 0.454986
0.982595 0.58186
0.999996 0.334846
0.999998 0.14634
0.0501775 1.09829
0.0204544 1.13546
0.0157837 1.10369
7.37925e-20 1.07335
0.982504 0.464714
0.999998 0.14634
0.82093 0.530074
0.999993 0.31747
0.0218699 1.23169
0.947019 0.399102
0.854667 0.524394
0.65065 0.970658
0.999996 0.48946
0.982504 0.464714
0.0796841 1.09595
0.117312 1.12307
0.975975 0.373487
0.0908899 1.13607
0.999998 0.14634
0.236332 1.05693
0.381251 1.05747
0.195823 1.10242
0.117312 1.12307
0.999864 0.297943
0.967656 0.505422
0.897056 0.400114
0.21545 1.1426
0.999993 0.259769
1 0.211486
0.148972 1.03427
0.999997 0.196543
0.94132 0.393908
1 0.211486
0.999991 0.454986
0.986332 0.429099
0.0937253 1.1555
4.63941e-20 1.09875
0.0449993 1.20322
0.489694 0.965486
0.0501775 1.09829
0.999998 0.14634
0.999996 0.48946
0.962508 0.589353
0.778965 0.603132
0.986332 0.429099
0.999999 0.571889
0.820863 0.358677
0.947019 0.399102
0.951157 0.606524
0.374318 0.973866
0.922976 0.359131
0.7581 0.653642
0.90456 0.469704
0.687951 0.674474
0.861219 0.54718
0.999754 0.246991
0.999996 0.334846
4.63941e-20 1.09875
0.967656 0.505422
0.999993 0.31747
0.0550986 1.0989
0.0445066 1.08887
0.954743 0.648808
7.37925e-20 1.07335
0.778965 0.603132
0.993792 0.427697
0.0445066 1.08887
0.820863 0.358677
0.986334 0.395394
0.999993 0.259769
0.982595 0.58186
0.381251 1.05747
1 0.22311
0.998336 0.453306
0.21557 1.12971
0.16861 1.16362
0.474899 0.949164
0.250474 1.04273
0.687951 0.674474
0.0937253 1.1555
0.7581 0.653642
0.999679 0.341613
0.474899 0.949164
0.21557 1.12971
0.999993 0.0950717
0.489694 0.965486
4.79368e-19 1.02462
0.861219 0.54718
0.598137 0.842362
8.97608e-20 1.06627
0.261915 1.04159
0.598137 0.842362
1 0.22311
