91784 320.059
1 4.44089e-16
9.85293e-18 1
9.85293e-18 1
0.349245 0.878028
0.334666 0.888055
0.608881 0.629264
0.382901 0.853387
0.500964 0.74906
0.807941 0.347231
0.627885 0.608983
0.553436 0.693708
0.828777 0.31313
0.103539 0.98928
0.533815 0.715042
0.732132 0.463998
0.791204 0.373996
0.837526 0.29855
0.477517 0.780228
0.26926 0.927499
0.690627 0.523035
0.188804 0.964353
0.943657 0.109512
0.135037 0.981765
0.818743 0.32966
0.456904 0.791239
0.28503 0.918813
0.633163 0.599111
0.236037 0.944287
0.31173 0.902825
0.680135 0.537417
0.744183 0.446192
0.644356 0.584806
0.117796 0.986124
0.748011 0.44048
0.425626 0.818845
0.909147 0.173452
0.40597 0.835188
0.650377 0.57701
0.926704 0.141237
0.898506 0.192686
0.516755 0.732965
0.0762315 0.994189
0.869067 0.244722
0.860448 0.259629
0.295481 0.912698
0.40046 0.839632
0.759689 0.422873
0.0550533 0.996969
0.856542 0.266335
0.59971 0.641008
0.0453847 0.99794
0.913287 0.165906
0.994036 0.0118923
0.899905 0.19017
0.152024 0.976889
0.846113 0.284093
0.253186 0.935897
0.707023 0.500119
0.887265 0.212761
0.989602 0.0207858
0.960055 0.078295
0.8124 0.340006
0.848613 0.279856
0.984403 0.0309498
0.48046 0.769159
0.93552 0.124803
0.785531 0.382941
0.660133 0.564229
0.448369 0.798966
0.975451 0.048495
0.488429 0.761437
0.386736 0.850436
0.887265 0.212761
0.557692 0.68898
0.583201 0.659876
0.220988 0.951164
0.436983 0.809046
0.967891 0.0631865
0.87857 0.228115
0.934035 0.127725
0.1581 0.975013
0.872939 0.237977
0.0258702 0.999331
0.593041 0.648303
0.206368 0.957412
0.255574 0.934682
0.173919 0.969752
0.306106 0.906479
0.778971 0.393204
0.0745411 0.994445
0.526933 0.722342
0.67391 0.545845
0.96671 0.0654709
0.920173 0.153281
0.00621492 0.999961
0.763661 0.416821
0.98011 0.0393981
0.225859 0.948988
0.580996 0.662445
0.66234 0.561306
