237503 470.051
1 4.44089e-16
0 1
0 1
0.808293 0.346663
0.749751 0.437874
0.616172 0.620332
0.909638 0.172559
0.820387 0.326979
0.360045 0.870368
0.430987 0.814251
0.659339 0.565272
0.258556 0.933149
0.646554 0.581968
0.191333 0.963392
0.73259 0.463324
0.634932 0.596862
0.952052 0.0935966
0.692413 0.520565
0.489316 0.76057
0.140902 0.980147
0.945209 0.10658
0.565566 0.680136
0.607656 0.630755
0.785009 0.383761
0.542782 0.705388
0.897529 0.194441
0.883352 0.219689
0.827645 0.315018
0.311872 0.902736
0.916523 0.159986
0.529102 0.720052
0.164997 0.972778
0.0811134 0.993421
0.77713 0.396069
0.499993 0.750007
0.507608 0.742334
0.0508887 0.997412
0.0322356 0.998961
0.679761 0.537933
0.583406 0.659638
0.966333 0.0661998
0.372711 0.861086
0.343365 0.8821
0.112035 0.987448
0.897754 0.194038
0.0943776 0.991093
0.79663 0.36538
0.37995 0.855638
0.517631 0.732066
0.597978 0.642424
0.698187 0.512535
0.972419 0.0544006
0.757519 0.426165
0.305432 0.906711
0.446988 0.800202
0.417851 0.831652
0.984238 0.0312765
0.848524 0.280007
0.926871 0.14091
0.329374 0.891513
0.402978 0.83762
0.934443 0.126817
0.937858 0.120423
0.845834 0.284567
0.420631 0.82307
0.391804 0.84649
0.163185 0.973373
0.883305 0.219773
0.87252 0.238709
0.923236 0.147634
0.6671 0.554977
0.836981 0.299462
0.214748 0.953883
0.857682 0.264382
0.275667 0.924008
0.762728 0.418246
0.2744 0.924712
0.553521 0.693615
0.792891 0.371668
0.835273 0.302319
0.291545 0.915002
0.960509 0.077422
0.671804 0.548691
0.71836 0.483959
0.460271 0.78815
0.122495 0.984995
0.227228 0.948367
0.462723 0.785888
0.524172 0.725244
0.231144 0.946573
0.131342 0.982759
0.243074 0.940915
0.770665 0.406076
0.448774 0.798602
0.573619 0.670971
0.726853 0.471685
0.63881 0.591922
0.478853 0.7707
0.865291 0.251272
0.291545 0.915002
