672932 520.02
1.75923e-08 1.50698
1.75923e-08 1.50698
0.565406 0.811666
0.383853 0.895552
0.798517 0.423055
0.960991 0.340282
0.186779 1.00394
0.798517 0.423055
0.319574 0.940274
0.18677 1.0069
0.753538 0.513314
0.692881 0.576326
2.9619e-07 1.38108
1.75923e-08 1.50698
1.75923e-08 1.50698
2.9619e-07 1.38108
0.6248 0.661346
9.61639e-06 1.03783
0.0948314 1.0361
2.9619e-07 1.38108
5.92776e-06 1.04045
5.53758e-06 1.1325
0.753557 0.490268
0.798511 0.456473
3.75483e-06 1.20146
0.692871 0.643779
0.692871 0.643779
0.692881 0.576326
0.692871 0.643779
0.186779 1.00394
0.692871 0.643779
0.34853 0.921654
0.31958 0.939135
4.73467e-06 1.15002
0.798511 0.456473
0.383853 0.895552
9.61639e-06 1.03783
3.70666e-07 1.26194
5.92776e-06 1.04045
3.75483e-06 1.20146
0.753557 0.490268
0.692871 0.643779
4.73467e-06 1.15002
4.73467e-06 1.15002
0.0948314 1.0361
0.186779 1.00394
9.61639e-06 1.03783
5.92776e-06 1.04045
0.0948314 1.0361
0.692871 0.643779
0.319574 0.940274
0.0948314 1.0361
0.692881 0.576326
0.31958 0.939135
9.61639e-06 1.03783
0.186779 1.00394
0.31958 0.939135
0.565406 0.811666
0.6248 0.661346
0.960991 0.340282
0.0948314 1.0361
0.31958 0.939135
1.75923e-08 1.50698
5.92776e-06 1.04045
0.960991 0.340282
0.31958 0.939135
2.9619e-07 1.38108
0.18677 1.0069
0.31958 0.939135
0.692881 0.576326
0.319574 0.940274
1.75923e-08 1.50698
0.6248 0.661346
0.0948314 1.0361
0.798511 0.456473
0.34853 0.921654
4.73467e-06 1.15002
0.383853 0.895552
9.61639e-06 1.03783
3.70666e-07 1.26194
5.92776e-06 1.04045
0.186779 1.00394
0.18677 1.0069
0.692881 0.576326
0.692871 0.643779
0.319574 0.940274
0.0948314 1.0361
0.565406 0.811666
0.960991 0.340282
0.960991 0.340282
0.0948314 1.0361
1.75923e-08 1.50698
0.960991 0.340282
0.31958 0.939135
0.0948331 1.03019
0.186779 1.00394
0.0948314 1.0361
0.31958 0.939135
0.319574 0.940274
0.753538 0.513314
