245363 480.05
0.851833 -0.773369
1.76318e-17 1
0.652512 -0.458263
0.823332 -0.458263
0.453882 -0.124218
0.618397 -0.124219
0.257762 0.242161
0.409314 0.242161
0.182229 0.669652
0.0830015 0.669652
0.0355117 0.779658
0.196656 0.577163
0.431456 -0.0171422
0.622686 -0.19612
0.416508 0.148174
0.0291816 0.806016
0.190542 0.619273
0.63767 -0.370812
0.0206027 0.844041
0.826863 -0.527201
0.833496 -0.636902
0.00958607 0.899248
0.428595 0.0100374
0.629939 -0.302602
0.413818 0.18266
0.0252203 0.823235
0.0423462 0.75309
0.643417 -0.431837
0.839898 -0.714413
0.435029 -0.0473573
0.625596 -0.241515
0.227838 0.34787
0.619991 -0.151622
0.623594 -0.210731
0.418263 0.126239
0.831487 -0.606641
0.835012 -0.657933
0.843004 -0.737171
0.44698 -0.113536
0.00521197 0.926956
0.426592 0.0305079
0.63826 -0.394254
0.420075 0.104153
0.825188 -0.495337
0.626657 -0.257193
0.20574 0.509513
0.633806 -0.344305
0.219143 0.407889
0.442599 -0.0958
0.232062 0.330078
0.836755 -0.680102
0.632268 -0.33182
0.824772 -0.487185
0.83791 -0.693569
0.235306 0.304264
0.00404564 0.935882
0.424762 0.0501701
0.238619 0.287987
0.185115 0.653194
0.224903 0.367336
0.19863 0.562866
0.000926526 0.969534
0.640521 -0.412653
0.215767 0.432937
0.436748 -0.0603093
0.0501574 0.725885
0.421488 0.0873696
0.213036 0.45361
0.208114 0.491327
0.828468 -0.556248
0.0559334 0.708599
0.223352 0.377851
0.851316 -0.773256
0.0016148 0.959857
0.84508 -0.754287
0.187219 0.64048
0.23298 0.316861
0.830072 -0.583722
0.823332 -0.458263
0.0773981 0.680524
0.0164101 0.863808
0.410861 0.221531
0.0686959 0.680718
0.619888 -0.149928
0.0610933 0.695409
0.0538735 0.714418
0.628271 -0.28012
0.828013 -0.548157
0.412161 0.204339
0.0468444 0.73695
0.618402 -0.124316
0.439103 -0.0761122
0.221218 0.392884
0.209256 0.482563
0.203116 0.529464
0.215141 0.437647
0.628455 -0.28266
0.044896 0.743793
0.203652 0.525408
0.0124237 0.883812
