175794 530.089
0.0832128 0.672769
0.453714 -0.121687
0.652444 -0.454833
0.258553 0.244894
0.227289 0.355528
0.0306609 0.806464
0.0114329 0.89507
0.00384785 0.943204
0.0216231 0.845759
0.42214 0.0869608
0.03746 0.780024
0.201428 0.546715
0.0443599 0.75169
0.827627 -0.530606
0.0624208 0.697427
0.219713 0.408706
0.237119 0.310611
0.210896 0.481476
0.016288 0.87009
0.0544897 0.723814
0.00101363 0.973869
0.851777 -0.771042
0.223057 0.38662
0.439208 -0.0734979
0.837808 -0.685398
0.417899 0.139792
0.437203 -0.0514589
0.646895 -0.444543
0.63627 -0.372062
0.192241 0.611947
0.829841 -0.57466
0.450432 -0.117597
0.426165 0.038261
0.0721071 0.680794
0.413084 0.198252
0.834888 -0.65182
0.831481 -0.602174
0.247715 0.260102
0.24048 0.284724
0.621665 -0.174166
0.250672 0.252558
0.623933 -0.210923
0.641834 -0.416329
0.0505482 0.740054
0.186135 0.65201
0.833477 -0.631913
0.198803 0.565559
0.0684087 0.686477
0.620433 -0.151384
0.414373 0.178603
0.194571 0.599793
0.638907 -0.396108
0.416135 0.159485
0.431361 -0.00989861
0.242535 0.278399
0.633539 -0.343032
0.188195 0.644352
0.849063 -0.76117
0.21359 0.454975
0.197374 0.581488
0.841017 -0.719399
0.851777 -0.771042
1.43375e-08 1.01791
0.405363 0.299757
0.270847 0.27
0.171474 0.72558
0.334558 0.724057
0.067262 0.689913
0.397945 0.398766
0.268223 0.26252
0.177849 0.697792
0.320546 0.632435
0.18839 0.639015
0.0772623 0.678127
0.570485 0.705275
0.22998 0.339959
0.19894 0.565792
0.178305 0.695987
0.192079 0.612869
0.0902034 0.676634
0.234014 0.317415
0.20359 0.531456
0.0229695 0.840546
0.350697 0.764555
0.299205 0.450528
0.215085 0.444094
0.166287 0.742748
0.3549 0.759179
0.141289 0.765696
0.175395 0.710216
0.242972 0.274914
0.0733164 0.680073
0.069345 0.686064
0.156355 0.763283
0.181572 0.677974
0.314392 0.580945
0.124893 0.740046
0.0967854 0.684082
0.119947 0.729336
0.602995 0.171645
