48 0.104832
0.109189 2.55129
0.5 2.22998
0.141317 1.91286
0.5434 2.27994
0.510757 1.59413
0.477984 1.38811
0 2.36331
0.5 2.10449
0.105613 2.07445
0.752759 1.93298
0.110409 1.94835
0.5 1.20114
0.669859 1.17917
0.347188 2.06028
0.305523 1.8249
0.425182 1.48603
0.5 1.59833
0 2.54013
0 2.43258
0.5 1.64612
0.5 1.5754
0.479077 1.58893
0.798684 1.57175
0.043948 1.9907
0 2.91218
0.251961 1.51952
0.178935 2.43556
0.5 2.09376
0.53081 1.82433
0.417568 1.28707
0.5 2.36304
0.389686 2.11577
0.825369 1.1601
0.196014 2.16233
0.341871 2.17307
0.485633 1.15553
0.486974 1.2639
0.145419 2.11853
0.572163 2.27832
0.37977 1.93836
0.5 1.43407
0 3.16795
0.679419 1.54684
0.0453341 2.51641
0.169073 2.08025
0.401113 1.6172
0.5 1.46815
0.0294601 2.30552
0.5 1.59798
0.532427 2.03544
0.5 1.52116
0.5 1.52649
0.626286 1.20463
0.0416985 2.25294
0.472752 1.34586
0.5 1.94314
0 2.69245
0.600058 1.23571
0.307931 1.74621
0 2.97685
0.480393 1.9065
0.294997 1.54129
0 2.65821
0 2.76287
0.503103 2.08663
0.5 1.37521
0.497947 1.35002
0.359583 1.84097
0.222612 1.94212
0.572431 1.71523
0.5 2.10412
0.604686 1.74107
0.164277 2.52695
0.650351 0.577358
0.5 1.89531
0.277843 1.73271
0.264796 1.53684
0.330033 1.94253
0 2.48183
0.351357 2.04508
0 3.12511
0.470655 1.58185
0.276368 1.57943
0.0989687 2.02237
0.403656 1.55409
0.361084 2.1304
0.488391 1.12327
0.402413 2.11925
0.308213 1.87393
0.129993 3.00561
0 2.52918
0.525051 1.80887
0.357356 2.17115
0.587775 1.897
0.176752 2.02016
0.251094 1.76099
0.601077 1.43756
0.236841 2.50484
0.613725 1.71548
0.856155 0.367959
