132006 120.005
0.00010717 0.989669
0.851807 -0.773297
0.468955 0.264151
0.826258 0.0162498
0.621775 0.271731
0.437443 0.217612
0.819359 -0.354098
0.00240584 1.04008
0.631709 0.0609729
0.00407577 1.13923
0.300694 0.658001
0.146455 0.881575
0.430674 0.405362
0.819414 -0.0140705
0.0961896 0.980265
0.0891638 0.993542
0.0961896 0.980265
0.819359 -0.354098
0.693346 0.238812
0.300694 0.658001
0.827331 -0.236474
0.681264 0.281164
0.6193 0.230373
0.469401 0.244657
0.821033 -0.0297025
0.225419 0.513213
0.00924096 1.16342
0.613935 0.224363
0.859383 -0.591244
0.107793 1.01829
0.430151 0.424446
0.440128 0.213099
0.843854 -0.395262
0.020721 0.962195
0.843854 -0.395262
0.6193 0.230373
0.848253 -0.422049
0.410322 0.627351
0.107793 1.01829
0.846411 -0.394837
0.889291 0.185742
0.862473 -0.31383
0.669144 0.110373
0.146455 0.881575
0.606607 0.16523
0.684566 0.0951605
0.452098 0.252572
0.826258 0.0162498
0.216054 0.814472
0.00407577 1.13923
0.631709 0.0609729
0.679638 0.074491
0.657796 -0.108681
0.020721 0.962195
0.598942 0.53859
0.638075 0.0946838
0.606607 0.16523
0.584714 0.770117
0.876188 -0.478183
0.863843 -0.364085
0.468955 0.264151
0.216054 0.814472
0.656204 -0.194595
0.448597 0.132837
0.146455 0.881575
0.281493 0.898779
0.879677 -0.246161
0.430151 0.424446
0.885737 -0.0635104
0.613935 0.224363
0.596958 0.539266
0.859383 -0.591244
0.447318 0.227729
0.889543 -0.0554045
0.645484 0.0436909
0.469629 0.204284
0.656204 -0.194595
0.0125408 1.06681
0.831105 -0.489534
0.827331 -0.236474
0.885737 -0.0635104
0.901414 0.270931
0.820604 -0.143448
0.452098 0.252572
0.0413349 0.954281
0.598942 0.53859
0.410322 0.627351
0.846411 -0.394837
0.680372 0.205167
0.831105 -0.489534
0.667828 -0.00860137
0.0202185 0.879831
0.123673 1.17625
0.67559 0.065746
0.542504 1.06147
0.879677 -0.246161
0.634889 -0.0675457
0.596958 0.539266
0.821033 -0.0297025
0.146455 0.881575
