207671 460.056
0.851833 -0.773369
5.55112e-17 1
0.823332 -0.458264
0.652512 -0.458263
0.453882 -0.124218
0.618397 -0.124219
0.409314 0.242161
0.257762 0.242161
0.0830014 0.669652
0.182229 0.669652
0.203022 0.530194
0.00413662 0.935147
0.012536 0.883225
0.0617266 0.694632
0.431858 -0.0207531
0.829548 -0.574926
0.631574 -0.323392
0.635112 -0.363843
0.0505753 0.724543
0.0374408 0.774142
0.831309 -0.603817
0.212729 0.455957
0.428651 0.0094903
0.195617 0.584561
0.640776 -0.414544
0.441113 -0.0881944
0.413652 0.186428
0.219413 0.40591
0.825917 -0.509382
0.411912 0.207617
0.646466 -0.446515
0.210073 0.476291
0.834447 -0.650276
0.226435 0.356982
0.621243 -0.172689
0.619859 -0.149428
0.0407968 0.758914
0.0310961 0.797888
0.205536 0.511072
0.420491 0.0991706
0.207681 0.494652
0.436686 -0.0598624
0.636034 -0.37331
0.838878 -0.704093
0.186656 0.652346
0.417821 0.131712
0.443353 -0.0995673
0.828007 -0.548052
0.216025 0.430995
0.244044 0.266445
0.00120414 0.966147
0.234272 0.311705
0.251097 0.250233
0.422172 0.0793966
0.0450851 0.743788
0.190298 0.620878
0.638915 -0.399887
0.836879 -0.681586
0.0674134 0.682784
0.628111 -0.272741
0.625571 -0.24114
0.419019 0.11716
0.824658 -0.484929
0.448123 -0.116764
0.00226159 0.953991
0.626798 -0.259233
0.835947 -0.670031
7.66311e-05 0.991246
0.193264 0.600978
0.242053 0.273462
0.222785 0.381849
0.624544 -0.225522
0.229432 0.345048
0.0202518 0.845658
0.0290486 0.806584
0.416025 0.154293
0.0245444 0.826228
0.434893 -0.044131
0.223122 0.379446
0.217168 0.422506
0.62921 -0.292933
0.238238 0.291034
0.622358 -0.190967
0.415391 0.16238
0.827143 -0.531963
0.0744641 0.673586
0.824184 -0.475321
0.623821 -0.210794
0.0239543 0.828856
0.618977 -0.130786
0.426963 0.0266387
0.832772 -0.626311
0.832889 -0.628042
0.410184 0.230531
0.843004 -0.74088
0.185071 0.653484
0.190489 0.619623
0.0153273 0.869098
0.842961 -0.73655
0.238676 0.28951
