277043 520.052
0.256991 0.245193
0.453578 -0.12207
0.652208 -0.455524
0.0825397 0.673171
0.22313 0.387935
0.026488 0.821981
0.240194 0.285179
0.190165 0.626492
0.42864 0.014724
0.0383878 0.774177
0.43681 -0.0495267
0.00571075 0.931326
0.214493 0.446783
0.0187544 0.86334
0.851624 -0.771381
0.0324319 0.802264
0.825212 -0.493095
0.195702 0.589246
0.220101 0.412062
0.206931 0.506129
0.843493 -0.739118
0.413847 0.188756
0.443653 -0.0941938
0.622821 -0.191655
0.847046 -0.759631
0.639486 -0.398644
0.00160933 0.966413
0.839859 -0.710019
0.212 0.472067
0.0548454 0.717625
0.620194 -0.151888
0.423781 0.065109
0.0486368 0.735735
0.246263 0.269978
0.0128942 0.890391
0.837598 -0.685273
0.83284 -0.622061
0.629655 -0.28812
0.426418 0.0366455
0.835667 -0.654627
0.253341 0.253621
0.419618 0.112742
0.184273 0.663418
0.0591906 0.705803
0.415668 0.166167
0.204607 0.526647
0.831287 -0.597604
0.64728 -0.442294
0.2027 0.550467
0.198609 0.577363
0.828233 -0.544277
0.627645 -0.264639
0.421323 0.0945028
0.0684904 0.685783
0.0440983 0.754177
0.0761917 0.679208
0.635195 -0.361071
0.00307779 0.951728
0.643657 -0.426801
0.829178 -0.562379
0.0146969 0.881046
0.851624 -0.771381
5.50251e-08 1.02845
0.112465 0.714066
0.421623 0.0902649
0.288012 0.363577
0.496636 0.248383
0.140629 0.767372
0.484462 0.0827705
0.628828 -0.283204
0.0872312 0.678065
0.144139 0.770184
0.473417 -0.0347507
0.608895 0.0582171
0.161274 0.756554
0.479481 0.0262297
0.130659 0.752969
0.779732 0.584085
0.402647 0.339057
0.558296 0.796912
0.413122 0.197961
0.398603 0.392572
0.0419944 0.761745
0.546723 0.810544
0.278603 0.305217
0.445169 -0.102188
0.628693 -0.282188
0.447926 -0.108357
0.357395 0.756713
0.51187 0.476038
0.375116 0.657484
0.263168 0.253974
0.446132 -0.105679
0.078273 0.680469
0.391986 0.477925
0.481059 0.041099
0.221728 0.397171
0.393847 0.454383
0.463074 -0.0967864
0.204684 0.523677
