214438 140.006
0.828791 -0.354275
0.828791 -0.354275
0.822983 -0.125534
0.625559 0.0185701
0.0785002 0.851728
0.424951 0.36354
0.254861 0.366589
0.625559 0.0185701
0.462259 0.0481677
0.208017 0.696851
0.254854 0.686359
0.208017 0.696851
0.0785001 1.12155
0.0785002 0.851728
1.13445e-07 1.47489
6.7909e-09 1.7252
0.822983 -0.125534
0.254855 0.507209
0.0655821 1.12241
0.462259 0.0481677
4.3297e-06 1.38664
4.62049e-06 1.19167
0.462255 0.0528143
0.424963 0.153591
0.625559 0.0185701
0.462255 0.0528143
0.625559 0.0185701
0.254861 0.366589
0.254861 0.366589
0.424951 0.36354
0.424952 0.291115
3.75107e-06 1.41174
6.7909e-09 1.7252
0.0655821 1.12241
0.0655821 1.12241
0.0785001 1.12155
0.462259 0.0481677
3.75107e-06 1.41174
4.62049e-06 1.19167
0.0785002 0.851728
0.424955 0.282851
0.424952 0.291115
0.462255 0.0528143
0.625559 0.0185701
0.208017 0.696851
0.424963 0.153591
0.424951 0.36354
0.822983 -0.125534
0.462259 0.0481677
0.0785002 0.851728
0.254861 0.366589
0.462255 0.0528143
0.424952 0.291115
0.625559 0.0185701
0.254861 0.366589
6.7909e-09 1.7252
1.13445e-07 1.47489
0.208017 0.696851
1.13445e-07 1.47489
0.254861 0.366589
0.254861 0.366589
0.208017 0.696851
0.625559 0.0185701
0.462259 0.0481677
0.462259 0.0481677
0.625559 0.0185701
0.254861 0.366589
0.254861 0.366589
0.208017 0.696851
0.625559 0.0185701
4.3297e-06 1.38664
0.254861 0.366589
0.208017 0.696851
0.462259 0.0481677
0.424952 0.291115
0.208017 0.696851
0.822983 -0.125534
0.462259 0.0481677
0.0785002 0.851728
0.254861 0.366589
0.462255 0.0528143
0.424952 0.291115
0.625559 0.0185701
0.254861 0.366589
0.625559 0.0185701
0.0785002 0.851728
0.462255 0.0528143
1.13445e-07 1.47489
0.424963 0.153591
0.254855 0.507209
0.208017 0.696851
0.462259 0.0481677
0.462259 0.0481677
0.625559 0.0185701
0.254861 0.366589
0.254861 0.366589
0.0785002 0.851728
4.62049e-06 1.19167
0.0655821 1.12241
0.0655821 1.12241
