89186 130.009
8.48046e-05 0.990848
0.851901 -0.773355
0.808416 0.131522
0.86645 -0.36641
0.641082 0.102639
0.269663 0.969939
0.855655 -0.732728
0.615631 0.0629963
0.661361 0.218082
0.33883 1.14887
0.438044 0.212345
0.892044 0.106793
0.18492 0.80543
0.0624083 0.733418
0.568377 1.05667
0.667889 -0.0804492
0.363274 0.918208
0.628404 0.133043
0.998224 0.220287
0.480118 0.270811
0.786241 0.601761
0.996108 0.260043
0.00472943 1.30058
0.864674 -0.431647
0.413816 0.537128
0.995189 0.225931
0.86645 -0.36641
0.363274 0.918208
0.662053 -0.0050929
0.707916 0.816678
0.45637 0.408896
0.459357 0.272187
0.413816 0.537128
0.786241 0.601761
0.661361 0.218082
0.828388 -0.0451321
0.404331 0.507186
0.852512 -0.764216
0.641082 0.102639
0.00863148 1.2736
0.835803 -0.300928
0.817649 0.167582
0.455106 0.211099
0.828388 -0.0451321
0.847495 -0.509022
0.607043 0.397633
0.336901 1.1018
0.858085 -0.44935
0.660044 -0.0290958
0.512445 0.870061
0.687714 0.102979
0.876223 -0.268783
0.808416 0.131522
0.674142 0.00223149
0.8304 -0.561796
0.597041 0.612394
0.687714 0.102979
0.484041 0.314078
0.855264 -0.361449
0.833078 -0.540349
0.87347 -0.310621
0.336901 1.1018
0.49844 0.898879
0.615631 0.0629963
0.269663 0.969939
0.830211 -0.173323
0.866506 -0.401668
0.512445 0.870061
0.666449 0.0496136
0.0624083 0.733418
0.986975 0.513603
0.8304 -0.561796
0.847495 -0.509022
0.833078 -0.540349
0.568377 1.05667
0.459357 0.272187
0.459149 0.201805
0.878869 -0.0181748
0.877302 0.130205
0.878869 -0.0181748
0.00863148 1.2736
0.607043 0.397633
0.00472943 1.30058
0.995189 0.225931
0.647947 -0.132438
0.835803 -0.300928
0.852512 -0.764216
0.662053 -0.0050929
0.44418 0.268031
0.280667 0.988384
0.543943 1.28202
0.666485 -0.196257
0.177648 0.948725
0.823268 -0.212704
0.658257 -0.119453
0.484041 0.314078
0.877302 0.130205
0.404331 0.507186
0.830211 -0.173323
0.459149 0.201805
