42094 40.0017
0.000145561 0.988046
0.851179 -0.773083
0.452139 -0.0236874
0.645722 -0.310577
0.852289 -0.261946
0.452139 -0.0236874
0.834445 -0.27409
0.502321 0.54793
0.434791 0.121277
0.397184 0.603423
0.645394 -0.156624
0.264548 0.565705
0.820765 -0.00165023
0.264548 0.565705
0.847903 -0.759626
0.121546 1.15096
0.170719 0.775445
0.834895 -0.222604
0.222219 0.770646
0.819081 -0.115847
0.434791 0.121277
0.850562 -0.690022
0.846975 -0.340432
0.842555 -0.682513
0.640649 -0.0349287
0.121546 1.15096
0.672265 -0.0557218
0.8488 -0.350744
0.0314761 0.962843
0.468046 0.169064
0.0314761 0.962843
0.046754 1.05216
0.822553 -0.127609
0.274305 0.591565
0.194134 0.951128
0.170719 0.775445
0.849306 -0.456105
0.000305253 1.31778
0.834445 -0.27409
0.856681 -0.241688
0.101573 1.17783
0.78559 0.648343
0.852289 -0.261946
0.245927 0.321513
0.0305573 1.1179
0.444626 0.157897
0.161469 1.15649
0.469861 0.0965351
0.274305 0.591565
0.194134 0.951128
0.836798 -0.237296
0.649017 -0.266012
0.78559 0.648343
0.673571 0.149648
0.652153 -0.175436
0.648393 -0.268461
0.817614 0.202088
0.679905 0.232066
0.191166 0.965677
0.837032 -0.335529
0.820247 -0.157534
0.673571 0.149648
0.294631 0.797965
0.222219 0.770646
0.385094 0.980613
0.849306 -0.456105
0.820765 -0.00165023
0.840746 -0.580806
0.232655 0.876165
0.847903 -0.759626
0.462765 0.186822
0.101573 1.17783
0.837993 -0.223646
0.444626 0.157897
0.680409 0.25238
0.161469 1.15649
0.820247 -0.157534
0.652153 -0.175436
0.641855 -0.207281
0.322893 0.9977
1.57108e-06 1.08819
0.652423 -0.292723
0.850266 -0.582495
0.837032 -0.335529
0.447402 -0.0144269
0.840746 -0.580806
0.850266 -0.582495
0.649017 -0.266012
0.877547 0.0264204
0.654325 -0.0707565
0.645394 -0.156624
0.449085 0.158458
0.650672 -0.0994699
0.464139 0.119716
0.191166 0.965677
0.494268 0.575354
0.412418 0.366015
0.679905 0.232066
0.046754 1.05216
0.232655 0.876165
