573838 360.013
0.833651 -0.445043
0.0011136 2.0709
0.648527 -0.182418
0.438972 0.0177445
0.419173 0.347837
0.259594 0.442626
0.833651 -0.416922
0.833651 -0.416922
0.00112076 1.34148
0.197689 0.70855
0.0980729 0.848364
0.833651 -0.445043
0.247384 0.525989
0.0011136 2.0709
0.0980729 0.848364
0.00121011 1.17631
0.0011136 2.0709
0.0440686 0.917663
0.438945 0.278228
0.0980729 0.848364
0.438972 0.0177445
0.438949 0.0947415
0.00121011 1.17631
0.651347 -0.394897
0.651309 -0.265172
0.419173 0.347837
0.651309 -0.265172
0.0440418 0.998651
0.438949 0.0947415
0.438972 0.0177445
0.259592 0.490451
0.197689 0.70855
0.438945 0.278228
0.0440686 0.917663
0.419173 0.347837
0.651347 -0.394897
0.833651 -0.416922
0.00121011 1.17631
0.833651 -0.445043
0.651347 -0.394897
0.00121011 1.17631
0.0440686 0.917663
0.438972 0.0177445
0.651347 -0.394897
0.438972 0.0177445
0.651347 -0.394897
0.438949 0.0947415
0.0980729 0.848364
0.438972 0.0177445
0.438972 0.0177445
0.833651 -0.416922
0.651309 -0.265172
0.438972 0.0177445
0.0011161 1.66372
0.0440686 0.917663
0.0440686 0.917663
0.0980729 0.848364
0.438972 0.0177445
0.0011161 1.66372
0.438972 0.0177445
0.0440686 0.917663
0.438949 0.0947415
0.00121011 1.17631
0.0980729 0.848364
0.259594 0.442626
0.438972 0.0177445
0.438945 0.278228
0.00121011 1.17631
0.438949 0.0947415
0.438972 0.0177445
0.00121011 1.17631
0.833651 -0.416922
0.419173 0.347837
0.438945 0.278228
0.197689 0.70855
0.259592 0.490451
0.438972 0.0177445
0.651347 -0.394897
0.0440418 0.998651
0.651309 -0.265172
0.651309 -0.265172
0.438949 0.0947415
0.438972 0.0177445
0.0980729 0.848364
0.0011136 2.0709
0.438949 0.0947415
0.651347 -0.394897
0.438949 0.0947415
0.0980729 0.848364
0.438972 0.0177445
0.438972 0.0177445
0.833651 -0.416922
0.438972 0.0177445
0.0440686 0.917663
0.0980729 0.848364
0.438972 0.0177445
0.438972 0.0177445
0.0980729 0.848364
0.259594 0.442626
0.438972 0.0177445
