18591 50.0054
0.85208 -0.773168
0.85208 -0.773168
2.58474e-16 1.00054
2.58474e-16 1.00054
0.630658 -0.223073
0.645428 -0.43152
0.822076 -0.431903
0.453514 -0.123987
0.254262 0.245598
0.409274 0.243659
0.0858863 0.685039
0.188456 0.63624
0.203333 0.531366
0.0329573 0.791235
0.453514 -0.123987
0.0858863 0.685039
0.211892 0.463848
0.22316 0.39275
0.0527573 0.75668
0.241302 0.282449
0.0174314 0.860174
0.0527573 0.75668
0.830294 -0.587172
0.227667 0.350689
0.827685 -0.541982
0.00638413 0.920775
0.0238992 0.83071
0.2342 0.3126
0.42569 0.040374
0.215036 0.439995
0.833286 -0.633613
0.82518 -0.494842
0.843605 -0.744842
0.000437941 0.987771
0.412072 0.206067
0.839185 -0.706921
0.4333 -0.0329584
0.443042 -0.0976745
0.429187 0.00454275
0.835955 -0.669905
0.437791 -0.0673484
0.0113606 0.909138
0.415318 0.163816
0.421791 0.0844568
0.82333 -0.457881
0.19629 0.583744
0.417214 0.139648
0.19629 0.583744
0.188456 0.63624
0.420019 0.105376
0.85208 -0.773071
0.453514 -0.123748
0.833286 -0.633507
0.835955 -0.669878
0.85208 -0.773056
0.453514 -0.123696
0.833286 -0.633446
0.85208 -0.773049
0.453514 -0.123622
0.833286 -0.633281
0.85208 -0.773035
0.453514 -0.123383
0.833286 -0.633263
0.85208 -0.773028
0.85208 -0.773018
0.85208 -0.773012
0.85208 -0.773001
0.85208 -0.772985
0.85208 -0.772984
0.85208 -0.772983
0.85208 -0.772977
0.85208 -0.772965
0.85208 -0.772945
0.85208 -0.772926
0.85208 -0.772926
0.85208 -0.772922
0.85208 -0.772918
0.85208 -0.772916
0.85208 -0.772915
0.85208 -0.772912
0.85208 -0.772903
0.85208 -0.7729
0.85208 -0.772889
0.85208 -0.772886
0.85208 -0.772875
0.85208 -0.772872
0.85208 -0.772854
0.85208 -0.772851
0.85208 -0.772851
0.85208 -0.772849
0.85208 -0.772843
0.85208 -0.772817
0.85208 -0.772816
0.85208 -0.772776
0.85208 -0.772753
0.85208 -0.772746
0.85208 -0.77271
0.85208 -0.772692
0.85208 -0.77265
0.85208 -0.772577
