65733 120.014
0.257479 0.245382
0.453676 -0.120854
0.0834429 0.674167
0.652724 -0.454925
0.852048 -0.770413
0.0076306 0.91804
0.631319 -0.317094
0.205095 0.518794
0.639127 -0.396581
0.440286 -0.0781831
0.444794 -0.100248
0.626685 -0.252548
0.192769 0.618486
0.0499731 0.735064
0.196832 0.582718
0.0593842 0.709043
0.826095 -0.504728
0.0403709 0.76715
0.18632 0.652275
0.0134192 0.883775
0.0027544 0.957821
0.210038 0.483962
0.843314 -0.73502
0.828698 -0.552827
0.427547 0.0259828
0.833076 -0.623863
0.0715118 0.682984
0.841109 -0.721472
0.830826 -0.591161
0.0452418 0.749544
0.000987728 0.983519
0.0285968 0.823371
0.64384 -0.420958
0.0644105 0.695976
0.220119 0.406282
0.646688 -0.438139
0.412096 0.21148
0.247163 0.262821
0.239725 0.296172
0.41994 0.112119
0.0362511 0.793616
0.234055 0.337993
0.620846 -0.151285
0.63543 -0.361488
0.836153 -0.667213
0.241048 0.282072
0.226913 0.359686
0.837349 -0.679756
0.230191 0.347551
0.622623 -0.190289
0.224598 0.374701
0.414021 0.184071
0.430798 -0.00515339
0.0196833 0.853953
0.417763 0.13786
0.415536 0.167688
0.634366 -0.347342
0.244686 0.269074
0.624534 -0.218678
0.435714 -0.0419153
0.65049 -0.451665
0.852048 -0.770413
2.82651e-07 1.02888
0.150935 0.771153
0.445615 -0.100824
0.387957 0.526515
0.468939 -0.0665845
0.551441 0.815261
0.150735 0.772848
0.452942 -0.116569
0.416477 0.155361
0.358225 0.755966
0.316368 0.603216
0.540272 0.787056
0.673674 -0.309027
0.0264847 0.829758
0.485495 0.0974967
0.118554 0.732971
0.436616 -0.0503962
0.928156 0.76024
0.195739 0.592569
0.593 0.368547
0.414821 0.17589
0.140411 0.769547
0.31521 0.592366
0.119081 0.732918
0.096024 0.688261
0.0621707 0.704761
0.268238 0.263762
0.422421 0.0825897
0.379118 0.625429
0.502553 0.33809
0.185294 0.659551
0.521992 0.61662
0.2292 0.346682
0.128949 0.751215
0.202507 0.543509
0.111418 0.715317
0.211737 0.475328
0.266755 0.261696
