695996 480.015
2.37633e-09 1.50954
2.37633e-09 1.50954
2.37633e-09 1.50954
0.838298 -0.447056
0.639664 -0.308227
0.193429 0.756307
0.4196 0.25296
0.268378 0.366455
0.625929 0.0282009
0.0615443 0.818158
0.0419795 1.01681
4.41992e-07 1.47201
1.37476e-06 1.20302
3.75932e-06 1.16007
4.41992e-07 1.47201
0.0615443 0.818158
0.625929 0.0282009
0.268337 0.55391
0.639664 -0.308227
0.0419832 0.940047
4.41992e-07 1.47201
0.838298 -0.447056
0.838309 -0.557847
0.838309 -0.557847
0.268337 0.55391
0.0615443 0.818158
0.0419832 0.940047
0.437815 0.0978975
0.625949 -0.156638
0.625934 -0.09591
0.625933 -0.01277
0.625949 -0.156638
0.268337 0.444497
0.625933 -0.01277
0.193429 0.756307
0.0419832 0.940047
0.639664 -0.267653
0.636916 -0.168115
0.639663 -0.214383
3.75932e-06 1.16007
3.75932e-06 1.16007
0.437815 0.0978975
0.625929 0.0282009
0.639664 -0.267653
0.636916 -0.168115
4.41992e-07 1.47201
0.636916 -0.168115
0.625949 -0.156638
0.193429 0.756307
0.0419832 0.940047
0.625949 -0.156638
0.268337 0.55391
0.639664 -0.308227
0.0615443 0.818158
0.639664 -0.308227
0.437815 0.0978975
0.625933 -0.01277
0.838309 -0.557847
0.625949 -0.156638
0.0419832 0.940047
0.193429 0.756307
0.639664 -0.308227
0.268378 0.366455
0.268337 0.444497
0.220939 0.591105
0.268378 0.366455
0.636916 -0.168115
0.625933 -0.01277
3.75932e-06 1.16007
0.0419795 1.01681
0.268337 0.55391
0.639664 -0.308227
0.838298 -0.447056
0.838309 -0.557847
0.0615443 0.818158
0.625934 -0.09591
0.193429 0.756307
0.0419832 0.940047
0.639664 -0.267653
0.636916 -0.168115
0.639663 -0.214383
0.268337 0.444497
3.75932e-06 1.16007
4.41992e-07 1.47201
0.625949 -0.156638
0.268337 0.55391
0.639664 -0.308227
0.437815 0.0978975
0.838309 -0.557847
0.625949 -0.156638
0.193429 0.756307
0.437807 0.10513
0.639663 -0.214383
0.0615443 0.818158
0.43939 0.0578446
3.75932e-06 1.16007
0.0419832 0.940047
0.639664 -0.308227
0.838309 -0.557847
0.193429 0.756307
