260256 170.004
2.26585e-07 1.79819
2.26585e-07 1.79819
2.26585e-07 1.79819
2.26585e-07 1.79819
0.243906 0.494588
0.243906 0.494588
0.652187 -0.364316
0.834225 -0.395448
0.627912 -0.016631
4.19237e-07 1.18254
2.65419e-07 1.66919
0.196425 0.797837
0.440627 0.052736
0.0906087 0.804808
0.0531948 1.08086
0.0906074 0.9126
0.0906074 0.9126
0.627928 -0.181104
4.19237e-07 1.18254
4.19237e-07 1.18254
0.627912 -0.016631
0.196429 0.74479
0.196429 0.74479
0.0531901 1.08625
0.196429 0.74479
0.243906 0.494588
0.243889 0.633652
0.243902 0.604264
0.440627 0.052736
0.0906074 0.9126
0.0906074 0.9126
0.0531948 1.08086
0.834232 -0.469838
0.834232 -0.469838
0.834231 -0.424011
0.0531901 1.08625
0.443418 0.0188543
0.834231 -0.460776
0.627912 -0.016631
2.65419e-07 1.66919
0.834225 -0.395448
0.243891 0.605804
0.834231 -0.460776
0.196425 0.797837
0.0906087 0.804808
0.0531901 1.08625
0.243891 0.605804
0.0531901 1.08625
0.443418 0.0188543
0.243906 0.494588
0.243906 0.494588
0.627912 -0.016631
0.243906 0.494588
0.0531901 1.08625
0.652187 -0.364316
0.0531901 1.08625
0.834225 -0.395448
0.243884 0.72272
2.26585e-07 1.79819
4.19237e-07 1.18254
0.196425 0.797837
0.627912 -0.016631
0.243906 0.494588
0.243906 0.494588
0.627912 -0.016631
0.243906 0.494588
2.65419e-07 1.66919
0.627928 -0.181104
0.652187 -0.364316
0.0531901 1.08625
2.26585e-07 1.79819
0.243906 0.494588
0.440627 0.052736
0.0906074 0.9126
0.0906074 0.9126
0.0531948 1.08086
0.834232 -0.469838
0.0531901 1.08625
0.834231 -0.460776
0.196429 0.74479
0.834225 -0.395448
0.834231 -0.460776
0.0906087 0.804808
0.243891 0.605804
0.0531901 1.08625
0.627912 -0.016631
2.26585e-07 1.79819
0.243906 0.494588
0.627912 -0.016631
0.0531901 1.08625
0.652187 -0.364316
0.0531901 1.08625
0.834225 -0.395448
4.19237e-07 1.18254
0.196425 0.797837
0.627912 -0.016631
0.243906 0.494588
0.243889 0.633652
0.243906 0.494588
2.65419e-07 1.66919
