20650 30.0029
5.32355e-05 0.992726
0.852024 -0.773033
0.893678 -0.0739871
0.63372 -0.239282
0.0203 1.06022
0.860739 -0.503445
0.66146 -0.242728
0.293746 0.633083
0.620262 0.276294
0.66146 -0.242728
0.497828 0.933215
0.293746 0.633083
0.845894 -0.685053
0.190023 0.817728
0.197853 0.752107
0.796671 0.501123
0.632189 -0.128134
0.844884 -0.555885
0.645213 -0.123397
0.423677 0.258194
0.812022 -0.0089228
0.677737 0.0917057
0.860081 -0.11218
0.428776 0.550683
0.995564 0.282673
0.866947 -0.569298
0.829137 -0.42745
0.652489 0.0151587
0.662327 -0.158381
0.671639 -0.249176
0.314117 0.708488
0.423867 0.18952
0.866821 -0.350622
0.272847 0.450847
0.857374 -0.466612
0.00517329 1.25593
0.280868 0.562388
0.866159 -0.19063
0.47502 0.343272
0.853114 -0.318993
0.796671 0.501123
0.880826 -0.231058
0.866947 -0.569298
0.69011 0.228574
0.0542012 0.932178
0.812022 -0.0089228
0.831157 -0.0244814
0.615751 0.0591764
0.206572 0.739072
0.857374 -0.466612
0.866821 -0.350622
0.666602 -0.0820694
0.664355 -0.112402
0.865474 -0.4033
0.46616 0.26742
0.819481 -0.244068
0.69011 0.228574
0.619001 0.122838
0.893678 -0.0739871
0.66724 -0.317664
0.838937 -0.353696
0.707875 0.437555
0.623275 -0.0318256
0.0814705 0.926244
0.805854 0.382162
0.853094 -0.499647
0.853114 -0.318993
0.00517329 1.25593
0.0814705 0.926244
0.190023 0.817728
0.671639 -0.249176
0.0203 1.06022
0.677174 0.0383558
0.46616 0.26742
0.423677 0.258194
0.477477 0.451479
0.819481 -0.244068
0.860081 -0.11218
0.850202 -0.464379
0.438059 0.512657
0.826848 -0.356242
0.879756 -0.184626
0.21597 1.01387
0.869392 -0.158703
0.790744 0.44147
0.435606 0.157318
0.61495 -0.00220988
0.645213 -0.123397
0.836856 -0.479993
0.677174 0.0383558
0.859053 -0.442954
0.677737 0.0917057
0.878265 -0.269982
0.671302 -0.238574
0.671302 -0.238574
0.836856 -0.479993
0.872702 -0.28254
0.878265 -0.269982
0.636638 -0.103465
0.017111 0.954514
