321872 550.066
0.852551 -0.769897
0.852551 -0.769897
4.51028e-17 1.00287
4.51028e-17 1.00287
0.830913 -0.513659
0.65175 -0.456135
0.45379 -0.121428
0.257949 0.245169
0.618472 -0.122541
0.410502 0.229122
0.182083 0.673461
0.080794 0.674896
0.0285779 0.814916
0.0117335 0.892898
0.439352 -0.0746701
0.832508 -0.616208
0.00450747 0.942968
0.0392129 0.770253
0.422042 0.0847575
0.432389 -0.0227987
0.426965 0.0289304
0.0507531 0.729973
0.417544 0.139334
0.190865 0.62064
0.0625002 0.697479
0.244149 0.271992
0.235427 0.310272
0.19723 0.576738
0.413673 0.187092
0.22859 0.349878
0.21742 0.424915
0.21202 0.466707
0.222641 0.386845
0.631311 -0.316357
0.202753 0.539284
0.634881 -0.358062
0.20752 0.503133
0.62065 -0.159952
0.623469 -0.203181
0.628442 -0.276171
0.638904 -0.394601
0.643713 -0.428855
0.838848 -0.6758
0.625777 -0.238652
0.844252 -0.742247
0.841617 -0.713099
0.834149 -0.642634
0.184157 0.664939
1.51219e-05 1.00023
0.0795566 0.675289
7.60113e-06 1.00274
0.654196 -0.454247
7.60113e-06 1.00506
0.190865 0.622073
0.654196 -0.453704
7.60113e-06 1.00692
0.190865 0.622852
0.654196 -0.453663
7.60113e-06 1.00785
0.190865 0.624138
0.654196 -0.453262
0.190865 0.625158
0.654196 -0.453033
0.190865 0.625409
0.654196 -0.452723
0.190865 0.625591
0.654196 -0.452682
0.190865 0.625604
0.654196 -0.452639
0.190865 0.62565
0.654196 -0.45205
0.190865 0.625695
0.654196 -0.451528
0.190865 0.625714
0.654196 -0.451499
0.190865 0.625719
0.654196 -0.451437
0.190865 0.625729
0.654196 -0.451265
0.190865 0.626128
0.654196 -0.451168
0.654196 -0.451143
0.654196 -0.45108
0.654196 -0.450997
0.654196 -0.450979
0.654196 -0.450948
0.654196 -0.450914
0.654196 -0.450907
0.654196 -0.450902
0.654196 -0.450891
0.654196 -0.450876
0.654196 -0.450842
0.654196 -0.450842
0.654196 -0.450834
0.654196 -0.450827
0.654196 -0.450822
0.654196 -0.450791
0.654196 -0.450749
0.654196 -0.450237
0.654196 -0.450066
