126130 230.022
0.257761 0.245628
0.454304 -0.121309
0.0795733 0.673863
0.42162 0.090299
0.239243 0.291516
0.652337 -0.455481
0.832192 -0.613304
0.244942 0.272713
0.00243446 0.955686
0.203875 0.53025
0.0446848 0.750436
0.416531 0.154265
0.229115 0.345442
0.217379 0.428765
0.188857 0.63743
0.448679 -0.113843
0.628683 -0.280021
0.44012 -0.0754626
0.631485 -0.318217
0.199773 0.561771
0.0375561 0.776898
0.0231185 0.845946
0.621028 -0.163647
0.0635248 0.69568
0.19583 0.589052
0.0592532 0.706824
0.0190431 0.857462
0.00834966 0.930891
0.827841 -0.538412
0.0344035 0.79252
0.210615 0.476938
0.0729931 0.681848
0.0138422 0.881424
0.82646 -0.516202
0.625743 -0.235818
0.842049 -0.725609
0.624026 -0.208311
0.19244 0.615279
0.000548118 0.9925
0.212352 0.463368
0.226715 0.361519
0.846507 -0.757413
0.835728 -0.659529
0.645142 -0.437281
0.436364 -0.0523808
0.428474 0.0174507
0.445397 -0.0916799
0.637604 -0.383579
0.0122794 0.898034
0.411602 0.224625
0.0323841 0.823076
0.222456 0.389469
0.43435 -0.0365657
0.837074 -0.667418
0.648225 -0.447142
0.843432 -0.736627
0.432075 -0.0165319
0.221551 0.399138
0.634672 -0.353707
0.641865 -0.417563
0.849576 -0.766771
0.85186 -0.770726
4.76458e-08 1.02994
0.176133 0.706097
0.481194 0.0452736
0.265908 0.256776
0.574994 0.653653
0.234542 0.313088
0.400831 0.360565
0.302364 0.477525
0.227611 0.355757
0.424872 0.0553525
0.520914 0.600019
0.374095 0.666962
0.332066 0.711636
0.227005 0.358134
0.549048 0.812693
0.267137 0.262304
0.200404 0.555339
0.196242 0.587153
0.148503 0.769313
0.413075 0.197126
0.0709545 0.685635
0.0995236 0.691032
0.129791 0.753336
0.182407 0.674349
0.351136 0.764707
0.420013 0.110755
0.329346 0.694236
0.554471 0.81028
0.422173 0.0854427
0.310549 0.551625
0.321736 0.6432
0.278367 0.303862
0.127939 0.746873
0.599546 0.237695
0.635401 -0.361529
0.177632 0.699782
0.171418 0.725675
0.233021 0.321912
