212226 260.018
0.000175774 0.986741
0.851455 -0.773297
0.838455 -0.365696
0.664139 -0.0292287
0.666631 -0.0100415
0.457772 0.0495957
0.432391 0.216983
0.451608 0.00207072
0.84484 -0.401642
0.63751 0.0157492
0.446977 0.318629
0.654507 0.0237813
0.639798 -0.16601
0.242298 0.469479
0.856218 -0.67236
0.6557 -0.243297
0.887046 0.030561
0.804905 0.232163
0.2226 0.6899
0.459009 0.0912416
0.0423855 1.65202
0.30119 0.8093
0.666631 -0.0100415
0.670649 -0.120908
0.821982 -0.272508
0.867675 -0.418598
0.898767 0.217793
0.271467 0.480779
0.842171 -0.401321
0.212259 0.743978
0.393056 0.804107
0.102219 0.898912
0.452521 0.0899167
0.838455 -0.365696
0.375302 1.00439
0.647724 0.285182
0.871636 -0.355068
0.313467 0.858846
0.00232444 1.69827
0.29651 0.677073
0.0383422 1.15445
0.823362 -0.067588
0.424062 0.274609
0.88141 -0.185878
0.856218 -0.67236
0.182493 1.03776
0.887046 0.030561
0.865965 -0.455062
0.648743 -0.289704
0.842231 -0.592636
0.454968 0.197075
0.313467 0.858846
0.84484 -0.401642
0.45577 0.218327
0.437975 0.227244
0.664139 -0.0292287
0.459889 0.108184
0.30119 0.8093
0.459009 0.0912416
0.805519 0.235212
0.66188 -0.11631
0.804905 0.232163
0.68205 0.140758
0.682169 0.00340655
0.0383422 1.15445
0.835314 -0.388063
0.0713817 0.872743
0.454095 0.326098
0.646269 -0.128985
0.287151 0.405254
0.439231 0.250144
0.69397 0.412971
0.182493 1.04605
0.2226 0.6899
0.439231 0.250144
0.864044 -0.568842
0.811612 0.0157454
0.454968 0.197075
0.670885 -0.0294646
0.68205 0.140758
0.464146 0.0350348
0.375302 1.00439
0.409608 0.770794
0.842171 -0.401321
0.648743 -0.289704
0.0105092 1.95407
0.424062 0.274609
0.66188 -0.11631
0.271467 0.480779
0.637126 -0.136167
0.20931 0.690393
0.865965 -0.455062
0.1097 1.04719
0.451061 0.0811684
0.29651 0.677073
0.835314 -0.388063
0.998144 0.326934
0.637126 -0.136167
0.245411 0.49505
0.871636 -0.355068
