14 0.0309686
1 2.17653
0 3.4861
0.0653786 3.45098
0.625662 2.14947
0 3.76769
0.50452 2.44262
0.506219 2.48591
0.833975 1.49764
0.307263 2.92139
0.516233 3.22353
0.611338 2.38284
0.719078 2.80633
0 3.66678
0.569487 3.53025
0.5 2.76079
0.5 2.4666
0 3.83997
0.677483 2.07561
0.393065 3.02621
0.0492839 3.12947
0.5 2.71425
0.5 2.51598
0 3.83128
0.863044 1.5948
0.473168 2.11348
0.5 2.2527
1 1.97292
0.5 2.83741
0.269168 2.51671
0.20234 2.78009
0.586255 2.99112
0 3.75178
0.643534 1.93631
0 3.8822
0.5 2.81709
0.5 2.71574
0.0371676 3.60115
0.119016 3.62751
0.514496 2.7142
0.0917338 3.52423
0.0921593 3.48959
0.448512 2.16028
0.5 2.89627
0.435959 2.19135
0.473809 2.36867
0.910539 2.48854
0.151558 3.5507
0.5 3.10018
0.335563 3.41358
0.635514 2.23001
0.05224 3.53119
0.625112 2.20776
0.590103 2.46664
1 2.0794
0.5 3.04789
0 4.24301
0.5 2.56627
0.130615 2.89266
0.555246 3.3121
0.0196174 3.56598
0.585228 2.69539
0.688033 2.0278
0.0615762 3.38469
0.5 2.49324
0.409738 3.08513
0.5 3.03025
0.0142517 3.66795
0 3.6962
0.5 2.82738
0.833747 1.63922
0.5 2.55657
0.651368 1.88851
0.140358 3.32088
0.5 2.28436
0.5 2.66106
0.5 2.73081
0.408649 2.6288
0.276543 2.78979
1 2.11568
0.0939652 3.80033
1 2.04218
0.245351 3.16203
0.281536 2.74415
0 4.00101
1 1.62166
0.89701 2.26562
0.724889 3.36622
0.520823 3.25289
0.5 2.62818
0.560467 3.19209
0.5 2.9196
0.398098 2.30223
0 3.91902
0.537505 3.38743
0.595184 3.02725
0.646125 2.3243
0.75813 3.25399
0.0939701 3.48134
0.667542 1.74523
0.5 2.77573
