410670 430.025
0.000166908 0.98708
0.851515 -0.773325
0.644637 -0.162062
0.457803 0.169037
0.828383 -0.166398
0.449801 0.0845401
0.640013 0.194669
0.857295 -0.642258
0.65739 -0.287304
0.356255 0.987952
0.280657 0.704838
0.887102 -0.123883
0.84764 -0.412319
0.671053 -0.121313
0.272735 0.565398
0.841345 -0.57332
0.858958 -0.602942
0.356255 0.987952
0.272735 0.565398
0.477978 0.260083
0.882642 -0.274862
0.881702 -0.0871256
0.21913 0.711304
0.882642 -0.255562
0.375072 1.01607
0.670934 -0.0727102
0.997522 0.291636
0.43606 0.61493
0.488065 0.386133
0.375072 1.01607
0.65739 -0.287304
0.859431 -0.38401
0.456074 0.313641
0.414596 0.3578
0.834398 -0.385069
0.841345 -0.57332
0.451408 0.262157
0.266889 0.656309
0.439638 0.293824
0.645848 -0.23402
0.863203 -0.5842
0.688315 0.0983674
0.432741 0.385389
0.686929 0.0264492
0.892852 -0.119583
0.667741 -0.0110303
0.637861 -0.138321
0.279028 0.615341
0.449801 0.0845401
0.00879008 1.44626
0.439638 0.293824
0.867628 -0.570089
0.441541 -0.0257032
0.86173 -0.389105
0.279028 0.615341
0.524598 1.13169
0.00313326 1.41278
0.376685 0.69496
0.00313326 1.41278
0.376685 0.69496
0.674808 -0.142996
0.428323 0.655967
0.66461 -0.201231
0.477978 0.260083
0.504336 0.762455
0.6542 -0.156367
0.223185 0.728994
0.892852 -0.119583
0.658786 0.00378437
0.674808 -0.142996
0.643131 -0.142393
0.451408 0.262157
0.670934 -0.0727102
0.879514 -0.258368
0.86277 -0.592433
0.87299 -0.364691
0.86277 -0.592433
0.456074 0.313641
0.864738 -0.561404
0.605479 0.320384
0.888764 0.0526595
0.647369 -0.211569
0.879514 -0.258368
0.191973 0.936822
0.147452 0.931679
0.445405 0.139156
0.488065 0.386133
0.623475 0.175017
0.637861 -0.138321
0.686929 0.0264492
0.828383 -0.166398
0.881238 -0.166319
0.310878 0.857414
0.866948 -0.626907
0.863203 -0.5842
0.465275 0.198648
0.640013 0.194669
0.457803 0.169037
0.888764 0.0526595
0.609603 0.272545
