36093 120.025
0 1
0 1
0.851833 -0.773369
0.453882 -0.124218
0.823332 -0.458264
0.652512 -0.458263
0.618397 -0.124219
0.257763 0.242161
0.409314 0.24216
0.182229 0.669652
0.0830017 0.669652
0.830451 -0.589987
0.82717 -0.532868
0.432766 -0.0287185
0.208452 0.488814
0.00159873 0.95994
0.4277 0.0191966
0.631052 -0.316896
0.643423 -0.431874
0.0686296 0.68082
0.445269 -0.107646
0.622116 -0.18704
0.21179 0.463131
0.192783 0.604263
0.412039 0.205947
0.842162 -0.734452
0.418061 0.128859
0.0290975 0.806374
0.00576223 0.923053
0.634561 -0.357487
0.422162 0.0795148
0.839383 -0.709307
0.203946 0.527965
0.416239 0.155914
0.441354 -0.0895174
0.826137 -0.513582
0.824856 -0.488826
0.0481706 0.732432
0.625679 -0.242755
0.836134 -0.67245
0.190066 0.622391
0.438522 -0.0725274
0.845674 -0.751842
0.837864 -0.693051
0.0093803 0.900424
0.21436 0.443578
0.000442429 0.978963
0.058224 0.702412
0.187423 0.639216
0.0342468 0.784804
0.409314 0.24216
0.639139 -0.401753
0.185486 0.655951
0.647424 -0.44993
0.0403111 0.760802
0.629832 -0.301198
0.240906 0.278039
0.0259362 0.820526
0.62762 -0.271007
0.196497 0.578302
0.01745 0.860073
0.620232 -0.155751
0.245714 0.260814
0.412978 0.193615
0.832173 -0.614461
0.0359393 0.777934
0.238968 0.2864
0.623945 -0.214937
0.419782 0.107687
0.231132 0.327803
0.19973 0.554887
0.618671 -0.12606
0.834069 -0.64504
0.217712 0.418413
0.832507 -0.622339
0.636529 -0.378202
0.847929 -0.766967
0.201736 0.548377
0.823892 -0.469636
0.426752 0.0291799
0.435209 -0.0487693
0.234612 0.308039
0.420604 0.0978271
0.219996 0.401672
0.216296 0.428965
0.834657 -0.653133
0.235501 0.303364
0.436077 -0.0553839
0.0430584 0.750456
0.424413 0.0540126
0.197081 0.574158
0.620627 -0.162415
0.424413 0.0540126
0.227978 0.346972
0.0121202 0.88543
0.0136772 0.877563
0.0528693 0.717412
0.628452 -0.282616
0.222629 0.382892
0.637709 -0.389325
