23 0.0509764
0.469852 1.49596
0.5 1.82324
0.345689 2.66407
0.133432 2.91876
0.78825 2.61482
0 2.95101
0.5 2.24897
0 3.26
0.00961188 3.06886
0.5 2.4944
0.237005 1.9252
0.347544 2.70993
0.003064 3.29354
0 3.34564
0.859419 0.897191
0.202655 2.98277
0.743679 2.53186
0.697563 2.33702
0.5 2.22042
0.277568 1.96647
0.603509 1.72694
0 3.13347
0.256546 2.10463
0.52715 2.46716
0.0363232 3.11695
0.354998 2.61222
0.613528 1.69924
0.40105 2.26811
0.152971 2.67275
0.275881 2.22957
0.737801 2.64867
0.125513 2.58383
0.27586 2.45772
0.168066 2.50775
0.784967 2.69126
0.337171 2.59773
0.343436 2.8324
0.565246 2.56298
0 3.65698
0 3.59217
0 3.5043
0.716002 2.33597
1 2.21093
0.5 2.08786
0.772819 2.4837
0.666179 1.39182
0.269781 2.55053
0.994373 2.00282
0.445512 1.67998
0.493348 2.12237
0.5 1.93533
0.151791 2.57476
0.558414 2.84579
0.0186808 3.05757
0.466109 2.00653
0.497544 1.92222
0.434421 2.51236
0.0574182 3.00397
0.0792008 3.19928
0.240847 2.40401
0.406841 2.1889
0.258275 2.28436
0.0796325 3.0214
0 3.63249
0.756282 2.55217
0.507976 2.64481
0.392506 2.1113
0.298131 2.50065
0.5 1.96465
0.0809798 3.53728
0.011942 3.3002
0.343132 2.80378
0.0127095 2.84132
0.382143 2.43461
0.21341 2.88043
0 3.32834
0.787226 2.59051
0.574105 2.75914
0.769572 2.6805
0.0210932 3.37712
0.00635661 3.27677
0.291644 2.25744
0.177324 3.09465
0.589379 2.3595
0 3.51934
0.445331 1.9994
0.5 2.59646
0.603702 2.00692
0.314048 2.68288
0.459712 1.63409
0.657155 1.29579
0.313549 2.85254
0.178439 3.17429
0.58773 2.37368
0.170093 2.9773
0.833394 1.229
0.181244 2.74444
0.556293 2.93592
0.5 2.11843
0.245254 2.25985
