10852 20.0016
5.57655e-18 1
0.851832 -0.773369
5.57655e-18 1
0.453882 -0.124218
0.618397 -0.124219
0.652513 -0.458263
0.823332 -0.458264
0.409314 0.242159
0.257763 0.242161
0.182229 0.669651
0.0830013 0.669652
0.433411 -0.0243125
0.053768 0.714729
0.426436 0.0375289
0.423023 0.0696249
0.0444221 0.745493
0.203711 0.524959
0.0361767 0.778716
0.0151512 0.870041
0.206948 0.501688
0.412113 0.204969
0.839742 -0.712885
0.831772 -0.610645
0.0214926 0.840807
0.000646009 0.974573
0.62525 -0.236292
0.230488 0.331385
0.234026 0.311069
0.435227 -0.0489022
0.844339 -0.749901
0.199769 0.554524
0.028765 0.8078
0.637803 -0.390173
0.445504 -0.108527
0.190084 0.622667
0.0643652 0.688376
0.623382 -0.207375
0.641416 -0.419115
0.830619 -0.592101
0.833914 -0.642419
0.00257644 0.949033
0.00580786 0.922737
0.0120625 0.885709
0.409927 0.234372
0.420416 0.100063
0.829308 -0.570824
0.824269 -0.477207
0.626604 -0.256022
0.198366 0.564863
0.237809 0.291776
0.622114 -0.187006
0.620068 -0.152949
0.825291 -0.495602
0.186183 0.646812
0.191701 0.611581
0.426436 0.0375289
0.826538 -0.521138
0.620465 -0.159694
0.241214 0.27764
0.635134 -0.364073
0.213929 0.446822
0.828015 -0.548165
0.249853 0.250302
0.443318 -0.0994051
0.645299 -0.441531
0.639302 -0.403102
0.413884 0.18181
0.224798 0.367924
0.195379 0.586248
0.0709775 0.67747
0.440136 -0.0825977
0.438003 -0.0690762
0.00387207 0.937304
0.194494 0.592458
0.246566 0.258385
0.631745 -0.325496
0.849218 -0.770491
0.227335 0.352036
0.837448 -0.688089
0.418529 0.122961
0.652513 -0.458263
0.210033 0.476592
0.22037 0.399671
0.83467 -0.649253
0.629566 -0.297693
0.845196 -0.754857
0.835883 -0.66928
0.644547 -0.437949
0.416157 0.152611
0.838815 -0.703426
0.00878285 0.903891
0.211308 0.466872
0.826108 -0.513001
0.628043 -0.271707
0.633576 -0.347069
0.0594131 0.69942
0.0395582 0.763659
0.419945 0.105722
0.828397 -0.554988
0.00933767 0.901519
