703970 450.017
0.836141 -0.466238
1.1229e-08 1.80828
0.836141 -0.466238
0.836132 -0.271576
0.45119 0.0463278
0.0502602 0.860874
0.214086 0.741311
0.649253 -0.235737
0.628924 -0.0454916
0.41359 0.383703
0.260103 0.425744
0.0502541 1.19727
2.56403e-08 1.66488
4.08411e-08 1.34459
0.0502544 0.921758
0.427454 0.197638
0.214091 0.566382
0.836141 -0.466238
0.41359 0.383703
8.44424e-06 1.24057
0.214086 0.741311
0.214091 0.566382
2.56403e-08 1.66488
0.427454 0.197638
0.260089 0.490645
0.45119 0.0463278
2.56403e-08 1.66488
2.56403e-08 1.66488
2.56403e-08 1.66488
0.451181 0.074957
0.628941 -0.0963975
0.836141 -0.466238
0.451181 0.074957
0.0502544 0.921758
0.628941 -0.0963975
0.260103 0.425744
0.443903 0.10711
0.0502541 1.19727
0.41359 0.383703
4.08411e-08 1.34459
0.260103 0.425744
0.45119 0.0463278
0.628941 -0.0963975
0.260089 0.490645
0.628924 -0.0454916
0.0502602 0.860874
1.1229e-08 1.80828
0.443903 0.10711
0.41359 0.383703
0.443903 0.10711
0.836141 -0.466238
1.1229e-08 1.80828
0.0502602 0.860874
0.214091 0.566382
0.836132 -0.271576
0.0502541 1.19727
2.56403e-08 1.66488
0.628924 -0.0454916
0.443903 0.10711
0.45119 0.0463278
0.214086 0.741311
4.08411e-08 1.34459
0.443903 0.10711
0.628924 -0.0454916
0.0502602 0.860874
0.649253 -0.235737
0.260103 0.425744
0.0502541 1.19727
0.0502544 0.921758
0.427454 0.197638
0.214091 0.566382
0.41359 0.383703
8.44424e-06 1.24057
0.214091 0.566382
0.45119 0.0463278
2.56403e-08 1.66488
0.451181 0.074957
0.0502544 0.921758
0.628941 -0.0963975
0.443903 0.10711
0.0502541 1.19727
0.41359 0.383703
0.45119 0.0463278
0.628941 -0.0963975
1.1229e-08 1.80828
0.0502602 0.860874
0.443903 0.10711
0.45119 0.0463278
0.214086 0.741311
4.08411e-08 1.34459
0.649239 -0.166477
2.56403e-08 1.66488
0.0502541 1.19727
4.08411e-08 1.34459
1.1229e-08 1.80828
2.56403e-08 1.66488
0.214091 0.566382
0.443903 0.10711
2.56403e-08 1.66488
2.56403e-08 1.66488
