309716 470.036
2.08032e-05 0.995491
0.851828 -0.773369
0.793435 0.467286
0.696776 0.520142
0.486808 0.424839
0.630582 0.0902112
0.653125 -0.0615695
0.826369 -0.0264094
0.264849 0.503196
0.0642522 1.04742
0.813493 0.157925
0.843616 -0.215826
0.896039 0.0740813
0.259394 0.398448
0.83089 -0.122401
0.835998 -0.288684
0.828385 -0.326737
0.285876 0.560555
0.654629 -0.21977
0.142621 1.07099
0.0423975 1.12188
0.896039 0.0740813
0.653125 -0.0615695
0.501342 0.698659
0.288472 0.629564
0.627204 0.0793991
0.501342 0.698659
0.146221 1.15518
0.255983 0.380675
0.843778 -0.314712
0.477826 0.208545
0.65079 -0.328606
0.0783696 0.927302
0.596384 0.63512
0.874303 -0.0770618
0.233568 0.518948
0.435939 0.170802
0.642456 -0.105491
0.126456 0.883084
0.793435 0.467286
0.426479 0.47277
0.843616 -0.213502
0.828385 -0.326737
0.813493 0.157925
0.843616 -0.213502
0.826369 -0.0264094
0.410296 0.649663
0.527661 0.959637
0.58892 0.856378
0.402742 0.763511
0.264849 0.503196
0.486808 0.424839
0.435939 0.164215
0.66353 -0.333438
0.207505 0.736807
0.843616 -0.215826
0.901985 0.424371
0.247765 0.451734
0.686388 0.277924
0.578707 0.919473
0.861958 -0.544118
0.504421 0.668954
0.901985 0.424371
0.859578 -0.702029
0.251877 0.724574
0.678733 0.140507
0.144489 1.16595
0.426479 0.47277
0.126456 0.883084
0.285876 0.560555
0.402742 0.763511
0.65297 -0.156067
0.654629 -0.21977
0.253396 0.33853
0.597212 0.508111
0.65079 -0.328606
0.880126 -0.0483583
0.155357 1.08701
0.840805 -0.388656
0.270225 0.565803
0.861958 -0.544118
0.83089 -0.122401
0.504421 0.668954
0.642456 -0.105491
0.637106 -0.196108
0.247765 0.451734
0.277879 0.536324
0.251877 0.724574
0.0783696 0.927302
0.874303 -0.0770618
0.686388 0.277924
0.677947 0.354261
0.0341108 1.15924
0.247765 0.449756
0.259394 0.398448
0.0423975 1.12188
0.627204 0.0793991
0.270225 0.565803
0.631153 0.0197731
0.430134 0.457423
