1379859 500.01
1.52577e-08 1.61846
0.853557 -0.653944
0.236929 0.588841
0.834816 -0.448402
0.422146 0.20521
0.634529 -0.274234
0.435908 0.0934098
0.0771128 0.851164
0.261327 0.339586
0.0771064 0.93779
0.0771128 0.851164
0.0259903 1.02393
3.51567e-06 1.13121
1.76218e-06 1.35607
0.422146 0.20521
0.422146 0.20521
0.261327 0.339586
0.853538 -0.584527
0.0771128 0.851164
0.634529 -0.274234
3.93728e-07 1.49552
0.261327 0.339586
3.93728e-07 1.49552
1.52577e-08 1.61846
0.236938 0.473412
1.52577e-08 1.61846
0.236938 0.473412
0.0259903 1.02393
0.431579 0.19548
0.435908 0.0934098
0.435891 0.166379
0.853538 -0.584527
0.853557 -0.653944
0.0771064 0.93779
0.63452 -0.218686
0.435891 0.166379
0.435891 0.166379
0.634529 -0.274234
0.236938 0.473412
1.76218e-06 1.35607
0.236929 0.588841
0.853538 -0.584527
1.52577e-08 1.61846
0.634506 -0.117142
0.0771128 0.851164
0.634529 -0.274234
0.0259903 1.02393
3.93728e-07 1.49552
0.0771128 0.851164
0.0771128 0.851164
0.435891 0.166379
0.634529 -0.274234
1.52577e-08 1.61846
0.0259903 1.02393
0.853538 -0.584527
0.261327 0.339586
0.634529 -0.274234
1.76218e-06 1.35607
0.634529 -0.274234
0.261327 0.339586
0.261327 0.339586
0.634529 -0.274234
1.52577e-08 1.61846
0.422146 0.20521
1.76218e-06 1.35607
0.634529 -0.274234
0.0259903 1.02393
0.853538 -0.584527
1.52577e-08 1.61846
1.76218e-06 1.35607
0.0771128 0.851164
0.853538 -0.584527
1.52577e-08 1.61846
0.634506 -0.117142
0.435908 0.0934098
0.0771128 0.851164
0.634529 -0.274234
0.634529 -0.274234
3.93728e-07 1.49552
0.435891 0.166379
0.0771128 0.851164
0.261327 0.339586
0.634529 -0.274234
1.52577e-08 1.61846
0.0259903 1.02393
0.435908 0.0934098
0.261327 0.339586
0.634529 -0.274234
0.431579 0.19548
0.834816 -0.448402
0.261327 0.339586
0.261327 0.339586
0.0259903 1.02393
1.52577e-08 1.61846
0.422146 0.20521
0.853557 -0.653944
0.634497 -0.032787
0.261327 0.339586
1.52577e-08 1.61846
0.834816 -0.448402
