171644 560.09
0 1
0 1
0.851833 -0.773369
0.453882 -0.124218
0.618397 -0.124218
0.652512 -0.458263
0.823332 -0.458265
0.409314 0.242161
0.257762 0.242161
0.182229 0.669652
0.0830015 0.669652
0.0530038 0.717007
0.219274 0.407021
0.210479 0.473174
0.832827 -0.627123
0.639321 -0.403256
0.426461 0.0321842
0.830736 -0.594538
0.422469 0.0759654
0.621685 -0.179982
0.630633 -0.311587
0.845487 -0.756507
0.619483 -0.143004
0.835702 -0.666828
0.632401 -0.333418
0.841726 -0.730905
0.0652522 0.686651
0.624728 -0.227074
0.187588 0.638194
0.0453485 0.742184
0.442808 -0.0969934
0.206893 0.500692
0.622952 -0.200538
0.628143 -0.278327
0.635135 -0.364076
0.225752 0.361507
0.419357 0.113145
0.0284909 0.809462
0.824407 -0.478586
0.828256 -0.551491
0.828973 -0.565073
0.626226 -0.250869
0.0246284 0.825914
0.410664 0.224154
0.00232512 0.953854
0.644482 -0.437515
0.826564 -0.521621
0.421491 0.087336
0.412385 0.20299
0.0375795 0.771391
0.0684482 0.681565
0.243729 0.267326
0.183912 0.660193
0.0790813 0.670476
0.43564 -0.05209
0.413498 0.186829
0.0099593 0.897641
0.0152573 0.869443
0.231909 0.32353
0.430962 -0.0126306
0.651156 -0.457669
0.20228 0.53577
0.634972 -0.362266
0.825575 -0.50283
0.194476 0.592589
0.00657131 0.919607
0.416999 0.143589
0.438581 -0.0728956
0.429382 0.00231797
0.00485835 0.933571
0.200029 0.556844
0.0196243 0.848567
0.204157 0.521577
0.032361 0.79259
0.22828 0.345188
0.442295 -0.0944521
0.0337401 0.786882
0.627356 -0.267257
0.222628 0.383438
0.238387 0.289053
0.209781 0.479576
0.255622 0.242764
0.19106 0.615879
0.0152847 0.869308
0.195882 0.582687
0.190777 0.617729
0.838743 -0.702667
0.433558 -0.0354454
0.415346 0.168186
0.229727 0.336513
0.00987472 0.897765
0.642228 -0.424573
0.0214175 0.840305
0.415455 0.161583
0.219829 0.403291
0.235281 0.304368
0.839502 -0.710501
0.437827 -0.0678835
0.23454 0.308305
0.222266 0.385444
