81591 160.015
1.76318e-17 1
0.851833 -0.773369
1.76318e-17 1
0.823332 -0.458263
0.652511 -0.458263
0.453882 -0.124218
0.618397 -0.124219
0.409314 0.24216
0.257763 0.242161
0.182229 0.669652
0.0830015 0.669652
0.829318 -0.570993
0.439214 -0.0769719
0.228224 0.345404
0.00241164 0.952622
0.0136716 0.877381
0.826156 -0.513938
0.246841 0.257546
0.223911 0.373988
0.620448 -0.159398
0.433467 -0.0346791
0.0199046 0.847265
0.639888 -0.407798
0.0450052 0.743403
0.834138 -0.646011
0.832241 -0.618313
0.422518 0.0754408
0.838501 -0.700072
0.4249 0.0486571
0.830829 -0.596141
0.234052 0.310927
0.208442 0.48881
0.628468 -0.282834
0.00673034 0.916549
0.625968 -0.247066
0.0507647 0.72394
0.0402784 0.760891
0.0649286 0.687271
0.63266 -0.334694
0.0364463 0.775899
0.62374 -0.21303
0.0100995 0.896353
0.842664 -0.738352
0.239693 0.283178
0.44434 -0.103924
0.0283743 0.809479
0.0721127 0.684931
0.634243 -0.354501
0.214777 0.440415
0.220773 0.396071
0.200203 0.55128
0.416731 0.149246
0.205365 0.512381
0.410542 0.227537
0.41313 0.191626
0.421389 0.0980466
0.618397 -0.124219
0.824702 -0.485794
0.625385 -0.23834
0.0783007 0.670849
0.621876 -0.183127
0.198668 0.562586
0.844752 -0.752399
0.0252371 0.823235
0.63665 -0.379372
0.847349 -0.764928
0.022815 0.833965
0.63075 -0.313075
0.0575135 0.704262
0.192574 0.605689
0.415302 0.165327
0.195664 0.586264
0.000859971 0.979173
0.646632 -0.447149
0.42742 0.0219076
0.419638 0.109422
0.253859 0.24416
0.203144 0.529256
0.432617 -0.0274276
0.426593 0.0305041
0.0545381 0.712481
0.835839 -0.668724
0.448244 -0.117072
0.825908 -0.50921
0.429257 0.00355925
0.217548 0.419632
0.414239 0.177243
0.824114 -0.474099
0.196206 0.580379
0.430547 -0.00875613
0.41805 0.128875
0.642846 -0.428452
0.213329 0.454991
0.191659 0.611861
0.237586 0.292877
0.0074636 0.911875
0.635936 -0.372076
0.64264 -0.427186
0.18938 0.626841
0.836224 -0.673289
