10132 20.0009
0 1
0 1
0.851835 -0.773369
0.453884 -0.124218
0.823333 -0.458287
0.652512 -0.458263
0.618397 -0.124221
0.409314 0.242155
0.257763 0.242161
0.18223 0.669647
0.0830029 0.669652
0.0143087 0.874164
0.0256924 0.821153
0.838774 -0.702994
0.83549 -0.660789
0.825074 -0.4931
0.221348 0.391957
0.432944 -0.02781
0.42598 0.036982
0.216115 0.430321
0.627115 -0.26302
0.82938 -0.572063
0.437854 -0.0680623
0.420993 0.0934845
0.640606 -0.413292
0.448482 -0.115125
0.0349011 0.782134
0.827013 -0.529969
0.0396677 0.763236
0.644823 -0.439321
0.229489 0.33748
0.23887 0.286841
0.0667889 0.683852
0.620924 -0.167383
0.418904 0.118594
0.636918 -0.381953
0.0436203 0.748398
0.833755 -0.640609
0.630424 -0.308903
0.632911 -0.339422
0.20946 0.483797
0.841104 -0.722268
0.185509 0.650857
0.198238 0.57134
0.00299418 0.945
0.190465 0.619782
0.233356 0.317664
0.842831 -0.739605
0.0595272 0.699137
0.635893 -0.371892
0.188544 0.632182
0.211371 0.469133
0.416467 0.148689
0.442483 -0.0953974
0.000189953 0.986217
0.423518 0.064002
0.823584 -0.463392
0.623953 -0.21473
0.20317 0.529059
0.413687 0.184366
0.194388 0.593203
0.414506 0.173757
0.61972 -0.14705
0.83091 -0.597455
0.0538631 0.714449
0.199201 0.558678
0.632416 -0.333594
0.82676 -0.525278
0.629248 -0.293449
0.428619 0.009806
0.651072 -0.457593
0.00143381 0.96207
0.642268 -0.424826
0.19352 0.599215
0.42292 0.070797
0.0100501 0.896629
0.411462 0.213568
0.411462 0.213568
0.206081 0.506905
0.0085275 0.905404
0.0483029 0.731987
0.00618427 0.920166
0.0131034 0.880287
0.441288 -0.0891557
0.622334 -0.190579
0.206432 0.504223
0.249475 0.251084
0.430744 -0.0106081
0.0748957 0.673197
0.624743 -0.228578
0.223584 0.376246
0.845891 -0.755137
0.830333 -0.583693
0.438531 -0.0725897
0.201686 0.542431
0.832403 -0.620775
0.0720924 0.676085
0.622601 -0.194903
0.226579 0.356032
0.233254 0.318078
