368396 140.003
1.71045e-07 2.39468
1.71045e-07 2.39468
1.71045e-07 2.39468
0.640383 -0.296165
0.839617 -0.488533
0.422292 0.261055
0.640364 -0.186815
0.451395 -0.0132899
0.234005 0.463991
0.187654 0.896947
2.83281e-07 1.89225
4.30425e-07 1.34549
0.0398773 0.902062
2.83281e-07 1.89225
0.00117358 1.16837
0.427252 0.145486
0.00117358 1.16837
0.233997 0.676739
0.187654 0.896947
0.0398465 0.952091
0.451395 -0.0132899
0.191515 0.757147
0.195083 0.754383
2.83281e-07 1.89225
8.26601e-07 1.23865
0.234002 0.570527
0.234002 0.570527
0.00117358 1.16837
0.451395 -0.0132899
0.195083 0.754383
0.422309 0.22947
0.422331 0.177435
0.640364 -0.186815
2.83281e-07 1.89225
0.0398773 0.902062
0.187654 0.896947
0.640383 -0.296165
0.640381 -0.254065
1.19651e-06 1.20444
0.427252 0.145486
1.19651e-06 1.20444
8.26601e-07 1.23865
1.19651e-06 1.20444
0.422306 0.251638
0.234005 0.463991
0.195083 0.754383
0.640383 -0.296165
0.234005 0.463991
0.422296 0.256724
0.422296 0.256724
0.422292 0.261055
0.0398465 0.952091
0.422331 0.177435
0.640381 -0.254065
8.26601e-07 1.23865
1.71045e-07 2.39468
0.233997 0.676739
0.0398465 0.952091
1.71045e-07 2.39468
0.422331 0.177435
0.451395 -0.0132899
0.422306 0.251638
1.71045e-07 2.39468
0.422292 0.261055
0.00117358 1.16837
0.195083 0.754383
0.195083 0.754383
0.427252 0.145486
2.83281e-07 1.89225
0.0398773 0.902062
0.191515 0.757147
0.234005 0.463991
0.234005 0.463991
0.451395 -0.0132899
0.0398465 0.952091
0.187654 0.896947
0.640364 -0.186815
0.640381 -0.254065
0.427252 0.145486
8.26601e-07 1.23865
0.195083 0.754383
0.422331 0.177435
0.234005 0.463991
0.422296 0.256724
0.422292 0.261055
0.640381 -0.254065
0.233997 0.676739
0.422309 0.22947
0.234002 0.570527
1.71045e-07 2.39468
0.422331 0.177435
0.451395 -0.0132899
0.451395 -0.0132899
0.00117358 1.16837
0.422292 0.261055
0.195083 0.754383
0.195083 0.754383
2.83281e-07 1.89225
0.0398773 0.902062
0.191515 0.757147
