207081 590.079
0.257574 0.249123
0.652613 -0.452675
0.454374 -0.117368
0.0552953 0.719484
0.0832415 0.676973
0.216126 0.446001
0.239784 0.296644
0.0125219 0.896233
0.834152 -0.632533
0.847329 -0.749807
0.203922 0.538228
0.620745 -0.147239
0.0679481 0.69445
0.225592 0.377665
0.627845 -0.262787
0.235735 0.318508
0.22828 0.357334
0.0237053 0.844102
0.211189 0.485308
0.840384 -0.704211
0.0292925 0.81787
0.413041 0.20178
0.0189266 0.870749
0.192134 0.625605
0.838091 -0.684127
0.445874 -0.0948389
0.0404783 0.773949
0.0753827 0.680584
0.0479253 0.75308
0.438901 -0.0617236
0.196448 0.593067
0.828586 -0.547145
0.829759 -0.567381
0.00355817 0.953557
0.449313 -0.110122
0.208041 0.515267
0.82461 -0.47077
0.641899 -0.414327
0.436889 -0.0473301
0.00562298 0.943597
0.432653 -0.0131758
0.63185 -0.319636
0.0366363 0.788891
0.000516332 0.991325
0.419376 0.126459
0.637951 -0.375982
0.63891 -0.391323
0.421791 0.0959091
0.423227 0.0770183
0.25447 0.283032
0.416272 0.164355
0.430765 0.00234951
0.194449 0.605297
9.11416e-05 1.01013
0.646987 -0.439598
0.645023 -0.43285
0.429089 0.0239043
0.417365 0.147146
0.0341016 0.804679
0.633097 -0.325955
0.425464 0.0537014
0.852864 -0.767744
5.00212e-08 1.10523
0.168391 0.753344
0.701816 0.221308
0.284858 0.356121
0.390147 0.513924
0.565715 0.775964
0.667206 -0.366982
0.828422 -0.536105
0.489298 0.158377
0.629468 -0.269636
0.2673 0.273324
0.544435 0.815181
0.628132 -0.260932
0.289203 0.387031
0.254182 0.270321
0.272301 0.295961
0.669096 -0.347963
0.268871 0.280091
0.0920225 0.704805
0.133226 0.780436
0.857973 -0.739906
0.859971 -0.7285
0.331984 0.729874
0.576344 0.657943
0.18241 0.699124
0.187618 0.663296
0.369522 0.713173
0.145833 0.791716
0.0147034 0.894918
0.223882 0.398725
0.342988 0.765257
0.0731282 0.697765
0.508102 0.43187
0.589074 0.446739
0.888259 -0.245672
0.181848 0.704002
0.945982 0.980424
0.150082 0.798702
