297665 450.033
2.04949e-13 1
0.851482 -0.773312
0.792739 0.513958
2.39665e-14 1.08675
0.69901 0.282861
0.85205 -0.651787
0.85024 -0.557446
0.674721 0.312188
0.85393 -0.116145
0.594451 0.421684
0.326264 0.829564
0.412601 0.569118
0.849652 -0.694402
0.989852 0.417434
0.0630234 0.842627
0.795111 0.444365
0.328533 1.08522
0.648109 -0.057099
0.67272 -0.118034
0.441115 0.0801559
0.471407 0.385972
0.415682 0.597996
0.441115 0.0801559
0.664799 -0.311751
0.837327 -0.072974
0.664254 -0.276579
0.484917 0.352478
0.892356 0.461183
0.876493 -0.215472
2.39665e-14 1.08675
0.305592 0.676573
0.644623 -0.0681222
0.289911 0.575715
0.657905 -0.346576
0.548299 1.01616
0.643937 0.0724298
0.252913 0.742049
0.238403 0.575202
0.619032 0.119204
0.677738 0.215098
0.548299 1.01616
0.850883 -0.439758
0.640029 -0.226514
0.892356 0.461183
0.67272 -0.118034
0.37402 1.24968
0.837327 -0.072974
0.452749 0.0468296
0.879631 -0.374173
0.389332 0.681171
0.627488 -0.13123
0.0599518 0.767054
0.401535 0.666462
0.884692 -0.258566
0.902085 0.176667
0.845979 -0.191451
0.85024 -0.557446
0.82419 0.148821
0.83724 -0.213498
0.809122 -0.0837623
0.664254 -0.276579
0.902085 0.176667
0.644623 -0.0681222
0.877113 -0.411406
0.37402 1.24968
0.867925 -0.564154
0.395334 0.816783
0.285703 0.829669
0.885089 -0.20996
0.85222 -0.422768
0.218701 0.597764
0.51743 0.674646
0.856277 -0.67887
0.452749 0.0468296
0.415682 0.597996
0.439727 0.164237
0.140633 1.31182
0.00614316 1.15185
0.698818 0.411838
0.0800815 0.848242
0.664799 -0.311751
0.00614316 1.15185
0.47073 0.304287
0.85205 -0.651787
2.72011e-14 1.06065
0.876493 -0.215472
0.827172 0.0486311
0.884692 -0.258566
0.594451 0.421684
0.84583 -0.250475
0.698818 0.411838
0.0630234 0.842627
0.648109 -0.057099
0.0599518 0.767054
0.675742 0.0178701
0.218701 0.597764
0.217913 0.87177
0.874911 -0.372567
0.862967 -0.578203
0.885089 -0.20996
