120712 300.042
0.851833 -0.773369
5.55112e-17 1
0.823332 -0.458264
0.652512 -0.458263
0.618397 -0.124219
0.453882 -0.124218
0.409314 0.242161
0.257762 0.242161
0.182229 0.669652
0.0830014 0.669652
0.216627 0.426525
0.184819 0.654933
0.835771 -0.667855
0.641862 -0.421984
0.190855 0.617214
0.246522 0.258439
0.0258413 0.820755
0.630672 -0.31209
0.829923 -0.581242
0.0300398 0.802355
0.622387 -0.191434
0.620724 -0.164045
0.23411 0.310613
0.421793 0.0838065
0.838972 -0.705072
0.227729 0.348565
0.197086 0.581422
0.040719 0.759211
0.412642 0.198014
0.22512 0.365746
0.23145 0.325662
0.410973 0.22005
0.0702017 0.680064
0.433853 -0.0378978
0.417679 0.133482
0.633755 -0.348859
0.240487 0.290748
0.220487 0.398128
0.415335 0.163093
0.192414 0.606773
0.0188485 0.852938
0.445083 -0.106926
0.209719 0.479002
0.0526394 0.71811
0.843554 -0.74477
0.0204519 0.844735
0.0572153 0.705054
0.647491 -0.45015
0.84627 -0.760395
0.82505 -0.492641
0.431299 -0.0157173
0.0351311 0.781277
0.241433 0.275901
0.619343 -0.140603
0.832147 -0.616877
0.0133936 0.878798
0.222256 0.388919
0.436235 -0.0564792
0.429758 -0.00126195
0.00439427 0.933108
0.212652 0.456545
0.0462699 0.738943
0.428094 0.019084
0.438229 -0.0705917
0.414381 0.175385
0.625864 -0.245518
0.831207 -0.602111
0.255566 0.242796
0.828039 -0.54854
0.0624571 0.692351
0.824249 -0.476804
0.440963 -0.0873596
0.0830014 0.669652
0.833687 -0.63964
0.84098 -0.724486
0.453882 -0.124218
0.00952078 0.89962
0.624905 -0.231068
0.0479087 0.733314
0.203873 0.523732
0.826359 -0.517776
0.0373183 0.772428
0.636486 -0.377782
0.834344 -0.648861
0.00784563 0.90951
0.207481 0.496672
0.424081 0.0577004
0.627295 -0.266389
0.199511 0.556397
0.826642 -0.523089
0.638765 -0.398614
0.42016 0.103127
0.00248766 0.949929
0.198224 0.56583
0.639305 -0.40312
0.0126726 0.882514
0.426278 0.0375338
0.212378 0.458634
0.0663886 0.686116
0.827897 -0.546078
