176176 570.125
0.852798 -0.770599
0.852798 -0.770599
1.66533e-16 1.00358
1.66533e-16 1.00358
0.647098 -0.370482
0.627643 -0.18269
0.453255 -0.121094
0.819639 -0.375757
0.409427 0.244801
0.25621 0.245551
0.0776541 0.675425
0.182319 0.672781
0.822552 -0.439205
0.414574 0.176109
0.825754 -0.503283
0.425895 0.0411704
0.831268 -0.599444
0.842158 -0.73152
0.00518702 0.932894
0.82816 -0.548273
0.83448 -0.647579
0.21138 0.470661
0.190021 0.627585
0.222153 0.390195
0.430622 -0.00629548
0.216475 0.431647
0.627643 -0.18269
0.205736 0.51543
0.421158 0.0944819
0.196061 0.585472
0.838039 -0.692133
0.0395872 0.770819
0.0478233 0.738391
0.0168235 0.866869
0.0310337 0.802504
0.418532 0.126389
0.0239619 0.833957
0.435031 -0.0433178
0.0102636 0.901187
0.201141 0.550651
0.0570441 0.710205
0.440259 -0.07965
0.23076 0.333599
0.240651 0.282852
0.0670862 0.688791
0.000250979 0.988881
0.22809 0.351368
0.23891 0.291642
0.446025 -0.107383
0.183666 0.665741
2.87659e-05 0.9997
0.446025 -0.105566
1.44127e-06 1.00647
0.240651 0.282912
0.000250979 0.989273
2.87659e-05 1.00059
0.446025 -0.105549
2.87659e-05 1.00116
0.240651 0.282923
0.000250979 0.989477
0.446025 -0.104789
2.87659e-05 1.00131
0.240651 0.283173
0.000250979 0.991255
0.446025 -0.10442
2.87659e-05 1.00187
0.240651 0.283672
0.446025 -0.104042
2.87659e-05 1.00202
0.240651 0.283718
0.240651 0.283788
2.87659e-05 1.00211
0.240651 0.283922
2.87659e-05 1.00271
0.240651 0.283983
2.87659e-05 1.00272
0.240651 0.284107
2.87659e-05 1.00357
0.240651 0.284113
2.87659e-05 1.00477
0.240651 0.284407
0.240651 0.284418
0.240651 0.285045
0.240651 0.285053
0.240651 0.285072
0.240651 0.285212
0.240651 0.285252
0.240651 0.285328
0.240651 0.285439
0.240651 0.28553
0.240651 0.285552
0.240651 0.285645
0.240651 0.285727
0.240651 0.285802
0.240651 0.285864
0.240651 0.285947
0.240651 0.286198
0.240651 0.28625
0.240651 0.286254
0.240651 0.286478
