167140 450.057
0.5 0.292893
0.5 0.294898
0 1
0.6009 0.210279
0.290683 0.378461
0.364212 0.73244
0.35003 0.760739
0.194213 0.594733
0.375449 0.652029
0.17395 0.710892
0.0932765 0.675145
0.278245 0.301683
0.512548 0.48507
0.570359 0.704705
0.5 0.293446
0.189727 0.628457
0.737493 0.825275
0.976826 0.663042
0 1.00137
0.178002 0.694903
0 1.00434
0.495024 0.227859
0.5 0.29433
0.511486 0.470502
0 1.00194
0.540953 0.790251
0 1.00048
0.519851 0.584946
0.0454063 0.744287
0.245871 0.262427
0.554004 0.810269
0.43325 -0.0310166
0 1.00337
0.461789 -0.105013
0.625623 -0.241197
0.5 0.293145
0.5 0.296052
0.857883 -0.753428
0.33662 0.729655
0.5 0.301745
0.179568 0.683798
0.466988 -0.0837823
0.48341 0.0656866
0.257064 0.242225
0.496807 0.246854
0.986521 0.415362
0.726257 0.68577
0.5 0.297255
0.5 0.29888
0.135069 0.75508
0 1.00278
0.832038 -0.608514
0.0359368 0.780878
0 1.00178
0.602931 0.168754
0.230411 0.33869
0.5 0.296178
0.0250286 0.824982
0.705028 0.275466
0.412526 0.204762
0.503989 0.358546
0.0160908 0.865652
0.209767 0.478693
0 1.00156
0.781356 0.557945
0.258927 0.246663
0.5 0.292995
0.5 0.296087
0.188429 0.632949
0.298134 0.440067
0.251067 0.253377
0.424735 0.0535356
0.343438 0.753645
0.5 0.304642
0 1.00176
0.5 0.294325
0.0723408 0.678144
0.218628 0.412066
0.0218808 0.843866
0.32266 0.6444
0.123236 0.732199
0.499337 0.287735
0.5 0.310674
0 1.00246
0.610118 0.0292392
0.651017 -0.456088
0.366621 0.712271
0.0885853 0.676167
0.109909 0.70343
0.411926 0.209476
0.166818 0.737455
0.157686 0.75736
0.5 0.296854
0.5 0.295709
0.401367 0.351036
0 1
0.0617945 0.69781
0.00910419 0.905916
0.377034 0.638747
0.210973 0.471269
