28 0.0623361
0.5 1.34769
0.104266 2.53937
0.5 2.14333
0.238329 1.76282
0 3.20546
0 3.24996
0.864035 0.856626
0.783473 1.94579
0 3.05999
0.0642946 2.20755
0.146325 2.2892
0 2.64213
0.907996 1.7051
0.163873 2.29053
0.392498 2.23301
0.0175398 2.86552
0.721341 2.03713
0 2.60659
0.682257 1.48204
0 3.05598
0.419448 1.74469
0.0964291 2.35543
0.176204 2.41973
0 2.87214
0.0062775 2.78404
0.471912 1.56881
0 2.83853
0.623129 1.49921
0.5 1.90023
0.560722 2.65801
0.699701 1.76359
0.505545 1.82914
0.5 2.12578
0.250744 1.77254
0.585283 1.83476
0.00303654 2.39768
0 2.91604
0.633993 1.09
0.271958 1.58317
0.284497 2.07152
0 3.08741
0 2.64149
0.336006 2.12227
0.717595 2.13943
0.591052 2.15594
0.169923 2.78117
0.5 2.04108
0.130594 2.69758
0.5 2.17417
0.237187 2.26716
0 3.0107
0 2.59525
0.5 2.14365
0.512513 1.82061
0.5 1.6438
0.583997 2.65962
0.27943 2.19165
0.552744 2.289
0.419259 1.87226
0.923885 1.85269
0.315113 2.05618
0.662675 1.25435
0 3.34786
0 2.66909
0.154681 2.57794
0.197592 3.06742
0.5 1.88439
0 3.23976
0.262858 2.14731
0.182159 2.21941
0.355747 2.81135
0.623227 1.8268
0.122654 2.21261
0 2.79254
0.32617 2.4837
0.622936 1.08862
0.863624 0.76529
0.608101 1.62115
0.228265 2.00072
0.0676945 2.28262
0.635729 1.40076
0.520384 2.4282
0.644134 1.56429
0.432591 1.56701
0.5 2.02376
0.145079 3.1317
0.011151 3.25673
0.650974 1.67561
0.5 1.56747
0.454589 1.61048
0 2.90229
0 3.11925
0.567761 2.67197
0.290872 2.1001
0.0529705 2.5991
0 2.8966
0.409523 2.21387
0.497377 2.04957
0.224202 2.13006
0 3.23763
