182769 520.073
0.652613 -0.452675
0.453594 -0.117072
0.257574 0.249123
0.0832415 0.676973
0.227403 0.363652
0.437302 -0.0522224
0.0113039 0.898215
0.0722002 0.684295
0.43112 -0.00230224
0.196953 0.58695
0.627707 -0.26081
0.233315 0.330154
0.637951 -0.380062
0.633569 -0.335951
0.84532 -0.74444
0.063228 0.703268
0.243387 0.275646
0.208107 0.502183
0.220616 0.411255
0.0465364 0.748648
0.427936 0.0315433
0.000398673 0.995319
0.191864 0.622796
0.0216933 0.856644
0.421268 0.104452
0.413732 0.19856
0.00402813 0.955064
0.445456 -0.0991968
0.239219 0.299172
0.423228 0.0781573
0.416429 0.17416
0.187537 0.650717
0.644835 -0.432182
0.630122 -0.292312
0.622244 -0.177977
0.442056 -0.0828525
0.250914 0.260083
0.835963 -0.661673
0.202768 0.547357
0.642425 -0.418021
0.0151845 0.884269
0.215526 0.451591
0.0321469 0.804993
0.0524871 0.730638
0.839786 -0.700743
0.0397974 0.774599
0.841652 -0.719487
0.205166 0.525848
0.828585 -0.545431
0.832792 -0.615636
0.0298558 0.818604
0.217104 0.4355
0.620903 -0.158866
0.827674 -0.529599
0.824356 -0.46815
0.0566521 0.723013
0.00174087 0.973459
0.0266507 0.843872
0.0378703 0.785229
0.834322 -0.636345
0.832503 -0.577628
0.852864 -0.767744
5.00212e-08 1.10523
0.147376 0.807259
0.0946085 0.719785
0.673488 -0.293422
0.503086 0.367622
0.932493 0.856475
0.312486 0.59074
0.163237 0.780205
0.218485 0.455932
0.516999 0.568686
0.2187 0.458078
0.25542 0.272378
0.492134 0.229688
0.892609 -0.121911
0.331331 0.730711
0.371936 0.715541
0.306953 0.554115
0.231841 0.363304
0.0535872 0.754552
0.37555 0.686467
0.75593 0.900023
0.902273 0.141905
0.527001 0.700343
0.816558 -0.275964
0.898383 0.0323158
0.414503 0.20051
0.964187 0.913832
0.788785 0.413751
0.493842 0.242785
0.797606 0.189245
0.126556 0.77003
0.0306946 0.846466
0.77481 0.698236
0.458008 -0.087488
0.810185 -0.120185
0.189135 0.664537
0.606729 0.134728
0.292467 0.437105
