57230 100.008
0.453695 -0.120218
0.652602 -0.454025
0.256576 0.247099
0.0806454 0.675781
0.0071171 0.923179
0.00201584 0.96845
0.840654 -0.71407
0.0360447 0.787415
0.0287402 0.816322
0.834994 -0.647111
0.229128 0.349606
0.235189 0.311634
0.43231 -0.0150265
0.435798 -0.0461498
0.224411 0.376526
0.627358 -0.257909
0.220542 0.405015
0.428906 0.026209
0.629498 -0.288409
0.852036 -0.769091
0.207791 0.504762
0.194481 0.59984
0.0201501 0.854165
0.830628 -0.584275
0.827648 -0.534486
0.623256 -0.197048
0.442736 -0.0910251
0.199255 0.567097
0.424563 0.063359
0.825808 -0.501596
0.0497465 0.734581
0.0430488 0.760921
0.447135 -0.103226
0.832621 -0.617787
0.636794 -0.359545
0.0236631 0.839518
0.186377 0.654477
0.633787 -0.341499
0.245658 0.270789
0.252864 0.253747
0.239319 0.295977
0.44022 -0.0698212
0.216422 0.438687
0.419042 0.130567
0.0631459 0.700393
0.0576564 0.717438
0.205108 0.525986
0.417028 0.156043
0.213332 0.458185
0.421192 0.0997381
0.243134 0.280307
0.411834 0.225052
0.414774 0.180061
0.646031 -0.439411
0.0682841 0.690279
0.189787 0.633468
0.413579 0.196827
0.191403 0.622578
0.620898 -0.157982
0.046158 0.750056
0.641199 -0.411701
0.852036 -0.769091
1.00532e-07 1.06
0.208115 0.501285
0.217043 0.432521
0.562993 0.774742
0.646741 -0.441326
0.28952 0.378958
0.477567 0.00643991
0.652026 -0.452179
0.494023 0.212073
0.630371 -0.299799
0.726833 0.697769
0.390097 0.500317
0.372112 0.684801
0.529278 0.701172
0.480688 0.042246
0.483724 0.0729021
0.352276 0.764677
0.526044 0.667862
0.238668 0.296207
0.57771 0.617808
0.319871 0.628869
0.417641 0.140904
0.419088 0.12374
0.692735 0.0164562
0.746082 0.883952
0.592689 0.372155
0.560782 0.786529
0.585662 0.497276
0.618641 -0.120057
0.629405 -0.289371
0.396278 0.424364
0.415496 0.169837
0.395039 0.439482
0.445635 -0.101818
0.415325 0.170088
0.588958 0.440286
0.89099 -0.186815
0.344266 0.757894
