127348 430.073
0.852629 -0.772334
0.852629 -0.772334
4.85723e-17 1.00166
4.85723e-17 1.00166
0.45309 -0.121181
0.823001 -0.449769
0.651957 -0.449758
0.620135 -0.146488
0.411572 0.214249
0.258367 0.243856
0.080731 0.671805
0.182258 0.67178
0.640175 -0.406637
0.630119 -0.293594
0.416233 0.154227
0.834375 -0.647767
0.828882 -0.56174
0.422224 0.0809973
0.439825 -0.0761709
0.82647 -0.518331
0.0560469 0.710644
0.625801 -0.241674
0.432856 -0.0260033
0.242857 0.273231
0.00726417 0.915595
0.622542 -0.191181
0.0142352 0.876897
0.235264 0.306669
0.0017165 0.96123
0.0217287 0.841277
0.83839 -0.697215
0.068889 0.683018
0.224409 0.372511
0.198119 0.568564
0.228468 0.345889
0.0290424 0.809589
0.203247 0.530932
0.0435418 0.751147
0.189496 0.628554
0.218459 0.414914
0.426519 0.033888
0.212001 0.46319
0.193784 0.599671
0.428649 0.0124969
0.0355708 0.782392
0.844781 -0.751001
0.841349 -0.726267
0.183922 0.662391
0.040668 0.762708
0.207187 0.500969
0.207187 0.500969
0.215508 0.436993
0.215508 0.436993
0.852629 -0.771621
0.040668 0.762826
0.224409 0.372573
0.183922 0.662486
0.0435418 0.751405
0.203247 0.530964
0.212001 0.464002
0.218459 0.415038
0.215508 0.437237
0.852629 -0.771593
0.040668 0.763168
0.224409 0.372923
0.183922 0.66253
0.212001 0.464014
0.218459 0.415371
0.215508 0.437265
0.852629 -0.771574
0.040668 0.763331
0.215508 0.437386
0.183922 0.66253
0.212001 0.464083
0.852629 -0.771402
0.183922 0.662535
0.215508 0.437401
0.852629 -0.771329
0.183922 0.662644
0.215508 0.437433
0.852629 -0.77128
0.183922 0.66265
0.215508 0.437564
0.852629 -0.771274
0.183922 0.662983
0.215508 0.437594
0.852629 -0.77116
0.215508 0.437608
0.852629 -0.771136
0.215508 0.437858
0.852629 -0.771074
0.215508 0.438067
0.852629 -0.770997
0.215508 0.438357
0.852629 -0.770983
0.215508 0.438718
0.852629 -0.770891
0.215508 0.438877
0.852629 -0.77067
0.215508 0.439251
