822766 300.006
2.90828e-09 1.47718
0.842595 -0.68513
0.842589 -0.499198
0.625036 -0.156068
0.842589 -0.499198
0.4488 0.0286034
0.4488 0.0286034
0.415766 0.342072
0.259244 0.367942
0.217781 0.628856
0.259213 0.40416
0.202538 0.687926
0.0750456 0.80621
0.0380999 0.990309
3.10036e-06 1.11847
0.4488 0.0286034
0.4488 0.0286034
0.842595 -0.68513
0.415775 0.297502
2.0579e-06 1.28745
0.647117 -0.243051
0.647119 -0.243414
0.0750456 0.80621
0.415766 0.342072
0.428522 0.125176
0.217781 0.628856
0.202548 0.667807
0.415775 0.297502
2.0579e-06 1.28745
0.428522 0.125176
1.84736e-06 1.35198
0.647117 -0.243051
0.448799 0.0673361
0.415775 0.297502
2.0579e-06 1.28745
6.77545e-07 1.46124
0.217781 0.628856
0.4488 0.0286034
0.448799 0.0673361
2.0579e-06 1.28745
0.259213 0.40416
0.202548 0.667807
0.202538 0.687926
0.4488 0.0286034
2.90828e-09 1.47718
0.647119 -0.243414
0.842595 -0.68513
0.415775 0.297502
0.415775 0.297502
0.259213 0.40416
0.448799 0.0673361
0.842595 -0.68513
2.90828e-09 1.47718
1.84736e-06 1.35198
0.428522 0.125176
1.63842e-06 1.41471
0.259244 0.367942
0.202538 0.687926
0.428522 0.125176
2.0579e-06 1.28745
0.448799 0.0673361
0.202538 0.687926
0.0750456 0.80621
2.90828e-09 1.47718
0.415775 0.297502
0.428522 0.125176
0.842595 -0.68513
0.259244 0.367942
1.84736e-06 1.35198
2.90828e-09 1.47718
0.448799 0.0673361
0.842589 -0.499198
0.259244 0.367942
0.0380999 0.990309
3.10036e-06 1.11847
0.4488 0.0286034
0.415775 0.297502
2.0579e-06 1.28745
0.415766 0.342072
0.217781 0.628856
0.202548 0.667807
0.428522 0.125176
1.84736e-06 1.35198
0.647117 -0.243051
6.77545e-07 1.46124
0.217781 0.628856
0.448799 0.0673361
0.202548 0.667807
0.4488 0.0286034
0.415775 0.297502
0.448799 0.0673361
0.842595 -0.68513
0.625036 -0.156068
1.63842e-06 1.41471
0.259244 0.367942
0.202538 0.687926
0.428522 0.125176
2.0579e-06 1.28745
0.0750456 0.80621
0.842595 -0.68513
