14720 20.0015
6.00768e-48 1
0.852789 -0.771875
0.060191 0.82076
0.862777 -0.497336
0.0119432 0.943686
0.469624 0.234081
0.664228 -0.188891
0.256925 0.496576
0.583713 0.626231
0.699559 0.423396
0.02049 0.884977
0.839191 -0.324477
0.26083 0.371912
0.6556 -0.378552
0.699559 0.423396
0.417522 0.184667
0.47117 0.114683
0.060191 0.82076
0.183563 1.33593
0.34376 0.962148
0.878975 -0.265054
0.6556 -0.378552
0.26921 0.375253
0.817304 0.0578451
0.826581 -0.408629
0.264644 0.363099
0.120879 0.876013
0.828587 -0.517664
0.826581 -0.408629
0.20934 0.639695
0.864284 -0.327385
0.693132 0.0741771
0.477779 0.270315
0.46212 0.0500792
0.347124 1.1401
0.244112 0.426234
0.0940038 0.828992
0.02049 0.884977
0.422733 0.361988
0.264644 0.363099
0.0119432 0.943686
0.511068 0.69058
0.817304 0.0578451
0.248433 0.350546
0.0865823 0.823769
0.172212 0.82238
0.817304 0.0606937
0.183563 1.33593
0.679493 -0.156556
0.416649 0.373227
0.336218 0.813173
0.840167 -0.573533
0.634785 -0.226992
0.818251 0.106586
0.647385 -0.215935
0.683588 -0.00777387
0.635413 -0.0639963
0.477776 0.318514
0.383467 0.647383
0.441281 0.0164974
0.427363 0.289977
0.427363 0.289977
0.882052 -0.149464
0.882604 -0.236956
0.853881 -0.471223
0.647385 -0.21154
0.846033 -0.656694
0.847563 -0.603115
0.907161 0.60568
0.47117 0.114683
0.482863 0.19003
0.647385 -0.21154
0.903161 0.236916
0.663599 -0.357886
0.649943 -0.17419
0.477779 0.270315
0.856973 -0.686912
0.435245 0.00174408
0.664228 -0.188891
0.662521 -0.171793
0.249452 0.447724
0.441281 0.0164974
0.847563 -0.603115
0.469624 0.234081
0.331689 0.805845
0.120879 0.876013
0.331689 0.805845
0.43861 0.071963
0.682132 -0.0212897
0.201942 0.753634
0.864284 -0.327385
0.84344 -0.30321
0.256925 0.496576
0.616986 0.0720142
0.331689 0.801971
0.828587 -0.517664
0.331689 0.801971
0.862777 -0.497336
0.26921 0.375253
0.712844 0.606285
