299354 580.061
0.652704 -0.455715
0.453847 -0.121566
0.258086 0.245253
0.200263 0.558932
0.0422534 0.759759
0.0844154 0.673198
0.219771 0.408723
0.639432 -0.400874
0.837385 -0.682631
0.632108 -0.321774
0.43459 -0.0375215
0.236192 0.305431
0.187884 0.641521
0.830948 -0.592303
0.430026 0.00267306
0.227038 0.359811
0.247212 0.261996
0.195458 0.591067
0.0133908 0.884528
0.212897 0.460969
0.626616 -0.248968
0.824398 -0.475489
0.00154922 0.966782
0.646119 -0.440881
0.2422 0.280338
0.230403 0.338505
0.023261 0.839933
0.843545 -0.740003
0.412678 0.202344
0.629659 -0.293424
0.417781 0.137745
0.426365 0.0388512
0.832447 -0.611691
0.0681322 0.686749
0.0764028 0.67628
0.0201282 0.858804
0.0314025 0.803882
0.415221 0.172694
0.642494 -0.42149
0.00642207 0.927174
0.00976982 0.90782
0.444608 -0.0999777
0.449848 -0.114837
0.00326255 0.949049
0.420756 0.104806
0.21448 0.451145
0.0507881 0.736212
0.0296603 0.813027
0.0566993 0.717297
0.624702 -0.205999
0.622343 -0.171695
0.423803 0.066568
0.422367 0.0816391
0.840771 -0.714274
0.052917 0.728138
0.440343 -0.0764011
0.0627656 0.697913
0.060778 0.703216
0.441713 -0.0853215
0.255935 0.250054
0.841775 -0.726402
0.85212 -0.770998
3.29524e-10 1.04233
0.805805 -0.0228188
0.776602 0.657245
0.574749 0.666828
0.889167 -0.226741
0.0117027 0.907016
0.647089 -0.430556
0.665751 -0.384625
0.235872 0.324544
0.786913 0.441507
0.88139 -0.404675
0.194516 0.611713
0.799803 0.128651
0.313343 0.590443
0.679691 -0.217397
0.323938 0.667616
0.869713 -0.630682
0.885927 -0.305686
0.620161 -0.13875
0.375913 0.665164
0.286103 0.36571
0.563167 0.78009
0.569414 0.73434
0.159736 0.766838
0.174185 0.723565
0.369245 0.709921
0.979958 0.601254
0.0718772 0.700444
0.36673 0.723241
0.782312 0.539235
0.789537 0.381471
0.853918 -0.756955
0.896935 -0.0227803
0.923307 0.669131
0.538908 0.792358
0.609323 0.0674142
0.962371 0.920701
0.158623 0.770264
