34 0.0759848
0.51162 2.04928
0.452075 1.46231
0.476242 1.20832
0.229492 1.97871
0.29268 1.83636
0.051438 2.53239
0.606405 1.5456
0.558925 2.39831
0 2.50501
0.704732 1.68362
0.687365 1.41724
0.11122 1.74269
0.183379 2.39232
0.249393 1.83629
0.600177 1.77003
0.5 1.66521
0.556968 2.48734
0.484113 1.43236
0 3.04132
0.429528 1.50305
0.614853 1.51643
0 2.80092
0.0530442 2.36884
1 1.75996
0.0772663 2.29945
0 2.52749
0.5 1.73847
0.738389 2.19397
0.519366 2.34103
0 3.05422
0.5 1.49994
0.5 2.20127
0.623569 0.816582
0.525041 2.45268
0.253961 2.03761
0.537807 2.39872
0.530895 2.09556
0.433994 1.13347
0.5 1.93138
0 2.7002
0.734147 2.27915
0.97988 1.91569
0 2.40014
0.617166 1.6311
0 3.16461
0.0172243 2.28681
0.40455 2.10111
0.175998 2.63577
0.843387 0.817201
0 2.66524
0.5 1.91508
0.820086 1.6341
0 2.53621
0 3.01518
0.605533 1.58974
0.639218 0.987628
0.197824 2.50217
0.0512192 2.49842
0.0150739 2.34214
0.628838 1.16717
0.194438 2.27688
0.191042 2.20802
0.706148 1.83668
0.338597 2.27111
0.849098 0.679019
0.423196 1.44426
0.805529 1.61838
0.144592 2.80688
0 2.6994
0.0673296 2.57014
0.557951 2.46555
0.151116 2.48583
0 2.99166
0.5 1.78272
0.427434 1.42666
0.5 1.72014
0 2.77717
0 2.8129
0.246973 1.72238
0.36767 2.15373
0.433963 1.19618
0 2.74989
0.517583 2.16498
0.204346 2.177
0.190542 1.89435
0 2.50371
0.546404 2.26209
0.5 1.89062
0.631595 1.35666
0.0632875 2.60299
0.15189 2.30674
0.806195 1.65748
0.226312 1.84525
0.5 1.79089
0.5 1.7088
0.561748 2.38366
0 2.73926
0.5 1.9741
0.105834 2.26416
0.511746 2.08955
