66829 60.0026
0.000166721 0.987088
0.851665 -0.773165
0.125364 0.971597
0.637227 -0.150183
0.653176 -0.304788
0.000312264 1.10418
0.856608 -0.717386
0.63507 -0.128716
0.661042 -0.270198
0.209024 0.674937
0.656902 -0.28937
0.253704 0.501644
0.463193 0.0601003
0.000312264 1.10418
0.848904 -0.515027
0.148432 0.94102
0.48844 0.405984
0.837018 -0.48442
0.088337 0.798467
0.876804 -0.321487
0.878598 -0.247627
0.253704 0.501644
0.831758 -0.167532
0.661042 -0.270198
0.616759 0.0631964
0.838086 -0.45401
0.861431 -0.470683
0.411709 0.393933
0.653176 -0.304788
0.234373 0.634222
0.392363 0.70539
0.837018 -0.48442
0.862866 -0.415582
0.432568 0.277186
0.280523 0.68624
0.677898 0.3655
0.856924 -0.51393
0.879544 -0.0869801
0.838608 -0.459957
0.125364 0.971597
0.255668 0.446662
0.838027 -0.523639
0.234373 0.634222
0.856924 -0.51393
0.856608 -0.717386
0.00166326 1.07992
0.827861 -0.389844
0.876804 -0.321487
0.474689 0.181848
0.656902 -0.28937
0.837745 -0.526321
0.883884 -0.16215
0.65762 -0.300812
0.463193 0.0601003
0.652151 -0.351345
0.838115 -0.413882
0.840292 -0.458756
0.835368 -0.345503
0.856938 -0.495023
0.164004 0.966312
0.0302406 0.889485
0.839938 -0.42577
0.209024 0.674937
0.384577 0.784491
0.856938 -0.495023
0.886335 -0.125663
0.0288726 0.873738
0.637227 -0.150183
0.835368 -0.345503
0.839938 -0.42577
0.212734 0.65966
0.327519 0.885672
0.618845 0.217464
0.317164 0.985996
0.617584 -0.0267974
0.212734 0.65966
0.459069 0.0765091
0.850178 -0.449168
0.148432 0.94102
0.618845 0.217464
0.837534 -0.264484
0.696128 0.433335
0.392363 0.70539
0.088337 0.798467
0.623304 0.0826172
0.881943 -0.158251
0.862839 -0.524723
0.827861 -0.389844
0.862839 -0.524723
0.00166326 1.07992
0.851444 -0.441498
0.881943 -0.158251
0.854952 -0.62265
0.414367 0.298443
0.850178 -0.449168
0.854952 -0.62265
0.63507 -0.128716
0.838027 -0.523639
0.392266 0.7952
0.84484 -0.60122
