131120 240.025
0.851833 -0.773369
5.57655e-18 1
5.57655e-18 1
0.823332 -0.458264
0.618397 -0.124219
0.652512 -0.458263
0.453882 -0.124218
0.257762 0.242161
0.409314 0.242159
0.0830016 0.669652
0.182229 0.669652
0.832588 -0.623553
0.624699 -0.227911
0.82435 -0.478825
0.428586 0.0101319
0.413318 0.189167
0.641518 -0.419826
0.631786 -0.325993
0.82934 -0.571387
0.649192 -0.454702
0.0130559 0.886835
0.0352286 0.780824
0.838125 -0.695916
0.627566 -0.269902
0.432266 -0.0243198
0.207035 0.49968
0.229785 0.335661
0.00391253 0.93697
0.446285 -0.111294
0.00126408 0.964403
0.829134 -0.567829
0.442147 -0.0916807
0.629458 -0.296252
0.197053 0.574313
0.0229126 0.833527
0.418076 0.128557
0.636915 -0.381928
0.82665 -0.523225
0.188431 0.6329
0.826708 -0.524307
0.191122 0.615445
0.185395 0.653884
0.634646 -0.350371
0.639924 -0.408083
0.621079 -0.169963
0.0187201 0.852793
0.200587 0.54843
0.225515 0.363095
0.220157 0.400517
0.839657 -0.712046
0.0477367 0.735891
0.247263 0.256395
0.623422 -0.206326
0.426497 0.0315195
0.83411 -0.64561
0.210043 0.476522
0.23521 0.304893
0.835543 -0.664911
0.622264 -0.18944
0.0287075 0.808066
0.054764 0.711843
0.216785 0.42533
0.415778 0.157432
0.0440506 0.746835
0.0524386 0.720518
0.0307672 0.799275
0.0102732 0.895453
0.213036 0.453614
0.420424 0.0999715
0.228313 0.344841
0.635405 -0.366893
0.252209 0.246193
0.215921 0.431776
0.223546 0.381773
0.20441 0.519651
0.436873 -0.0611839
0.194121 0.59506
0.240064 0.281577
0.42464 0.0517732
0.00739274 0.912321
0.420079 0.108767
0.43465 -0.0443622
0.841885 -0.732218
0.237349 0.293967
0.4114 0.214409
0.0404095 0.760399
0.411169 0.217461
0.00613068 0.920531
0.842737 -0.7389
0.0605572 0.69666
0.416227 0.151736
0.422563 0.0748796
0.0728015 0.675275
0.422374 0.0770653
0.452326 -0.123671
0.409314 0.242159
0.439098 -0.0737717
0.845459 -0.756356
0.0777762 0.67112
0.195054 0.588541
