443743 280.01
0.841984 -0.51893
0.841984 -0.51893
1.73472e-08 2.11343
0.827374 -0.306679
0.630072 -0.0816992
0.217153 0.534029
0.630072 -0.0816992
0.217153 0.534029
0.416182 0.481884
0.0461624 0.859997
0.630072 -0.0816992
7.52512e-08 1.72399
1.25937e-07 1.62868
3.04779e-07 1.39794
0.437135 0.188184
0.420518 0.344825
3.04779e-07 1.39794
1.25937e-07 1.62868
8.95711e-06 1.12084
0.437136 0.020662
0.0461624 0.859997
0.437135 0.188184
0.0410876 1.0986
0.827374 -0.306679
0.841976 -0.405594
0.217129 0.617545
0.0410876 1.0986
0.0410876 1.0986
0.630072 -0.0816992
0.827374 -0.306679
0.0410876 1.0986
0.630072 -0.0816992
8.95711e-06 1.12084
0.420513 0.397231
0.420513 0.397231
3.1696e-07 1.22119
3.1696e-07 1.22119
0.217153 0.534029
0.827374 -0.306679
0.217121 0.66569
0.217118 0.70332
8.95711e-06 1.12084
0.0461624 0.859997
0.437136 0.020662
0.43715 0.0194526
0.217153 0.534029
0.217121 0.66569
0.420513 0.397231
0.437135 0.188184
0.630072 -0.0816992
0.416182 0.481884
0.217118 0.70332
0.420513 0.397231
0.217153 0.534029
1.73472e-08 2.11343
0.0461624 0.859997
0.0461624 0.859997
0.437135 0.188184
0.217153 0.534029
1.25937e-07 1.62868
0.43715 0.0194526
0.0461624 0.859997
0.217153 0.534029
0.217153 0.534029
3.04779e-07 1.39794
0.437136 0.020662
0.217153 0.534029
1.73472e-08 2.11343
0.420518 0.344825
0.0461624 0.859997
3.04779e-07 1.39794
7.52512e-08 1.72399
3.04779e-07 1.39794
1.25937e-07 1.62868
0.437136 0.020662
0.0461624 0.859997
0.0410876 1.0986
0.827374 -0.306679
0.841976 -0.405594
0.0410876 1.0986
0.420513 0.397231
3.1696e-07 1.22119
8.95711e-06 1.12084
0.420518 0.344825
0.43715 0.0194526
0.630072 -0.0816992
0.416182 0.481884
0.217118 0.70332
0.217153 0.534029
0.0461624 0.859997
0.217153 0.534029
0.217153 0.534029
0.217153 0.534029
3.04779e-07 1.39794
0.437136 0.020662
0.217153 0.534029
0.0410905 0.967208
0.0410876 1.0986
0.0461624 0.859997
0.0410876 1.0986
