94605 310.049
8.87013e-18 1
8.87013e-18 1
0.851833 -0.773369
0.618397 -0.124219
0.823332 -0.458264
0.652512 -0.458263
0.257762 0.242161
0.453882 -0.124218
0.409314 0.242161
0.182229 0.669652
0.0830014 0.669652
0.431725 -0.0195621
0.435059 -0.0475979
0.00185734 0.956795
0.645388 -0.441985
0.427589 0.0202809
0.0067363 0.925833
0.835764 -0.667766
0.828665 -0.559708
0.619605 -0.145094
0.839157 -0.706993
0.830697 -0.593998
0.24712 0.256779
0.634151 -0.353482
0.184292 0.658639
0.0667924 0.685633
0.414014 0.180141
0.623773 -0.213536
0.200915 0.545987
0.827492 -0.537227
0.833271 -0.633656
0.628082 -0.27749
0.0477819 0.733743
0.440396 -0.0841228
0.825323 -0.497954
0.629624 -0.298361
0.639442 -0.404242
0.212241 0.467378
0.082158 0.66969
0.419856 0.106849
0.41282 0.201859
0.0570654 0.705451
0.410763 0.22283
3.61116e-05 0.994158
0.416355 0.150104
0.837659 -0.690725
0.189657 0.62505
0.0273684 0.813828
0.422061 0.0806863
0.8431 -0.741575
0.217998 0.41631
0.220995 0.394478
0.823488 -0.461443
0.242551 0.271566
0.207317 0.497485
0.228462 0.343898
0.0305143 0.800343
0.208773 0.486638
0.239451 0.284368
0.621678 -0.179878
0.626261 -0.251381
0.225064 0.375977
0.418534 0.122902
0.0234027 0.831323
0.198111 0.566654
0.621678 -0.179878
0.00991595 0.897395
0.214333 0.443759
0.445661 -0.109106
0.631617 -0.323927
0.192662 0.60509
0.0421211 0.753928
0.636709 -0.379945
0.00864311 0.904714
0.021461 0.840114
0.204096 0.522036
0.0467481 0.737282
0.636342 -0.374537
0.417169 0.139857
0.0144916 0.873247
0.82591 -0.509261
0.204478 0.519137
0.651067 -0.457439
0.196826 0.57594
0.639364 -0.403602
0.832192 -0.613826
0.0337717 0.786752
0.631477 -0.322202
0.0597142 0.698682
0.0136241 0.877623
0.0353072 0.780488
0.0639162 0.691079
0.225827 0.361011
0.194792 0.590378
0.425757 0.0393673
0.189863 0.624201
0.843822 -0.746578
0.442503 -0.0954967
0.213942 0.446724
0.624951 -0.231762
