269792 590.07
0.257554 0.244744
0.453737 -0.121974
0.652511 -0.4557
0.0821695 0.673357
0.852114 -0.771466
0.839744 -0.703434
0.639447 -0.396
0.198931 0.565315
0.000926071 0.986104
0.835997 -0.665071
0.825098 -0.490089
0.634094 -0.34906
0.00632782 0.926788
0.245895 0.265077
0.0518981 0.726644
0.0702635 0.683512
0.435892 -0.0488569
0.208654 0.492966
0.644974 -0.435892
0.205989 0.516895
0.223538 0.382689
0.0416333 0.762662
0.188293 0.639027
0.423578 0.0681131
0.0135427 0.884282
0.0592505 0.707528
0.631153 -0.314538
0.214773 0.444958
0.0208247 0.849728
0.0250292 0.828873
0.227706 0.352708
0.440913 -0.0765585
0.00934336 0.910128
0.445114 -0.100026
0.0638765 0.697523
0.017295 0.868116
0.629005 -0.284667
0.64843 -0.449168
0.44958 -0.112679
0.831096 -0.596476
0.0481894 0.749605
0.619969 -0.146275
0.414836 0.176887
0.0341553 0.791353
0.831559 -0.604949
0.621923 -0.176237
0.0306787 0.808774
0.428261 0.041786
0.230124 0.338225
0.429985 0.00196598
0.421749 0.088835
0.432371 -0.0179673
0.241006 0.284001
0.420513 0.104005
0.412334 0.211957
0.219915 0.412814
0.416037 0.157252
0.627214 -0.25914
0.241678 0.279596
0.233381 0.319725
0.0285405 0.821276
0.852114 -0.771466
4.76458e-08 1.02994
0.462838 -0.0999357
0.279559 0.31131
0.424284 0.0639063
0.160839 0.759597
0.387966 0.525957
0.457159 -0.115526
0.235142 0.312881
0.181068 0.685265
0.334333 0.72154
0.21828 0.421724
0.139923 0.769927
0.391073 0.492298
0.186693 0.652258
0.299618 0.455055
0.206738 0.509198
0.343563 0.757314
0.324033 0.661751
0.449672 -0.109455
0.406361 0.293278
0.427182 0.0341232
0.306821 0.517483
0.438406 -0.0625359
0.21995 0.40707
0.421327 0.0974285
0.404204 0.317745
0.571037 0.700894
0.29318 0.401923
0.444678 -0.100827
0.199337 0.572315
0.275531 0.291165
0.0756936 0.679837
0.329709 0.697591
0.275911 0.292967
0.45932 -0.108893
0.429589 0.00730948
0.154652 0.766978
0.518297 0.568163
