632608 490.039
0.852327 -0.772426
0.852327 -0.772426
2.13371e-16 1.0016
2.13371e-16 1.0016
0.617412 0.0450745
0.440739 0.0769279
0.255724 0.244231
0.434633 0.0817704
0.821112 -0.409909
0.664852 -0.407122
0.163377 0.750635
0.0851069 0.752399
0.0724199 0.799664
0.621023 -0.0858062
0.255724 0.244231
0.000565947 0.978634
0.434633 0.0817704
0.000565947 0.978634
0.0724199 0.799664
0.632106 -0.257459
0.642097 -0.358694
0.623219 -0.137891
0.637076 -0.302784
0.199047 0.564556
0.229826 0.339137
0.194415 0.619629
0.185987 0.652153
0.223575 0.384719
0.204774 0.521919
0.237698 0.296759
0.826809 -0.524491
0.654695 -0.390676
0.217647 0.42446
0.829254 -0.568273
0.244677 0.268254
0.824485 -0.480001
0.177688 0.696488
0.210111 0.479952
0.174419 0.712817
0.831508 -0.60531
0.836591 -0.676134
0.833973 -0.642162
0.840016 -0.713198
0.82278 -0.444608
0.843066 -0.740054
0.0839096 0.788355
0.213176 0.455347
0.623219 -0.137891
0.632106 -0.257459
0.849108 -0.769044
3.30992e-05 0.99891
0.852327 -0.770924
4.82938e-13 1.00287
3.30992e-05 0.998981
0.843066 -0.740008
0.843066 -0.740008
0.849108 -0.768578
1.27269e-06 1.00255
0.852327 -0.770448
4.82938e-13 1.00315
0.843066 -0.738947
3.30992e-05 0.99907
0.849108 -0.767862
0.852327 -0.770126
4.82938e-13 1.00332
0.849108 -0.767646
3.30992e-05 0.999943
0.849108 -0.767607
4.82938e-13 1.00356
1.27269e-06 1.00343
0.849108 -0.767537
4.82938e-13 1.00369
1.27269e-06 1.00364
0.849108 -0.767531
4.82938e-13 1.00386
1.27269e-06 1.00369
0.849108 -0.76738
4.82938e-13 1.00388
0.849108 -0.767345
4.82938e-13 1.00398
1.27269e-06 1.00392
0.849108 -0.7673
4.82938e-13 1.0042
0.849108 -0.767083
4.82938e-13 1.00439
0.849108 -0.766712
4.82938e-13 1.00445
0.849108 -0.766543
4.82938e-13 1.00453
0.849108 -0.76639
4.82938e-13 1.00467
1.27269e-06 1.00455
0.849108 -0.766333
4.82938e-13 1.00468
4.82938e-13 1.00486
4.82938e-13 1.00491
4.82938e-13 1.00525
4.82938e-13 1.00539
1.27269e-06 1.00582
4.82938e-13 1.00588
