190495 460.063
0.652338 -0.455849
0.453363 -0.122062
0.257316 0.244612
0.0841319 0.672469
0.22897 0.345656
0.851999 -0.771094
0.84226 -0.730259
0.242283 0.277797
0.626023 -0.242853
0.828847 -0.559169
0.62231 -0.186173
0.189577 0.63124
0.221922 0.393539
0.630426 -0.302353
0.0716314 0.680987
0.448374 -0.113276
0.0520677 0.72459
0.01162 0.892851
0.25222 0.251599
0.00402228 0.943473
0.0640745 0.694016
0.43617 -0.0524611
0.210581 0.477024
0.00123059 0.972297
0.423101 0.0740081
0.0155151 0.872791
0.214773 0.447467
0.642675 -0.420834
0.0275686 0.819906
0.0239575 0.834761
0.0574495 0.711358
0.044708 0.751476
0.197661 0.59441
0.441307 -0.084039
0.832004 -0.604719
0.240418 0.304841
0.418103 0.13254
0.202829 0.537643
0.0417599 0.763244
0.427431 0.0272742
0.218499 0.421587
0.833781 -0.634469
0.639181 -0.397048
0.635067 -0.356615
0.205521 0.521461
0.0202714 0.859111
0.836066 -0.65997
0.0352181 0.786975
0.637124 -0.378773
0.430605 -0.00409858
0.0334984 0.793989
0.00864263 0.928585
0.646386 -0.433133
0.839775 -0.700736
0.838035 -0.683875
0.633561 -0.328447
0.422022 0.0976844
0.439464 -0.0721416
0.4335 -0.0162165
0.413967 0.204876
0.187437 0.658473
0.851999 -0.771094
3.07486e-07 1.01305
0.769814 0.75852
0.260742 0.2568
0.472646 -0.0345921
0.149318 0.777565
0.770952 0.742871
0.437559 -0.0512484
0.963092 0.912356
0.530001 0.709935
0.85621 -0.753358
0.841983 -0.721984
0.67536 -0.286703
0.439485 -0.0673857
0.375648 0.660309
0.760489 0.858477
0.752162 0.892051
0.423582 0.0737301
0.729973 0.748574
0.895359 -0.0635296
0.56759 0.740882
0.157403 0.768165
0.67996 -0.212499
0.929121 0.782331
0.514971 0.529142
0.250473 0.263231
0.435477 -0.0382002
0.376237 0.654661
0.754757 0.888378
0.675449 -0.279344
0.749232 0.897381
0.857347 -0.750808
0.801839 0.0668257
0.417743 0.14547
0.194119 0.606607
0.513537 0.508631
0.31187 0.566407
0.620961 -0.157389
0.833641 -0.62831
