1092271 370.009
0.662336 -0.3604
1.52957e-08 1.51323
0.662336 -0.3604
0.426205 0.129003
0.662336 -0.3604
0.426191 0.313727
0.257628 0.331666
0.0180441 0.982615
0.0791189 0.774263
0.0791189 0.774263
0.257628 0.331666
0.0791189 0.774263
2.10858e-06 1.18565
0.244092 0.481698
2.10858e-06 1.18565
0.244092 0.481698
0.257628 0.331666
0.257628 0.331666
0.627171 -0.0758258
0.662308 -0.316224
0.426198 0.201515
0.426191 0.313727
0.244092 0.481698
0.25762 0.42572
0.257628 0.331666
0.627167 0.00342139
2.10858e-06 1.18565
0.257628 0.331666
0.244101 0.479925
0.627168 -0.0443362
0.426205 0.129003
0.426198 0.201515
0.426198 0.201515
0.627206 -0.189496
0.627167 0.00342139
0.662336 -0.3604
0.210237 0.722504
0.0791189 0.774263
0.426191 0.313727
0.0180441 0.982615
0.0180371 1.00229
0.257628 0.331666
0.210225 0.765353
0.244101 0.479925
0.244092 0.481698
0.627206 -0.189496
0.627167 0.00342139
1.52957e-08 1.51323
0.662336 -0.3604
0.627167 0.00342139
0.627167 0.00342139
0.426191 0.313727
0.627171 -0.0758258
0.0180441 0.982615
0.426205 0.129003
0.627158 0.0965079
0.662308 -0.316224
0.257628 0.331666
0.426205 0.129003
0.257628 0.331666
0.0791189 0.774263
0.627206 -0.189496
0.426205 0.129003
0.257628 0.331666
0.244092 0.481698
0.627167 0.00342139
0.0180441 0.982615
2.10858e-06 1.18565
0.426191 0.313727
0.0791189 0.774263
0.627167 0.00342139
0.426198 0.201515
0.627206 -0.189496
0.627168 -0.0443362
0.662336 -0.3604
0.0791189 0.774263
0.426191 0.313727
0.257628 0.331666
0.0180371 1.00229
0.257628 0.331666
0.210225 0.765353
0.244101 0.479925
0.244092 0.481698
0.627206 -0.189496
1.52957e-08 1.51323
0.662336 -0.3604
0.627167 0.00342139
0.627167 0.00342139
2.10858e-06 1.18565
0.627171 -0.0758258
0.627167 0.00342139
0.25762 0.42572
0.627158 0.0965079
0.662308 -0.316224
0.257628 0.331666
0.244092 0.481698
0.257628 0.331666
0.426205 0.129003
0.627167 0.00342139
0.426198 0.201515
