76531 60.0029
0.852286 -0.768773
0.852286 -0.768773
1.63064e-16 1.00565
1.63064e-16 1.00565
0.809602 -0.122591
0.460866 -0.104022
0.414013 0.240548
0.257546 0.249678
0.182572 0.675516
0.0714119 0.68882
0.420072 0.11822
0.443041 -0.0527372
0.420072 0.11822
0.832084 -0.590141
0.812373 -0.202709
0.836056 -0.666238
0.81684 -0.289761
0.215145 0.447631
0.0542917 0.721249
0.190016 0.629746
0.195778 0.593174
0.828085 -0.542329
0.0453808 0.763999
0.202183 0.546336
0.222535 0.391676
0.82547 -0.495464
0.0363493 0.788927
0.245591 0.271356
0.815527 -0.236506
0.844235 -0.742467
0.237221 0.304019
0.839619 -0.699686
0.818829 -0.349639
0.0269735 0.823895
0.443754 -0.0923436
0.230995 0.335898
0.443041 -0.0527372
0.210372 0.481194
0.823663 -0.450947
0.822092 -0.419415
0.206274 0.513258
0.0178195 0.867262
0.820436 -0.374772
0.225661 0.367872
0.0666433 0.695937
0.0225675 0.848689
0.00858855 0.915007
0.00426468 0.946998
0.0108036 0.90162
0.00115835 0.979582
0.0027389 0.961113
0.0108036 0.90162
0.00152638 0.97169
0.0178195 0.868173
2.7913e-09 1.01154
0.00858855 0.915449
0.00152638 0.971994
0.0108036 0.902388
0.00115835 0.980319
0.0178195 0.86969
2.7913e-09 1.01234
0.0108036 0.902891
0.00152638 0.972556
0.0178195 0.87054
2.7913e-09 1.01698
0.0108036 0.903917
0.00152638 0.972634
0.0178195 0.871644
0.00152638 0.972702
0.0108036 0.904788
0.0108036 0.905129
0.00152638 0.972738
0.0108036 0.905138
0.00152638 0.973239
0.0108036 0.905246
0.00152638 0.973271
0.0108036 0.905442
0.00152638 0.973729
0.0108036 0.905565
0.00152638 0.974295
0.0108036 0.906348
0.00152638 0.974648
0.0108036 0.906446
0.00152638 0.974843
0.0108036 0.906642
0.00152638 0.975007
0.0108036 0.907265
0.00152638 0.975187
0.0108036 0.907584
0.00152638 0.975264
0.0108036 0.908682
0.00152638 0.975548
0.00152638 0.975567
0.00152638 0.97598
0.00152638 0.975985
0.00152638 0.976879
0.00152638 0.977173
0.00152638 0.977824
0.00152638 0.977869
0.00152638 0.977996
