89568 210.041
0.851941 -0.773199
0.851941 -0.773199
2.58474e-16 1.00054
2.58474e-16 1.00054
0.630658 -0.223073
0.645428 -0.43152
0.822063 -0.431593
0.254262 0.245598
0.453514 -0.123987
0.409237 0.243537
0.188456 0.63624
0.0858863 0.685039
0.203333 0.531366
0.0329573 0.791235
0.0858863 0.685039
0.453514 -0.123987
0.211892 0.463848
0.22316 0.39275
0.0527573 0.75668
0.241302 0.282449
0.416183 0.152639
0.412159 0.20463
0.0174314 0.860174
0.0527573 0.75668
0.227667 0.350689
0.00638413 0.920775
0.0238992 0.83071
0.419501 0.11149
0.2342 0.3126
0.423187 0.0681343
0.215036 0.439995
0.823787 -0.467274
0.434436 -0.0423131
0.000437941 0.987771
0.429962 -0.00295394
0.43927 -0.076967
0.426671 0.0300468
0.0113606 0.909138
0.835824 -0.668183
0.445141 -0.106754
0.833286 -0.633669
0.826312 -0.516571
0.829143 -0.567744
0.83121 -0.602065
0.19629 0.583744
0.19629 0.583744
0.845944 -0.758611
0.841704 -0.730482
0.827313 -0.535215
0.838722 -0.702065
0.839871 -0.713537
0.851941 -0.773144
0.833286 -0.633245
0.845944 -0.75856
0.851941 -0.773099
0.845944 -0.758536
0.85208 -0.773089
0.845944 -0.758517
0.851941 -0.772983
0.85208 -0.773069
0.845944 -0.758509
0.85208 -0.773055
0.845944 -0.758484
0.85208 -0.773054
0.845944 -0.758394
0.85208 -0.773051
0.845944 -0.758229
0.85208 -0.773019
0.85208 -0.773017
0.85208 -0.773016
0.85208 -0.773015
0.85208 -0.773005
0.85208 -0.772991
0.85208 -0.772984
0.85208 -0.772983
0.85208 -0.772981
0.85208 -0.772978
0.85208 -0.772966
0.85208 -0.77296
0.85208 -0.772934
0.85208 -0.772915
0.85208 -0.772914
0.85208 -0.772893
0.85208 -0.772887
0.85208 -0.772878
0.85208 -0.772878
0.85208 -0.77287
0.85208 -0.772859
0.85208 -0.772842
0.85208 -0.77281
0.85208 -0.772764
0.85208 -0.77276
0.85208 -0.772746
0.85208 -0.772741
0.85208 -0.772708
0.85208 -0.772703
0.85208 -0.772674
0.85208 -0.772669
0.85208 -0.772622
0.85208 -0.772618
