50 0.0662614
0.520357 1.41842
0.501905 1.39648
0.5 1.18337
0.818554 0.983771
0.124179 1.51097
0.451001 0.670183
0.598493 1.76093
0.179922 1.57161
0.588286 1.73741
0.612931 1.21488
0.276518 2.17378
0.385862 1.72905
0 2.40405
0 2.06323
0.5 2.35113
0.794493 1.24096
0.429872 1.17302
0.487173 1.22586
0.26392 1.52822
0.350152 1.65934
0.519979 1.97688
0.0372127 2.13419
0.0426236 1.54354
0.7088 2.13061
0.610854 1.58221
1 1.32235
0.763489 2.80625
0.558629 1.87459
0.226439 1.53498
1 1.43783
0.0257654 1.86001
0.694932 1.44619
0.617962 1.22591
0.187018 2.45518
0.820917 0.756638
0.879506 1.12703
0.254793 1.3908
0.176426 1.99875
0.564611 1.76091
0.800188 1.17078
0.505307 1.82912
0.605929 1.31378
0.770198 2.08223
0.5 1.63492
1 1.78676
0.729022 1.9498
0.565045 1.91122
0.683919 1.1542
0.252619 1.41685
0.0482501 1.75843
0.5 1.85636
1 1.54952
0.561547 1.78579
0.830354 0.929682
0.855196 0.319587
0.757207 2.21855
0.0475013 1.53883
0.67547 0.961437
0.753904 2.05339
0.40272 1.07592
1 1.34286
0.184448 2.13676
0.152795 1.80511
0.815714 1.04378
0.649095 0.908654
0.558338 2.14967
0.631885 0.948669
0.338298 1.94054
0.0401439 2.42169
0 2.03964
0.575912 2.01532
0.995748 1.56782
0.873794 0.818434
1 1.19444
0.5 1.35376
0.90593 1.89312
0.98955 1.78295
0.681139 1.23666
0.47433 1.48495
0.5 1.94845
0.645787 0.564621
0.67872 1.0971
0 1.82766
0.552394 2.84608
0.241529 1.60156
0.832091 1.17178
0.387386 1.54326
0.105613 1.47953
0.647087 1.20605
1 1.09292
0.865573 0.52474
0 1.97263
0.617849 1.09453
0 2.04671
0 2.17445
0.169628 2.05856
0.38468 1.90995
0.605622 1.2648
1 1.50037
0.247422 1.90599
