115900 220.018
0 1
0 1
0.851833 -0.773369
0.618397 -0.12422
0.823332 -0.458263
0.652512 -0.458263
0.453882 -0.124218
0.409314 0.242159
0.257762 0.242161
0.0830013 0.669652
0.182229 0.669652
0.0218048 0.83854
0.424311 0.0551377
0.832085 -0.615933
0.000368879 0.981109
0.421138 0.0914925
0.0150791 0.870325
0.0328326 0.790631
0.0666265 0.684138
0.842457 -0.736771
0.838776 -0.703016
0.625563 -0.240972
0.0394811 0.763957
0.203673 0.525246
0.412414 0.20101
0.00411614 0.93537
0.248767 0.253182
0.22494 0.366964
0.646246 -0.445652
0.415226 0.164483
0.637399 -0.386476
0.0454994 0.741649
0.20143 0.542143
0.0615429 0.694381
0.830537 -0.591392
0.829204 -0.569057
0.623619 -0.211063
0.83717 -0.685047
0.207512 0.495945
0.41906 0.116457
0.642273 -0.424861
0.835015 -0.657969
0.0830013 0.669652
0.233715 0.313299
0.23639 0.298693
0.184866 0.654658
0.243076 0.269626
0.824079 -0.473389
0.632334 -0.332623
0.620316 -0.157184
0.62143 -0.175728
0.0528663 0.717438
0.222274 0.385388
0.825288 -0.497271
0.629421 -0.295758
0.190477 0.619704
0.187752 0.637172
0.622587 -0.194672
0.218158 0.415117
0.0545018 0.712603
0.220385 0.398861
0.00779472 0.910013
0.825973 -0.510463
0.431152 -0.014376
0.427095 0.0254469
0.619171 -0.137645
0.229654 0.337811
0.0116622 0.887831
0.411389 0.214525
0.19431 0.593875
0.0272597 0.814301
0.213077 0.4533
0.434774 -0.039687
0.0289671 0.812401
0.228548 0.343351
0.627649 -0.271417
0.0429936 0.750695
0.627231 -0.265466
0.846663 -0.761957
0.198189 0.567539
0.63459 -0.358279
0.417555 0.135031
0.844873 -0.753089
0.209025 0.484336
0.445778 -0.109529
0.432434 -0.0258237
0.216217 0.429558
0.197933 0.569486
0.410035 0.232522
0.194565 0.591962
0.835054 -0.658499
0.453882 -0.124218
0.439264 -0.0772705
0.629421 -0.295758
0.634563 -0.35799
0.214795 0.440257
0.436142 -0.0558702
0.632334 -0.332623
0.257025 0.242235
0.639945 -0.408243
