877356 600
0.847266 -0.537112
0.421511 0.21627
0.421511 0.21627
0.26553 0.354267
0.421509 0.353435
0.26553 0.354267
0.04787 0.872762
0.818625 -0.263519
0.847266 -0.537112
5.45425e-07 1.47892
0.189574 0.799298
5.45425e-07 1.47892
0.264122 0.568879
0.217532 0.627214
0.264123 0.454331
0.620962 -0.0106087
5.21809e-07 1.61698
0.189574 0.799298
1.17433e-06 1.3025
1.47751e-06 1.14747
1.17433e-06 1.3025
1.47751e-06 1.14747
0.0334353 1.11
0.189574 0.799298
0.421509 0.353435
0.0334427 1.03972
0.264122 0.568879
0.04787 0.872762
0.0478592 0.982308
0.0478592 0.982308
0.620949 0.00337587
0.818625 -0.263519
5.21809e-07 1.61698
0.189573 0.871633
0.189574 0.799298
0.217532 0.627214
0.0334427 1.03972
0.620962 -0.0106087
0.620962 -0.0106087
0.421509 0.353435
0.0478592 0.982308
0.0334427 1.03972
0.264123 0.454331
0.421509 0.353435
1.17433e-06 1.3025
1.17433e-06 1.3025
0.0334427 1.03972
1.47751e-06 1.14747
0.26553 0.354267
1.17433e-06 1.3025
0.04787 0.872762
0.04787 0.872762
0.818625 -0.263519
0.0478592 0.982308
5.45425e-07 1.47892
0.264122 0.568879
0.620962 -0.0106087
1.47751e-06 1.14747
0.421509 0.353435
0.0334427 1.03972
0.0478592 0.982308
0.620949 0.00337587
0.818625 -0.263519
0.217532 0.627214
0.620962 -0.0106087
0.0334427 1.03972
0.818625 -0.263519
0.0334427 1.03972
1.47751e-06 1.14747
0.04787 0.872762
0.26553 0.354267
0.421509 0.353435
1.47751e-06 1.14747
1.47751e-06 1.14747
0.189574 0.799298
0.620934 0.0188399
8.07337e-08 1.6314
0.847266 -0.537112
0.189574 0.799298
0.620934 0.0188399
5.45425e-07 1.47892
0.421511 0.21627
0.217532 0.627214
5.45425e-07 1.47892
1.47751e-06 1.14747
0.0478592 0.982308
0.629462 -0.187186
0.421509 0.353435
5.45425e-07 1.47892
0.26553 0.354267
0.189574 0.799298
0.0478592 0.982308
0.0334427 1.03972
1.47751e-06 1.14747
0.0478592 0.982308
0.620962 -0.0106087
0.421509 0.353435
1.47751e-06 1.14747
0.189574 0.799298
0.629459 -0.0148363
