115805 250.031
5.55112e-17 1
5.55112e-17 1
0.851833 -0.773369
0.823332 -0.458263
0.652512 -0.458263
0.453882 -0.124218
0.618397 -0.124219
0.257762 0.242161
0.409314 0.242161
0.182229 0.669652
0.0830014 0.669652
0.00918673 0.901538
0.415923 0.155588
0.423169 0.067958
0.632072 -0.329466
0.418357 0.125084
0.629131 -0.291865
0.420657 0.0971894
0.825594 -0.503203
0.0474988 0.734813
0.636553 -0.372194
0.238453 0.28875
0.412684 0.197469
0.00307441 0.944373
0.830813 -0.595885
0.641281 -0.411856
0.620241 -0.155414
0.436079 -0.0549403
0.0533669 0.716278
0.429762 -0.00135124
0.234973 0.305989
0.829133 -0.56782
0.246271 0.26755
0.445176 -0.107289
0.0134517 0.878502
0.835447 -0.663664
0.226056 0.359486
0.195146 0.588489
0.230769 0.329699
0.826353 -0.517655
0.198031 0.569402
0.201349 0.542749
0.0378117 0.770786
0.0416014 0.755874
0.0775602 0.671244
0.432622 -0.0274763
0.0318085 0.794897
0.428218 0.0154596
0.426214 0.0344997
0.0241966 0.827778
0.22032 0.399332
0.204438 0.519443
0.209363 0.48174
0.843927 -0.747265
0.188931 0.629721
0.439705 -0.0800077
0.0666931 0.68402
0.633878 -0.350466
0.41078 0.222607
0.62339 -0.20751
0.827767 -0.54374
0.251817 0.24678
0.207228 0.498126
0.62577 -0.244109
0.216875 0.424638
0.645928 -0.444346
0.618397 -0.124219
0.433548 -0.0353622
0.644715 -0.438788
0.641412 -0.419089
0.00044211 0.979087
0.19984 0.553966
0.837073 -0.683899
0.191384 0.613699
0.0583763 0.702021
0.192767 0.604374
0.621367 -0.174739
0.832296 -0.619143
0.4396 -0.0793681
0.231476 0.325506
0.213594 0.449369
0.246978 0.257165
0.0602702 0.69734
0.627328 -0.266855
0.0212386 0.841122
0.8412 -0.726429
0.411822 0.208806
0.627626 -0.271092
0.837785 -0.692154
0.217862 0.417308
0.186688 0.644058
0.0275568 0.813012
0.205586 0.510691
0.828215 -0.551764
0.00101839 0.968055
0.625152 -0.234815
0.0656706 0.685869
0.185228 0.652527
0.225178 0.365361
0.223116 0.379488
