219950 480.052
0 1
0 1
0.851833 -0.773369
0.652512 -0.458263
0.618397 -0.124219
0.823332 -0.458264
0.453882 -0.124218
0.409314 0.242161
0.257762 0.242161
0.182229 0.669652
0.0830019 0.669652
0.0183817 0.854389
0.0061221 0.920586
0.0608978 0.695865
0.825491 -0.501205
0.00231988 0.951666
0.210206 0.475497
0.839444 -0.709889
0.234806 0.307565
0.827558 -0.539771
0.637902 -0.391065
0.843108 -0.741631
0.828339 -0.553972
0.0107716 0.892638
0.0389114 0.766169
0.433533 -0.0352352
0.245305 0.262075
0.19516 0.58779
0.620819 -0.165624
0.20644 0.504162
0.219185 0.407576
0.0708273 0.677667
0.837695 -0.691133
0.191881 0.610374
0.845057 -0.754161
0.824427 -0.480346
0.0462554 0.738994
0.641199 -0.417593
0.619606 -0.145071
0.251962 0.246558
0.41613 0.153302
0.214717 0.440849
0.42886 0.0156472
0.222927 0.380807
0.239663 0.283348
0.212813 0.455313
0.637053 -0.36951
0.625108 -0.234148
0.217502 0.419973
0.0240422 0.828463
0.41428 0.176675
0.227334 0.351709
0.835745 -0.667518
0.622376 -0.191262
0.646168 -0.445335
0.436425 -0.057957
0.447646 -0.115484
0.833695 -0.639766
0.0300065 0.802499
0.63153 -0.322848
0.830416 -0.589408
0.437685 -0.0669099
0.420779 0.0957426
0.223989 0.373452
0.633633 -0.347707
0.0106453 0.89333
0.422255 0.078432
0.628537 -0.283793
0.832355 -0.620052
0.624167 -0.219692
0.202171 0.536584
0.189532 0.625862
0.420472 0.113673
0.0550675 0.710964
0.426632 0.0363308
0.424495 0.0531089
0.231437 0.325736
0.629699 -0.29345
0.830416 -0.589408
0.851531 -0.77333
0.430997 -0.012944
0.630806 -0.313793
0.241205 0.276817
0.411405 0.214387
0.626722 -0.257525
0.410521 0.226049
0.834886 -0.656247
0.417816 0.138483
0.0257905 0.820722
0.185972 0.648714
0.627053 -0.262909
0.423957 0.0657568
0.441 -0.0875662
0.199903 0.5535
0.634938 -0.35389
0.182229 0.669652
0.412672 0.197628
0.18774 0.637248
9.43338e-05 0.99565
0.443175 -0.0986252
