884930 520.016
7.39011e-09 1.58556
0.842776 -0.477648
0.639233 -0.293255
0.84277 -0.428174
0.639217 -0.13944
0.443022 -0.000160475
0.420826 0.469969
0.270671 0.476186
0.0978977 0.884972
5.57925e-07 1.31522
7.39011e-09 1.58556
1.01565e-05 1.1595
0.0534246 0.975924
0.222652 0.696155
0.179774 0.792276
0.179774 0.792276
0.222667 0.534588
0.270671 0.476186
0.222659 0.654867
1.01565e-05 1.1595
1.01565e-05 1.1595
0.442937 0.222672
0.0978894 0.923664
0.443022 -0.000160475
0.420837 0.321702
0.0534246 0.975924
0.442956 0.0962638
0.442937 0.222672
0.222667 0.534588
0.0534106 1.04348
0.420837 0.321702
0.420837 0.321702
0.420826 0.469969
0.179774 0.792276
0.420829 0.404067
0.639217 -0.13944
0.639226 -0.205546
0.420828 0.460602
0.639217 -0.13944
0.639226 -0.205546
0.420829 0.404067
0.0978894 0.923664
0.639217 -0.13944
0.0534181 1.01909
0.179774 0.792276
0.442956 0.0962638
0.639232 -0.262195
0.84277 -0.428174
0.0534181 1.01909
1.01565e-05 1.1595
0.270671 0.476186
0.270671 0.476186
0.443022 -0.000160475
0.420829 0.404067
0.420837 0.321702
7.39011e-09 1.58556
0.179774 0.792276
0.639217 -0.13944
0.420829 0.404067
7.39011e-09 1.58556
0.443022 -0.000160475
0.179774 0.792276
0.639217 -0.13944
0.443022 -0.000160475
0.420826 0.469969
0.420829 0.404067
0.442937 0.222672
0.179774 0.792276
0.442937 0.222672
0.420837 0.321702
7.39011e-09 1.58556
0.639232 -0.262195
0.179774 0.792276
0.222667 0.534588
0.442937 0.222672
0.443022 -0.000160475
0.0534246 0.975924
7.39011e-09 1.58556
0.420837 0.321702
0.420826 0.469969
0.179774 0.792276
0.639226 -0.205546
0.639226 -0.205546
0.420829 0.404067
0.179774 0.792276
0.442956 0.0962638
0.639232 -0.262195
0.0534181 1.01909
5.57925e-07 1.31522
0.420829 0.404067
7.39011e-09 1.58556
0.222652 0.696155
7.39011e-09 1.58556
0.443022 -0.000160475
0.179774 0.792276
0.443022 -0.000160475
0.420826 0.469969
0.442937 0.222672
0.179774 0.792276
0.0978977 0.884972
