263478 490.044
0.257312 0.244262
0.453777 -0.121971
0.653157 -0.454581
0.083613 0.672792
0.00698811 0.927844
0.840947 -0.71658
0.428449 0.0183714
0.435335 -0.044623
0.846524 -0.754245
0.424496 0.0584561
0.203715 0.530266
0.249146 0.258747
0.444224 -0.0978429
0.627054 -0.254985
0.851937 -0.771333
0.00101669 0.975191
0.630827 -0.309202
0.197721 0.575142
0.623688 -0.208854
0.0453392 0.748653
0.0515081 0.725199
0.647354 -0.443583
0.0207885 0.849144
0.191976 0.614636
0.214087 0.452098
0.0625877 0.698519
0.633635 -0.328341
0.221779 0.394649
0.227023 0.357415
0.836091 -0.666544
0.0352095 0.786169
0.237144 0.300014
0.184411 0.661038
0.24112 0.282137
0.826715 -0.514287
0.0738409 0.679495
0.642748 -0.423184
0.639101 -0.393374
0.026489 0.824537
0.831968 -0.604806
0.412099 0.210177
0.0386338 0.774132
0.232832 0.322925
0.0566305 0.713463
0.0295203 0.81302
0.44812 -0.109052
0.834604 -0.64734
0.41658 0.150875
0.0132286 0.886526
0.194429 0.598059
0.0697213 0.687844
0.20808 0.498166
0.209428 0.488288
0.230493 0.339243
0.438833 -0.0524225
0.414188 0.183215
0.418629 0.126029
0.621595 -0.170776
0.223586 0.384348
0.421132 0.109021
0.640267 -0.406622
0.851937 -0.771333
4.16646e-08 1.00909
0.522059 0.630227
0.573288 0.684759
0.693093 0.0307126
0.557164 0.808195
0.577127 0.638627
0.856145 -0.750338
0.472422 -0.0320011
0.525017 0.656643
0.191464 0.625213
0.267893 0.273531
0.682268 -0.17366
0.190475 0.637835
0.565158 0.760742
0.228096 0.363134
0.791504 0.331303
0.935389 0.881788
0.503212 0.358293
0.0432104 0.765127
0.56633 0.752923
0.0588682 0.721863
0.291414 0.394773
0.0155577 0.889523
0.916 0.494701
0.206759 0.524652
0.511241 0.475517
0.47429 -0.0219493
0.890907 -0.183007
0.863529 -0.706167
0.349183 0.77782
0.474421 -0.0154636
0.418302 0.142864
0.0531195 0.740694
0.21379 0.464459
0.515827 0.539708
0.595616 0.324822
0.533927 0.750652
0.856716 -0.748492
