224777 510.108
0.851834 -0.773367
0.851834 -0.773367
4.30156e-13 1.00004
4.30156e-13 1.00004
0.452504 -0.123781
0.654166 -0.457374
0.0188205 0.852325
0.306843 0.51153
0.306843 0.51153
0.654166 -0.457374
0.82329 -0.457399
0.0188205 0.852325
0.389158 0.50619
0.413842 0.182361
0.409576 0.238659
0.436297 -0.056992
0.430813 -0.0112445
0.427003 0.0262548
0.422709 0.0732124
0.40124 0.35094
0.404037 0.313265
0.406891 0.274724
0.417179 0.139741
0.398023 0.393913
0.392323 0.467393
0.419646 0.109354
0.442032 -0.0931054
0.0098048 0.898014
0.832686 -0.625027
0.0142048 0.874689
0.834519 -0.651265
0.827199 -0.533396
0.836388 -0.675611
0.82582 -0.507532
0.824536 -0.48251
0.838513 -0.700203
0.8445 -0.750888
0.44679 -0.11293
0.828624 -0.558989
0.394621 0.438273
0.00580304 0.922774
0.395825 0.422635
0.830735 -0.594625
0.00107958 0.967111
0.829846 -0.579951
0.841582 -0.729695
0.84853 -0.768776
0.840547 -0.720561
0.00357814 0.939786
0.000268997 0.983603
0.00383447 0.937621
0.851767 -0.773365
0.851767 -0.773365
0.000268997 0.983604
0.820161 -0.39106
0.00383447 0.937621
0.832686 -0.625025
0.851767 -0.773364
0.00383447 0.937621
0.820161 -0.39106
0.832686 -0.625025
0.851767 -0.773364
0.00383447 0.937622
0.820161 -0.39106
0.851767 -0.773364
0.00383447 0.937622
0.820161 -0.39106
0.851767 -0.773363
0.00383447 0.937622
0.820161 -0.391059
0.851767 -0.773362
0.00383447 0.937622
0.820161 -0.391059
0.820161 -0.391059
0.00383447 0.937622
0.820161 -0.391059
0.00383447 0.937622
0.820161 -0.391059
0.00383447 0.937622
0.820161 -0.391059
0.00383447 0.937623
0.820161 -0.391059
0.00383447 0.937623
0.820161 -0.391059
0.00383447 0.937623
0.820161 -0.391059
0.00383447 0.937623
0.820161 -0.391059
0.00383447 0.937623
0.820161 -0.391059
0.00383447 0.937624
0.820161 -0.391059
0.00383447 0.937624
0.820161 -0.391059
0.00383447 0.937624
0.820161 -0.391059
0.820161 -0.391059
0.820161 -0.391058
0.820161 -0.391058
0.820161 -0.391057
