292823 320.018
0.000103829 0.98981
0.851832 -0.773366
0.495207 0.563327
0.186951 1.12072
0.643378 -0.0922294
0.413678 0.519299
0.448858 0.314046
0.3477 1.20173
0.660014 -0.146217
0.449773 0.160012
0.668456 -0.17389
0.273127 0.67314
0.699819 0.454847
0.314465 1.03205
0.641881 -0.132946
0.846591 -0.639517
0.840843 -0.64758
0.448858 0.314046
0.0203595 1.01632
0.683387 0.165198
0.683387 0.165198
0.843361 -0.503021
0.182035 0.993238
0.6886 0.171731
0.898844 0.226607
0.668641 -0.0691964
0.236582 0.663193
0.63224 -0.0729244
0.00106591 1.58583
0.449773 0.160012
0.641881 -0.132946
0.623535 0.0851838
0.672025 0.0727542
0.877975 -0.0328961
0.469809 0.167888
0.219475 0.862266
0.0203595 1.01632
0.320808 1.04249
0.265263 0.724067
0.663707 -0.0497885
0.607881 0.334656
0.265263 0.724067
0.623535 0.0851838
0.396213 0.789034
0.851055 -0.430146
0.00106591 1.58583
0.244412 0.683893
0.441904 0.171845
0.433378 0.219283
0.640033 -0.171286
0.846591 -0.624814
0.858622 -0.420629
0.843361 -0.503021
0.714858 0.749909
0.618166 0.15163
0.442417 0.296865
0.65584 -0.379503
0.695992 0.26771
0.668075 -0.193869
0.848924 -0.535272
0.656951 -0.0504679
0.898844 0.226607
0.65102 -0.165528
0.663707 -0.0497885
0.368211 1.0228
0.41298 0.521573
0.30596 0.885675
0.791519 0.68499
0.182035 0.993238
0.809668 0.172292
0.672127 -0.00299573
0.427096 0.393728
0.643378 -0.0922294
0.417087 0.554589
0.661014 -0.21734
0.00467184 1.4549
0.621475 0.0412139
0.872109 -0.45766
0.495207 0.563327
1.06991e-05 1.17712
0.451779 0.12542
0.792708 0.458928
0.672025 0.0727542
0.643569 -0.135559
0.236582 0.663193
0.672127 -0.00299573
0.819617 -0.0318355
0.699819 0.454847
0.464076 0.26156
0.273127 0.67314
0.792708 0.458928
0.464076 0.26156
0.840843 -0.64758
0.63224 -0.0729244
0.618166 0.15163
0.664289 0.0145076
0.825624 -0.338865
0.314465 1.03205
0.427096 0.393728
0.848924 -0.535272
