879395 570.021
0.854449 -0.588555
2.92851e-09 2.75999
2.92851e-09 2.75999
2.92851e-09 2.75999
0.42145 0.35008
0.227754 0.490156
0.453358 0.0387125
0.826255 -0.276804
0.633892 -0.229563
0.630491 0.0179712
0.227731 0.828529
0.0774934 0.895752
0.0286376 0.963494
0.854441 -0.575288
0.633892 -0.229563
3.63837e-06 1.19691
0.0774934 0.895752
5.89951e-08 1.32017
2.99673e-08 1.56525
0.633854 -0.183548
0.0286376 0.963494
0.432943 0.160708
0.43294 0.32411
0.22774 0.635871
0.227731 0.828529
0.227754 0.490156
0.630499 -0.044832
0.633892 -0.229563
3.63837e-06 1.19691
0.45334 0.149109
0.633892 -0.229563
0.43294 0.32411
0.227752 0.569629
0.630499 -0.044832
0.42145 0.35008
0.22774 0.635871
0.227752 0.569629
0.227731 0.828529
0.630491 0.0179712
0.633892 -0.229563
0.227754 0.490156
0.630491 0.0179712
3.63837e-06 1.19691
0.227754 0.490156
0.633885 -0.226906
0.633892 -0.229563
0.227731 0.828529
0.826255 -0.276804
0.22774 0.635871
0.43294 0.32411
0.227754 0.490156
2.92851e-09 2.75999
0.453358 0.0387125
0.854449 -0.588555
0.630491 0.0179712
0.633892 -0.229563
0.227754 0.490156
0.453358 0.0387125
0.854441 -0.575288
0.42145 0.35008
0.453358 0.0387125
0.633885 -0.226906
0.633892 -0.229563
0.630499 -0.044832
0.22774 0.635871
0.22774 0.635871
0.432943 0.160708
3.63837e-06 1.19691
0.453358 0.0387125
0.630499 -0.044832
0.630499 -0.044832
0.227754 0.490156
0.0286376 0.963494
3.63837e-06 1.19691
0.0774934 0.895752
2.99673e-08 1.56525
0.0286376 0.963494
0.630499 -0.044832
0.45334 0.149109
0.633892 -0.229563
0.43294 0.32411
0.227752 0.569629
0.42145 0.35008
0.22774 0.635871
0.227752 0.569629
0.630491 0.0179712
0.630499 -0.044832
0.43294 0.32411
0.227754 0.490156
2.92851e-09 2.75999
0.854449 -0.588555
0.630491 0.0179712
0.854441 -0.575288
0.42145 0.35008
0.453358 0.0387125
0.633885 -0.226906
0.633892 -0.229563
0.22774 0.635871
0.22774 0.635871
3.63837e-06 1.19691
