83107 50.002
0.838924 -0.563975
1.70594e-10 2.19601
1.70594e-10 2.19601
0.630184 -0.0129528
0.437021 0.0640324
3.49241e-07 1.20205
0.831563 -0.241448
0.630217 -0.20043
0.25511 0.378917
0.422352 0.325715
2.67629e-07 1.78916
0.214653 0.747485
0.0891918 0.850338
2.67629e-07 1.78916
0.0356213 0.940813
0.0356213 0.940813
0.0891918 0.850338
0.43702 0.0746028
0.0356139 1.15414
0.422358 0.255875
0.0356139 1.15414
0.219455 0.589599
0.21466 0.733451
0.25511 0.378917
0.225232 0.562479
0.831563 -0.241448
0.838924 -0.563975
0.838911 -0.347093
0.0356213 0.940813
0.422358 0.255875
0.838914 -0.413017
0.838911 -0.347093
1.70594e-10 2.19601
0.422355 0.288269
0.422358 0.255875
0.831563 -0.241448
0.422355 0.31699
0.219455 0.589599
1.70594e-10 2.19601
0.422355 0.288269
0.219455 0.589599
0.422358 0.255875
0.630184 -0.0129528
0.214653 0.747485
0.21466 0.733451
0.838911 -0.347093
0.838911 -0.347093
0.831563 -0.241448
0.422352 0.325715
0.0891918 0.850338
0.630184 -0.0129528
0.225232 0.562479
0.0891918 0.850338
0.225232 0.562479
3.49241e-07 1.20205
0.838924 -0.563975
3.49241e-07 1.20205
3.49241e-07 1.20205
0.422352 0.325715
0.422355 0.31699
2.67629e-07 1.78916
0.25511 0.378917
1.70594e-10 2.19601
0.630184 -0.0129528
0.25511 0.378917
0.422352 0.325715
0.630217 -0.20043
2.67629e-07 1.78916
0.219455 0.589599
0.831563 -0.241448
0.422358 0.255875
3.49241e-07 1.20205
0.838924 -0.563975
0.0891918 0.850338
0.838911 -0.347093
0.630184 -0.0129528
0.838924 -0.563975
0.422352 0.325715
0.422355 0.31699
0.25511 0.378917
1.70594e-10 2.19601
0.422358 0.255875
0.214653 0.747485
0.219455 0.589599
0.630217 -0.20043
2.67629e-07 1.78916
0.0356213 0.940813
0.43702 0.0746028
0.422358 0.255875
0.838914 -0.413017
0.422355 0.288269
0.838918 -0.450867
0.219455 0.589599
0.422352 0.325715
0.25511 0.378917
0.630185 -0.151014
0.838911 -0.347093
0.0356213 0.940813
0.422358 0.255875
0.422358 0.255875
