184963 600.002
4.77049e-17 1
4.77049e-17 1
0.851833 -0.773369
0.618397 -0.124219
0.652512 -0.458263
0.823332 -0.458264
0.453882 -0.124218
0.409314 0.242161
0.257762 0.242161
0.0830015 0.669652
0.182229 0.669652
0.205921 0.508138
0.213392 0.450906
0.203331 0.527842
0.828781 -0.561731
0.830803 -0.595721
0.620967 -0.167995
0.837572 -0.689724
0.62633 -0.252379
0.417542 0.136529
0.0531246 0.716643
0.197362 0.572083
0.222833 0.381505
0.410899 0.222395
0.422879 0.0712638
0.0394263 0.764168
0.419885 0.106474
0.430824 -0.0112576
0.832466 -0.621724
0.624225 -0.22059
0.439435 -0.0783494
0.631619 -0.323947
0.834871 -0.656046
0.218796 0.410422
0.192011 0.609497
0.434525 -0.0433604
0.0613288 0.694868
0.0183261 0.854653
0.0334805 0.788057
0.185851 0.64881
0.639554 -0.405143
0.425728 0.0396896
0.64289 -0.428718
0.241574 0.27534
0.413139 0.19151
0.002826 0.94659
0.827132 -0.532164
0.031408 0.796582
0.049202 0.729134
0.623233 -0.205021
0.021798 0.838571
0.442579 -0.0958706
0.82394 -0.470596
0.621775 -0.181465
0.421426 0.0881017
0.0652083 0.692184
0.842187 -0.732266
0.845183 -0.754864
0.196316 0.579598
0.0267032 0.818871
0.833999 -0.644061
0.188885 0.630321
0.00595991 0.921691
0.217204 0.422395
0.415744 0.157869
0.252767 0.245428
0.629293 -0.29405
0.214796 0.440255
0.00991493 0.897388
0.428339 0.0126852
0.632929 -0.339635
0.23781 0.291759
0.0448953 0.743796
0.436175 -0.0559909
0.645138 -0.44083
0.225218 0.365146
0.233522 0.313842
0.00107786 0.971534
0.0720993 0.676077
0.647986 -0.451582
0.00675592 0.916383
0.426515 0.0313235
0.850709 -0.772837
0.0430563 0.750694
0.63679 -0.380731
0.63526 -0.365388
0.000124557 0.988839
0.637948 -0.391483
0.246259 0.259194
0.839424 -0.709713
0.429447 0.00168259
0.843846 -0.746737
0.0145497 0.872957
0.0016736 0.959003
0.82523 -0.496147
0.182883 0.666024
0.839905 -0.714478
0.414873 0.169028
0.826157 -0.513673
0.229802 0.335579
