90497 180.015
0.85165 -0.773277
0.85165 -0.773277
1.38778e-16 1.00009
1.38778e-16 1.00009
0.642342 -0.420093
0.453833 -0.124109
0.821636 -0.422776
0.61961 -0.145045
0.409438 0.240626
0.257619 0.242292
0.183837 0.660813
0.0830402 0.66977
0.633733 -0.344014
0.216148 0.430233
0.206341 0.505061
0.223824 0.374714
0.424357 0.0547958
0.244868 0.263606
0.83002 -0.582763
0.42984 -0.00196737
0.621418 -0.175485
0.833367 -0.634419
0.837408 -0.687745
0.0477958 0.733848
0.200708 0.547687
0.441222 -0.0886902
0.0022919 0.952141
0.8423 -0.735451
0.435105 -0.0478324
0.413201 0.190822
0.00889887 0.903376
0.0151242 0.870249
0.419986 0.105343
0.194067 0.595606
0.416721 0.145609
0.626613 -0.255379
0.232756 0.318273
0.626613 -0.255379
0.822888 -0.448346
0.0241156 0.828292
0.826625 -0.522654
0.189094 0.62885
0.825654 -0.504261
0.0617426 0.694095
0.230731 0.330056
0.0321667 0.793549
0.0394344 0.764298
0.028493 0.809158
0.0737136 0.674478
0.0647226 0.687824
0.0387102 0.767144
0.079744 0.670381
0.441222 -0.0886774
0.0151242 0.870309
0.079744 0.670389
0.0477958 0.733856
0.0394344 0.764311
0.0647226 0.687826
0.028493 0.809162
0.0241156 0.828333
0.0737136 0.67449
0.0737136 0.67449
0.441222 -0.0886611
0.0394344 0.764314
0.0737136 0.674495
0.0477958 0.733863
0.0647226 0.687828
0.441222 -0.0886569
0.0394344 0.764315
0.0647226 0.687832
0.0477958 0.733867
0.441222 -0.0886454
0.0394344 0.764316
0.0647226 0.687841
0.441222 -0.0886414
0.0394344 0.76432
0.0647226 0.687843
0.0647226 0.687845
0.0394344 0.764323
0.0647226 0.687846
0.0394344 0.764324
0.0647226 0.687847
0.0394344 0.764325
0.0647226 0.687851
0.0394344 0.764326
0.0647226 0.687852
0.0394344 0.764333
0.0647226 0.687852
0.0394344 0.764333
0.0647226 0.687859
0.0394344 0.764336
0.0647226 0.687861
0.0394344 0.764339
0.0394344 0.764339
0.0647226 0.687866
0.0394344 0.764341
0.0647226 0.687867
0.0394344 0.764352
0.0647226 0.687881
0.0394344 0.764363
