13 0.0287384
0.5 2.93807
0.199701 3.43128
0.578202 3.14808
0.23183 2.8816
0.427682 2.76481
0.5 2.81955
0.5 2.76404
0.110107 3.54818
0.650976 2.31482
0.621701 2.09248
0.623712 2.22692
0.516158 2.74813
0.541072 3.52231
0.93871 3.43495
0.5 2.49161
0.507322 2.82996
0.700656 2.88615
0.507645 3.43672
0.472661 2.66149
0.103177 3.52676
0.240282 3.00732
0.5 2.96119
0.5 2.51923
0.0954043 3.79422
0.713073 2.75991
0.735355 3.3423
0.474712 2.48076
0 4.17687
0.5 2.98149
0.904556 2.81127
0.421523 2.77492
0.808806 2.62624
0 4.04274
0.49107 2.93782
0.5 3.04592
0.823998 1.74584
0 4.18176
0.681142 2.86852
0.325165 3.54529
0.181638 3.63035
0.429273 2.85424
0.541961 3.30547
0.173402 3.33064
0.440958 2.58271
0.905229 2.91046
0.5 2.95286
0.690321 2.53408
0.0524893 3.82636
0.0615925 3.52938
0.528567 3.30394
0.396129 2.83673
0.204451 3.04394
0.192632 3.29962
0.5 3.29762
0.195148 3.22377
0.516637 3.51667
0.290813 3.15053
0.150089 3.41328
0.760296 3.38845
0.872818 1.66559
0.34631 3.50654
0 3.41346
0.5 2.86944
0.393816 3.42537
0.5 2.84179
0.528661 3.47629
0.5 3.19077
0.5 3.65517
0.837168 1.7442
0.5 2.40373
0.438256 2.68303
0 4.10779
0.0821425 2.95147
0.0239125 3.9779
0.627169 2.60929
0.140935 3.11678
0.545984 3.59405
0.142991 3.79087
0.5 2.74766
0.603827 3.2122
0.0599243 3.57743
0.502709 3.15842
0.410858 3.02964
0.709655 3.15016
0.486977 2.69027
0.849623 1.64875
0.507615 3.16637
0 4.32782
0.777704 3.10852
0.116298 3.3234
0.248611 3.13683
0.393164 2.6121
0.0233221 3.99603
0.412614 2.61497
0.301023 3.60377
0.0309917 3.57377
0.872965 2.11452
0.321167 3.70907
0.0840838 3.54536
1 2.80181
