23 0.0512733
0.627428 1.60516
0.5 2.08639
0.875617 1.28813
0.556902 2.46715
0 3.23477
0 3.31672
0.255033 2.31824
0.582922 2.29349
0.280593 2.45107
0.0572854 3.09842
0.611964 1.46445
0.5 2.27775
0.526297 2.20023
0 3.18955
0.163257 2.5064
0.461599 1.01572
0.572171 2.91331
0.105461 2.58828
0.870249 0.976831
0.618993 1.76261
0.209764 2.48021
0.484608 1.60638
0.815046 1.72611
0.115033 2.7246
0.199965 2.35921
0.256135 2.51677
0.784924 2.12045
0.405693 2.56769
0.517497 2.76759
0.520839 2.51866
0.346447 2.59257
0.691038 1.77412
0.391619 2.87797
0.444369 1.5926
0.5 1.7391
0.560083 2.67381
0 3.504
0 3.34755
0.349877 2.65165
0.501707 2.31352
0.5 2.47902
0.5 1.84448
0.634356 1.31852
0.595462 2.24637
0.69547 2.15792
0.508796 2.32409
0.721016 2.3645
0.859078 1.271
0 3.62642
0.170714 2.76818
0.319516 2.43765
0.265765 2.07953
0 3.59816
0.351506 2.73621
0.307349 2.48215
0.106333 2.86026
0.544591 2.73573
0.131916 2.50978
0.328411 2.57019
0.5 2.27529
0.211032 2.58476
0.284947 2.27772
0.404994 2.66108
0.5 2.83992
0.254378 2.21174
0.433263 1.95265
0.511191 2.73788
0.5 1.90528
0.436708 1.90302
0.275202 2.52559
0.212816 2.67662
0.801033 1.79231
0.475997 1.95847
0.434297 1.99066
0.0718689 2.99502
0.597557 1.9204
0.650423 1.75073
0.5 2.50682
0.203932 2.75944
0.522889 2.44823
0.509899 1.9271
0.5 2.24198
0.0169435 3.23588
0.0154819 3.04155
0.24312 2.68915
0.672809 1.42964
0.144759 3.47612
0.64972 1.43044
0.485484 2.44087
0.206862 2.77877
0.5 2.67659
0.176951 2.67902
0.297212 2.647
0.435538 1.66383
0 3.56307
0.482705 1.83984
0.5 1.71348
0.448779 1.7608
0.450956 1.47198
0.415924 1.95658
