198640 600.003
0.65246 -0.45601
0.453653 -0.121932
0.257754 0.244761
0.20491 0.523022
0.015432 0.875119
0.0832128 0.672769
0.223287 0.385473
0.0258294 0.824825
0.435469 -0.0469279
0.229932 0.339085
0.250644 0.253073
0.241954 0.279343
0.213777 0.454244
0.428388 0.0185715
0.845403 -0.74664
0.196977 0.580404
0.21616 0.435304
0.192439 0.611764
0.445703 -0.105682
0.0784656 0.676417
0.415395 0.169229
0.621133 -0.167164
0.827809 -0.540418
0.629187 -0.288141
0.83508 -0.651853
0.0699602 0.698377
0.00840529 0.911854
0.623301 -0.200117
0.23419 0.31506
0.442293 -0.0908666
0.00639187 0.924015
0.438625 -0.0670801
0.0587439 0.708628
0.237571 0.298816
0.00209324 0.96329
0.0316748 0.799716
0.420695 0.100374
0.424651 0.0563681
0.419625 0.115666
0.0464271 0.742495
0.0519701 0.729714
0.184142 0.666403
0.838155 -0.68625
0.00104768 0.979465
0.0432277 0.754824
0.648221 -0.444945
0.425966 0.040957
0.41247 0.203604
0.0562863 0.715045
0.0375951 0.776854
0.194657 0.597419
0.826156 -0.507353
0.0343959 0.789436
0.83587 -0.665392
0.824221 -0.471182
0.635483 -0.360346
0.631722 -0.32226
0.840291 -0.714496
0.634633 -0.355707
0.626984 -0.25125
0.41337 0.193382
0.851777 -0.771042
1.43375e-08 1.01791
0.739751 0.847056
0.308635 0.534016
0.672048 -0.330411
0.544704 0.804164
0.750124 0.889505
0.776542 0.645965
0.577632 0.617796
0.744562 0.877182
0.501197 0.316772
0.705939 0.295608
0.656408 -0.446993
0.550884 0.814619
0.900396 0.0666916
0.769003 0.765357
0.392453 0.472006
0.495224 0.228266
0.882797 -0.387139
0.50883 0.43162
0.281353 0.320066
0.554848 0.810881
0.436743 -0.0541133
0.283205 0.332722
0.7828 0.524909
0.0643717 0.698785
0.405026 0.306632
0.432853 -0.0244825
0.533957 0.743508
0.651746 -0.451941
0.625538 -0.235019
0.581981 0.553688
0.6713 -0.341426
0.637418 -0.381654
0.393018 0.464928
0.82787 -0.539523
0.916304 0.49709
0.482461 0.0588079
0.461422 -0.104547
