197174 360.032
0.45276 -0.12186
0.0816692 0.67306
0.257498 0.244764
0.652003 -0.456041
0.236334 0.305233
0.833129 -0.628273
0.00138499 0.970046
0.431854 -0.0149734
0.0073924 0.918984
0.220533 0.402818
0.635145 -0.357169
0.250143 0.253799
0.0435948 0.754728
0.627656 -0.266047
0.230298 0.340537
0.838562 -0.697355
0.225956 0.367173
0.207228 0.503389
0.828762 -0.557918
0.191904 0.615346
0.0363061 0.781586
0.41976 0.120897
0.0127198 0.887939
0.624573 -0.218086
0.214696 0.449557
0.444002 -0.0986036
0.0501247 0.733491
0.0625679 0.697145
0.0326985 0.79683
0.0161438 0.870154
0.4391 -0.0672594
0.436903 -0.0509403
0.0229821 0.838918
0.201711 0.546249
0.425824 0.0487534
0.64328 -0.426264
0.631258 -0.315122
0.845192 -0.750775
0.0691749 0.686751
0.422539 0.0808154
0.825944 -0.505139
0.41619 0.160422
0.0302241 0.819422
0.848382 -0.764756
0.0207264 0.84956
0.21027 0.478964
0.0758027 0.679262
0.842191 -0.728995
0.0571663 0.710436
0.827232 -0.530592
0.187677 0.645416
0.054786 0.717843
0.199797 0.560105
0.414595 0.177307
0.447218 -0.109772
0.185907 0.654395
0.424156 0.0611993
0.195865 0.59009
0.212082 0.467059
0.19715 0.579078
0.840833 -0.715416
0.851719 -0.771187
2.78168e-08 1.02492
0.508405 0.422926
0.504212 0.359965
0.415291 0.167592
0.203798 0.528562
0.26136 0.247457
0.366979 0.714706
0.38315 0.578196
0.702616 0.222683
0.389314 0.507737
0.56619 0.746116
0.583278 0.532903
0.155791 0.762576
0.437277 -0.0601129
0.10581 0.700486
0.29217 0.392433
0.141582 0.768907
0.401387 0.353711
0.493944 0.207635
0.282354 0.325631
0.0775163 0.676714
0.485344 0.0911723
0.64636 -0.44249
0.536638 0.762269
0.382496 0.58599
0.30739 0.51938
0.484217 0.0789715
0.445023 -0.103526
0.482626 0.0595429
0.605583 0.119686
0.131168 0.752098
0.303176 0.483821
0.333394 0.715693
0.500133 0.29934
0.280739 0.315872
0.189959 0.628138
0.410686 0.229857
0.356876 0.756159
