256561 280.013
4.21013e-05 0.993511
0.851287 -0.773241
0.517476 0.886419
0.45535 -0.00260157
0.45535 -0.00260157
0.433691 0.397667
0.655878 -0.120389
0.427345 0.216933
0.8431 -0.556782
0.631845 0.0743431
0.654772 -0.260924
0.622271 0.0840818
0.0740615 0.886197
0.282566 0.617887
0.642219 -0.175183
0.0900462 0.799869
0.454581 0.0293105
0.726789 0.816219
0.208706 0.622789
0.289797 0.660606
0.282566 0.617887
0.657279 -0.266915
0.301975 0.677215
0.663019 -0.222004
0.495799 0.351357
0.856001 -0.564168
0.464219 -0.0515919
0.657279 -0.266915
0.210744 0.57569
0.639455 0.0674309
0.875685 -0.401173
0.468566 0.239105
0.637359 -0.0605006
0.0900462 0.799869
0.64528 -0.185016
0.663019 -0.197943
0.0974108 0.865629
0.663019 -0.22919
0.653312 0.0248767
0.663019 -0.197943
0.831815 -0.393302
0.635845 -0.247359
0.865157 -0.347588
0.853781 -0.645949
0.643247 -0.123628
0.470217 0.414682
0.393505 0.906433
0.658166 -0.376276
0.199069 0.664359
0.201888 0.893668
0.838386 -0.526431
0.807815 0.18835
0.318456 0.89522
0.639455 0.0674309
0.850231 -0.720105
0.840624 -0.451292
0.301975 0.677215
0.632524 -0.241927
0.640365 -0.221826
0.64968 -0.110825
0.874562 -0.340292
0.508 0.579859
0.631845 0.0743431
0.437667 0.0548909
0.640365 -0.221826
0.318456 0.89522
0.236396 0.537984
0.0859713 0.807379
0.446822 0.0856022
0.0974108 0.865629
0.853781 -0.645949
0.838784 -0.399281
0.466629 0.139951
0.432622 0.375881
0.0859713 0.807379
0.442508 0.236305
0.454581 0.0138514
0.210744 0.57569
0.168927 0.967694
0.807815 0.18835
0.635304 -0.214526
0.642219 -0.175183
0.658166 -0.376276
0.654772 -0.260924
0.850231 -0.720105
0.427345 0.216933
0.289797 0.660606
0.840499 -0.592204
0.671294 -0.164214
0.208706 0.622789
0.437667 0.0548909
0.874562 -0.340292
0.8431 -0.556782
0.117426 1.01834
0.622271 0.0840818
0.663019 -0.22919
0.432622 0.375881
0.637359 -0.0605006
0.638617 -0.248223
0.840028 -0.681949
