11629 20.0018
0.652731 -0.453885
0.454264 -0.119893
0.257759 0.247661
0.0826865 0.67591
0.0377042 0.779166
0.22436 0.381294
0.0669253 0.694709
0.249389 0.25691
0.026873 0.8242
0.64407 -0.428962
0.0581422 0.718766
0.835973 -0.664231
0.231913 0.331219
0.0165185 0.872207
0.838975 -0.698298
0.440669 -0.080125
0.433923 -0.0277883
0.022352 0.845042
0.62658 -0.250263
0.00254015 0.958949
0.187629 0.646878
0.000485951 0.999803
0.83173 -0.605256
0.196964 0.584522
0.417152 0.14719
0.0458977 0.749638
0.0490538 0.739497
0.637764 -0.382568
0.435849 -0.0468871
0.011977 0.897848
0.623464 -0.202765
0.640174 -0.403347
0.84572 -0.752278
0.421534 0.0946837
0.203282 0.540136
0.194656 0.59959
0.216309 0.436297
0.84331 -0.729704
0.629106 -0.283995
0.63133 -0.31449
0.00524148 0.935243
0.235084 0.315207
0.213286 0.464781
0.0083744 0.916644
0.218985 0.424135
0.412915 0.205557
0.444807 -0.0924448
0.827039 -0.524843
0.414384 0.183856
0.825483 -0.492365
0.425064 0.0530705
0.419726 0.116735
0.620458 -0.152552
0.20757 0.503736
0.209913 0.48784
0.239457 0.292988
0.849225 -0.765699
0.828924 -0.556065
0.241801 0.288143
0.192093 0.633084
0.852806 -0.769169
0.852806 -0.769169
1.17042e-06 1.04818
0.420233 0.114037
0.722287 0.623659
0.84228 -0.726201
0.844953 -0.742128
0.997739 0.0783732
0.383301 0.58511
0.735286 0.80853
0.300442 0.466282
0.0748623 0.683924
0.521958 0.620829
0.222392 0.397137
0.460049 -0.104463
0.164374 0.75352
0.740567 0.855906
0.945987 0.973171
0.792618 0.302199
0.501566 0.325953
0.462043 -0.0994213
0.607968 0.0786546
0.695004 0.0652775
0.757197 0.875478
0.58799 0.460695
0.504992 0.380011
0.53576 0.760365
0.275142 0.289548
0.76612 0.803778
0.45216 -0.11483
0.5993 0.249418
0.593997 0.351167
0.639355 -0.393323
0.825247 -0.488403
0.527289 0.684808
0.491656 0.179289
0.670106 -0.348539
0.742248 0.86958
0.536576 0.765376
0.952309 0.983511
