15700 40.0066
0.454924 -0.109373
0.259012 0.258578
0.653188 -0.44542
0.0837827 0.689707
0.219 0.435837
0.636493 -0.360943
0.190135 0.642236
0.239888 0.300091
0.84474 -0.73672
0.648941 -0.440134
0.198042 0.593283
0.00454987 0.965278
0.838882 -0.685971
0.0103393 0.914541
0.623668 -0.192934
0.232487 0.342392
0.830727 -0.568883
0.0713068 0.696721
0.0285343 0.831085
0.225122 0.386856
0.248306 0.275429
0.0209019 0.8676
0.207942 0.515392
0.000684175 1.0152
0.418228 0.142299
0.44799 -0.103417
0.0478744 0.754943
0.436662 -0.0362954
0.834412 -0.628404
0.627691 -0.250696
0.413667 0.215571
0.427434 0.0440513
0.824596 -0.463044
0.0546217 0.732735
0.441904 -0.0739962
0.424477 0.0700784
0.620537 -0.13812
0.0438077 0.774419
0.629835 -0.278758
0.431789 -0.00398831
0.0594415 0.723111
0.228514 0.369984
0.204308 0.546851
0.0664221 0.710475
0.000139548 1.05147
0.634386 -0.329086
0.0331377 0.817408
0.422656 0.101321
0.254699 0.264607
0.0147708 0.898023
0.41112 0.240531
0.836511 -0.646799
0.632434 -0.300676
0.205738 0.528431
0.444518 -0.0838733
0.0175598 0.888164
0.0372073 0.80172
0.420094 0.130693
0.0391594 0.795477
0.4332 -0.0122773
1.16272e-07 1.16448
0.85157 -0.761013
1.16272e-07 1.16448
0.301993 0.528965
0.327834 0.733212
0.0553514 0.789165
0.473394 0.00211496
0.688505 -0.0324188
0.762119 0.869055
0.329223 0.746695
0.273107 0.338692
0.702421 0.265844
0.359333 0.796718
0.378942 0.67926
0.97358 0.771733
0.394728 0.47885
0.305037 0.54581
0.636828 -0.33825
0.0184599 0.919904
0.673776 -0.265185
0.67266 -0.279217
0.54634 0.851911
0.0963015 0.739155
0.709662 0.423564
0.712069 0.459162
0.175498 0.772426
0.498315 0.307301
0.352179 0.804835
0.746609 0.921454
0.283833 0.376726
0.294311 0.453793
0.546002 0.863885
0.579354 0.638695
0.375689 0.688564
0.587765 0.513235
0.483249 0.131703
0.553367 0.852024
0.95445 1.01709
0.378422 0.681606
0.687631 -0.0492472
