150876 200.015
2.7941e-20 1
0.851455 -0.773297
0.269766 0.632745
0.261353 0.873258
0.261353 0.873258
0.657729 -0.227322
0.843173 -0.419724
0.661337 -0.007391
0.0725609 0.767056
0.858849 0.101545
0.82931 -0.254365
0.850108 -0.471612
0.610732 0.598233
0.999029 0.370109
0.637411 0.0663598
0.62838 0.164381
0.824267 -0.329756
0.468549 0.314986
0.286201 0.724144
0.640422 -0.183231
0.637411 0.0663598
0.124118 0.951141
0.859106 -0.411857
0.437761 0.0261108
0.62838 0.164381
0.829262 -0.365376
0.0739103 0.830513
0.461266 0.0379562
0.468549 0.314986
0.0739103 0.830513
0.458002 0.29086
0.0803502 0.767666
0.237574 0.539766
0.87103 -0.187408
0.62521 -0.0456992
0.101167 0.868568
0.874878 -0.196725
0.859106 -0.411857
0.458695 0.171412
0.437761 0.0261108
0.668433 -0.345604
0.658572 -0.1061
0.286201 0.724144
0.850108 -0.471612
0.85574 -0.473533
0.661102 -0.0947017
0.692194 0.24496
0.62838 0.17027
0.806531 0.331585
0.450415 0.210509
0.420004 0.678931
0.850226 -0.401071
0.657729 -0.227322
0.420004 0.678931
0.636575 -0.112578
0.507397 0.607823
0.668433 -0.345604
0.863763 -0.64865
0.435076 0.400119
0.114477 1.1759
0.806531 0.331585
0.874878 -0.196725
0.245374 0.806371
0.194356 0.862101
0.064297 1.15079
0.143453 0.932782
0.368251 1.24093
0.368251 1.24093
0.378084 1.14301
0.829262 -0.365376
0.656708 -0.20558
0.114477 1.1759
0.692194 0.24496
0.245374 0.806371
0.656708 -0.20558
0.507397 0.607823
0.0725609 0.767056
0.62521 -0.0456992
0.267219 0.646721
0.829133 -0.413363
0.479629 0.517422
0.860706 -0.412632
0.458695 0.171412
0.800709 0.340058
0.850226 -0.401071
0.269766 0.632745
0.20516 0.815202
0.90344 0.201093
0.883136 0.000542584
0.656446 -0.12613
0.636575 -0.112578
0.613821 0.143491
0.660428 -0.171855
0.848942 -0.497089
0.826868 -0.268707
0.633049 -0.171054
0.800709 0.340058
0.85574 -0.473533
0.62838 0.17027
0.82931 -0.254365
