1410835 510.01
1.4956e-09 1.74375
1.4956e-09 1.74375
0.641929 -0.255698
0.0773604 1.15374
0.254784 0.437227
0.476673 0.16895
0.427399 0.285604
0.476673 0.16895
0.205277 0.76123
0.205269 1.10766
0.427399 0.285604
6.04638e-07 1.44028
1.67199e-06 1.18924
1.67199e-06 1.18924
0.254717 0.630294
0.23095 0.719144
0.254717 0.630294
0.254717 0.630294
0.427399 0.285604
0.641929 -0.255698
0.64192 -0.10699
2.08264e-07 1.59934
6.85895e-08 1.72543
2.66632e-07 1.56433
6.04638e-07 1.44028
0.23095 0.719144
6.04638e-07 1.44028
0.627074 0.0299971
0.627074 0.0299971
0.627089 -0.078948
0.64192 -0.10699
0.627089 -0.078948
0.205277 0.76123
0.254784 0.437227
0.254755 0.476087
0.627089 -0.078948
2.66632e-07 1.56433
0.64192 -0.10699
0.476673 0.16895
0.641929 -0.255698
1.67199e-06 1.18924
0.205277 0.76123
0.627074 0.0299971
0.254717 0.630294
6.04638e-07 1.44028
6.04638e-07 1.44028
1.4956e-09 1.74375
0.627089 -0.078948
0.0773604 1.15374
0.205277 0.76123
0.427399 0.285604
0.627074 0.0299971
0.23095 0.719144
6.04638e-07 1.44028
0.476673 0.16895
0.64192 -0.10699
0.476673 0.16895
0.476673 0.16895
0.476673 0.16895
6.04638e-07 1.44028
0.641929 -0.255698
0.254755 0.476087
1.67199e-06 1.18924
0.254717 0.630294
1.67199e-06 1.18924
0.476673 0.16895
1.67199e-06 1.18924
0.641929 -0.255698
0.476673 0.16895
0.205269 1.10766
1.67199e-06 1.18924
0.254717 0.630294
0.427399 0.285604
2.08264e-07 1.59934
6.85895e-08 1.72543
0.23095 0.719144
6.04638e-07 1.44028
0.627089 -0.078948
0.205277 0.76123
0.254784 0.437227
0.64192 -0.10699
0.476673 0.16895
1.67199e-06 1.18924
1.67199e-06 1.18924
6.04638e-07 1.44028
1.4956e-09 1.74375
0.0773604 1.15374
0.427399 0.285604
0.627074 0.0299971
6.04638e-07 1.44028
0.476673 0.16895
0.476673 0.16895
6.04638e-07 1.44028
0.254755 0.476087
1.67199e-06 1.18924
0.254717 0.630294
1.67199e-06 1.18924
0.627072 0.123036
0.627074 0.0299971
0.476673 0.16895
