499227 350.015
0.441642 0.195665
0.095779 0.779831
0.82838 -0.316873
0.458821 -0.0224656
0.64271 -0.305062
0.631934 -0.0345295
0.095779 0.779831
0.095779 0.779831
0.441663 0.0859588
0.00056909 1.58301
0.000573659 1.35674
0.000566889 1.59972
0.0533767 0.929693
0.441663 0.0859588
0.859236 -0.496755
0.828384 -0.417943
0.82838 -0.316873
0.6427 -0.123974
0.000573892 1.26658
0.00757211 1.13816
0.0533767 0.929693
0.0533669 1.05174
0.000573659 1.35674
0.642692 -0.109253
0.631934 -0.0345295
0.828384 -0.417943
0.0266606 1.08256
0.0266606 1.08256
0.82838 -0.316873
0.000573892 1.26658
0.000573659 1.35674
0.458821 -0.0224656
0.0533739 0.999659
0.631934 -0.0345295
0.0266606 1.08256
0.82838 -0.316873
0.0533669 1.05174
0.00056909 1.58301
0.6427 -0.123974
0.642692 -0.109253
0.0533669 1.05174
0.000573659 1.35674
0.0533767 0.929693
0.642692 -0.109253
0.828384 -0.417943
0.458821 -0.0224656
0.64271 -0.305062
0.000573659 1.35674
0.458821 -0.0224656
0.631934 -0.0345295
0.095779 0.779831
0.0266606 1.08256
0.095779 0.779831
0.642692 -0.109253
0.0533767 0.929693
0.0533767 0.929693
0.095779 0.779831
0.095779 0.779831
0.631934 -0.0345295
0.095779 0.779831
0.642692 -0.109253
0.095779 0.779831
0.0533767 0.929693
0.642692 -0.109253
0.0533669 1.05174
0.441663 0.0859588
0.828384 -0.417943
0.00757211 1.13816
0.0533767 0.929693
0.000573659 1.35674
0.000566889 1.59972
0.631934 -0.0345295
0.828384 -0.417943
0.0266606 1.08256
0.000573892 1.26658
0.458821 -0.0224656
0.82838 -0.316873
0.0533669 1.05174
0.00056909 1.58301
0.095779 0.779831
0.642692 -0.109253
0.828384 -0.417943
0.458821 -0.0224656
0.64271 -0.305062
0.000573659 1.35674
0.095779 0.779831
0.0266606 1.08256
0.0533767 0.929693
0.642692 -0.109253
0.0533767 0.929693
0.0533767 0.929693
0.095779 0.779831
0.095779 0.779831
0.00055165 1.77042
0.441642 0.195665
0.6427 -0.123974
0.642692 -0.109253
0.00056909 1.58301
0.095779 0.779831
0.82838 -0.316873
