34 0.0752843
0 2.99533
0 2.87206
0.0378001 2.30024
0.056909 2.71528
0 3.0523
1 1.64906
0.149197 3.05219
0.528985 2.19008
0.345231 2.777
0.168754 2.53064
0.297563 2.10762
0 2.94355
0.5 1.91842
0.796809 1.67271
0.938117 3.04984
0.460862 1.52858
0.331609 2.16213
0.383701 2.33445
0.656547 1.32856
0.562498 2.64879
0.283776 2.44061
0.378375 2.40138
0.0460141 2.47677
0.610163 1.34224
0.925648 2.22302
0 3.2712
0.195257 2.5809
0.614533 1.69012
0.278116 2.6072
0.360877 2.46446
0.736706 2.56192
0.123859 2.85676
0 2.74311
0.5 2.15308
0.356375 2.43806
0 3.45208
0.388984 2.74486
0 3.17775
0.281597 2.33113
0.246194 2.09221
0.709629 2.07808
0.275483 2.04867
0.468993 1.53362
0.268723 2.19009
0.576217 2.53967
0 2.89864
0.289888 2.18206
0 2.61378
0.380294 2.58
0.638236 1.5709
0.599807 2.01761
0.167743 2.65766
0.31882 2.51153
0.36587 2.51013
0 3.11363
0.711998 2.76622
0.177863 2.89444
0.322639 2.67377
0.144157 2.92527
0.289822 2.28867
0.0619298 2.90442
0.483643 2.15837
0.5 2.31607
0.625432 1.53454
0 2.69975
0.250896 1.86888
0 3.25377
0.717854 2.84119
1 1.85277
0.0152388 2.78014
0.726956 2.57502
0 3.30666
0.877407 1.18309
0.283314 2.09065
1 1.65257
0.705409 2.29895
0 3.32161
0.302424 2.18253
0.205261 2.11636
0.428914 1.59349
0.137799 2.43707
0.461163 1.65615
0 2.74011
0.5 1.95217
0.884068 1.77526
0 3.61321
0.312064 2.5404
0.0654016 2.55723
0.415631 2.42096
0.5 2.17568
0.058467 2.63472
0 3.49641
0.302784 2.03502
0.222241 2.00844
0.0121699 3.11818
0.323041 2.16064
1 1.92965
0.821418 1.47839
0.310649 2.12372
0.280338 2.54366
