58656 170.028
0.453111 -0.120451
0.259469 0.246913
0.0615607 0.701045
0.200415 0.559439
0.652161 -0.454651
0.446818 -0.10832
0.046703 0.74732
0.0828658 0.674206
0.209968 0.483703
0.194592 0.59786
0.218782 0.420221
0.846868 -0.758318
0.83423 -0.642422
0.00413638 0.944475
0.644416 -0.433221
0.632154 -0.325163
0.0302813 0.807474
0.0244314 0.832664
0.852804 -0.769997
0.420228 0.10835
0.635723 -0.364741
0.623862 -0.210433
0.826681 -0.519555
0.411803 0.213358
0.24374 0.273611
0.224404 0.377635
0.0193481 0.855379
0.427163 0.0291757
0.240053 0.286582
0.189581 0.633806
0.829768 -0.572222
0.0418729 0.764043
0.627933 -0.265567
0.622443 -0.187398
0.00824764 0.920368
0.629107 -0.285378
0.619921 -0.144216
0.42478 0.0543447
0.83105 -0.590504
0.42279 0.0794127
0.825237 -0.490438
0.226315 0.36373
0.0768973 0.676553
0.0164021 0.870361
0.0107686 0.899041
0.187956 0.647429
0.0129611 0.886732
0.0356898 0.786126
0.23607 0.305645
0.837391 -0.683904
0.234234 0.315741
0.212867 0.4602
0.63841 -0.391438
0.000741787 0.983658
0.0376493 0.777493
0.214476 0.451926
0.841994 -0.729186
0.0750259 0.684717
0.650643 -0.452662
0.416066 0.160122
0.43687 -0.0559969
0.852804 -0.769997
8.59075e-08 1.02089
0.696197 0.0982945
0.0876485 0.702523
0.966449 0.87417
0.930213 0.807229
0.0145676 0.895894
0.813501 -0.221133
0.655514 -0.441393
0.780265 0.587541
0.335138 0.746862
0.653473 -0.440302
0.0213514 0.866211
0.266263 0.27366
0.576818 0.640436
0.730028 0.754372
0.817203 -0.301501
0.416554 0.165167
0.711401 0.424136
0.186742 0.668882
0.445307 -0.0933998
0.223277 0.401315
0.120809 0.748835
0.240478 0.311838
0.882207 -0.38597
0.964029 0.906189
0.616119 -0.0692164
0.869681 -0.624956
0.428954 0.0308899
0.709559 0.380377
0.747924 0.897361
0.500491 0.315496
0.974909 0.72156
0.363802 0.744467
0.828297 -0.527921
0.488158 0.142337
0.143169 0.782203
0.614163 -0.0253193
0.103696 0.711302
