445636 520.033
5.00295e-05 0.992927
0.851305 -0.773251
0.632404 -0.0472868
0.669377 -0.155353
0.612815 0.200667
0.656798 -0.288548
0.0329199 0.96578
0.107008 0.964989
0.864538 -0.640493
0.64258 -0.232161
0.620198 0.0285921
0.418461 0.382428
0.655421 -0.269369
0.616831 0.161147
0.0569583 0.993524
0.0920762 0.835017
0.237873 0.603126
0.226249 0.95608
0.448647 0.193596
0.105842 1.23993
0.315009 0.712964
0.64258 -0.232161
0.249411 0.709668
0.852705 -0.571055
0.653407 -0.334678
0.807018 0.0910356
0.620198 0.0285921
0.280044 0.561429
0.851683 -0.595941
0.848365 -0.316524
0.266697 0.633656
0.876679 -0.340688
0.830628 -0.445151
0.612798 0.137886
0.861953 -0.574382
0.679318 0.0511437
0.632404 -0.0472868
0.477695 0.118586
0.861953 -0.574382
0.215496 1.03694
0.8308 -0.444565
0.654272 -0.290282
0.864114 -0.260039
0.0329199 0.96578
0.627598 -0.0524619
0.830628 -0.445151
0.626959 0.07651
0.459825 0.171053
0.00647211 0.979326
0.418461 0.382428
0.626959 0.07651
0.864538 -0.640493
0.665883 -0.268187
0.826738 -0.394111
0.280044 0.561429
0.0607347 0.778924
0.644531 -0.193759
0.657606 -0.199082
0.850697 -0.712724
0.829543 -0.304005
0.639987 -0.256177
0.830456 -0.420496
0.651967 -0.245497
0.105842 1.23993
0.654155 -0.287192
0.654155 -0.287192
0.671108 -0.181129
0.642402 -0.0911928
0.651967 -0.245497
0.8308 -0.444565
0.864706 -0.617557
0.807656 0.154255
0.829543 -0.304005
0.864114 -0.260039
0.615425 0.124783
0.0430097 0.808914
0.648488 -0.243509
0.830456 -0.420496
0.88754 -0.00328182
0.0430097 0.808914
0.653407 -0.334678
0.666219 -0.0368201
0.477695 0.118586
0.656798 -0.288548
0.848365 -0.316524
0.853049 -0.581227
0.215496 1.03694
0.0607347 0.778924
0.679318 0.0511437
0.870002 -0.394799
0.686203 0.216095
0.852705 -0.571055
0.641223 -0.221838
0.627598 -0.0524619
0.612798 0.137886
0.448647 0.193596
0.637623 -0.112544
0.666219 -0.0368201
0.820425 -0.227639
0.621124 0.0987837
