30054 70.0096
0.852193 -0.772778
0.852193 -0.772778
8.91301e-08 1.00705
8.91301e-08 1.00705
0.658062 -0.441372
0.454546 -0.123385
0.658062 -0.441372
0.82259 -0.442211
0.258938 0.243304
0.409544 0.240612
0.454546 -0.123385
0.0822063 0.671898
0.182219 0.670967
0.00454162 0.943836
0.227533 0.35111
0.0290775 0.812758
0.216671 0.427157
0.243918 0.267658
0.233529 0.314717
0.191696 0.612699
0.197821 0.569993
0.20386 0.525388
0.0156688 0.869365
0.443151 -0.0970408
0.419103 0.121094
0.826653 -0.522242
0.415339 0.163879
0.432805 -0.025631
0.0572544 0.708696
0.208883 0.486294
0.437081 -0.0619377
0.0508156 0.726989
0.0746794 0.683084
0.412413 0.202492
0.824285 -0.476108
0.428316 0.0135911
0.828844 -0.562098
0.422219 0.0807382
0.834841 -0.654765
0.0404346 0.76277
0.840565 -0.720052
0.425318 0.0468573
0.0156688 0.869365
0.184826 0.657192
0.213372 0.452221
0.0362001 0.780033
0.845982 -0.757671
0.831222 -0.600679
0.832229 -0.617097
0.837799 -0.691223
0.837799 -0.691223
0.850325 -0.771448
0.837799 -0.691223
0.852193 -0.772499
0.832229 -0.617023
0.840565 -0.719723
0.852193 -0.772278
0.832229 -0.616632
0.840565 -0.719617
0.852193 -0.772257
0.840565 -0.719476
0.852193 -0.772165
0.840565 -0.719251
0.852193 -0.772165
0.840565 -0.719189
0.852193 -0.772145
0.840565 -0.718673
0.852193 -0.772141
0.852193 -0.772127
0.852193 -0.772123
0.852193 -0.772113
0.852193 -0.772113
0.852193 -0.772112
0.852193 -0.772108
0.852193 -0.7721
0.852193 -0.772097
0.852193 -0.772049
0.852193 -0.772037
0.852193 -0.772034
0.852193 -0.771994
0.852193 -0.771993
0.852193 -0.771896
0.852193 -0.771865
0.852193 -0.771859
0.852193 -0.771816
0.852193 -0.771781
0.852193 -0.771771
0.852193 -0.771745
0.852193 -0.771708
0.852193 -0.771647
0.852193 -0.771635
0.852193 -0.771631
0.852193 -0.771617
0.852193 -0.771581
0.852193 -0.771555
0.852193 -0.771498
0.852193 -0.771419
0.852193 -0.771377
0.852193 -0.771233
0.860489 -0.740173
