88509 290.042
0 1
0.851832 -0.773369
0 1
0.823332 -0.458265
0.453882 -0.124218
0.652512 -0.458263
0.618397 -0.12422
0.409314 0.24216
0.257762 0.242161
0.0830017 0.669652
0.182229 0.669652
0.0454486 0.741829
0.836595 -0.676878
0.00244823 0.950332
0.622953 -0.200551
0.833767 -0.640782
0.0114447 0.888993
0.203566 0.526062
0.239623 0.283739
0.218104 0.41552
0.412953 0.193947
0.0687837 0.680583
0.626086 -0.248736
0.416341 0.150283
0.0524528 0.718677
0.19736 0.572099
0.64614 -0.445223
0.824393 -0.475547
0.194744 0.590715
0.432165 -0.0234707
0.421805 0.0836573
0.222727 0.382211
0.00662587 0.917235
0.42994 -0.00304854
0.0218108 0.838512
0.627938 -0.275474
0.025173 0.823447
0.191422 0.613445
0.0379346 0.76999
0.423694 0.0620213
0.828331 -0.553817
0.207131 0.498866
0.826943 -0.528684
0.434878 -0.0461694
0.418649 0.12149
0.410124 0.231502
0.439625 -0.079302
0.0295229 0.804556
0.226898 0.353953
0.419877 0.106541
0.0642567 0.69159
0.436724 -0.0601406
0.0163835 0.863937
0.221074 0.393909
0.830553 -0.591651
0.633077 -0.341351
0.622071 -0.184381
0.186519 0.644777
0.210966 0.469443
0.0321528 0.793458
0.629377 -0.295176
0.425516 0.0419608
0.63528 -0.365598
0.246102 0.259654
0.636214 -0.375098
0.230196 0.333152
0.825856 -0.50691
0.839286 -0.708318
0.00783285 0.909775
0.427749 0.0185453
0.244399 0.265415
0.234665 0.307653
0.619985 -0.151581
0.253583 0.24448
0.0581128 0.702698
0.214564 0.442006
0.63208 -0.329567
0.214564 0.442006
0.182645 0.667349
0.416703 0.145717
0.839416 -0.709634
0.842282 -0.735406
0.412261 0.203031
0.832673 -0.618256
0.638697 -0.398036
0.232591 0.319089
0.831869 -0.612592
0.443997 -0.10224
0.642363 -0.425441
0.208542 0.488039
0.619592 -0.144876
0.626247 -0.250999
0.189084 0.628793
0.200546 0.548736
0.0361459 0.777103
0.0174905 0.858614
0.200595 0.548382
0.000632739 0.974837
0.845872 -0.75848
0.427261 0.0291179
