59910 200.034
0.652408 -0.458124
0.652408 -0.458124
1.98626e-16 1.00048
1.98626e-16 1.00048
0.453525 -0.123936
0.618416 -0.124334
0.417114 0.140801
0.257852 0.242341
0.182274 0.669818
0.081961 0.670195
0.257852 0.242341
0.0412414 0.758151
0.226316 0.358463
0.0525322 0.720798
0.0231758 0.847559
0.417114 0.140801
0.0130174 0.891035
0.208811 0.486265
0.219559 0.405184
0.214788 0.440876
0.198372 0.565154
0.620584 -0.161075
0.203731 0.52518
0.192781 0.604778
0.232446 0.320422
0.00198691 0.956778
0.631051 -0.316593
0.427557 0.0209432
0.62388 -0.214846
0.00759079 0.921978
0.420924 0.0944959
0.187155 0.641085
0.244482 0.26525
0.423414 0.0655005
0.627861 -0.274136
0.0621424 0.693853
0.0329887 0.790758
0.434912 -0.0460845
0.430678 -0.00952048
0.238674 0.287988
0.444086 -0.10216
0.0290565 0.816185
0.634039 -0.352051
0.439095 -0.0758746
0.636819 -0.380588
0.640181 -0.409435
0.625589 -0.240998
0.0719968 0.676713
0.645032 -0.440032
0.643812 -0.43363
0.6519 -0.457748
0.652408 -0.45803
0.187155 0.641373
0.634039 -0.351833
0.645032 -0.439856
0.6519 -0.45771
0.652408 -0.458024
0.634039 -0.351804
0.645032 -0.439816
0.6519 -0.45768
0.652408 -0.457998
0.645032 -0.43974
0.6519 -0.457647
0.652408 -0.457968
0.6519 -0.457641
0.652408 -0.45795
0.6519 -0.457633
0.652408 -0.457858
0.6519 -0.457629
0.652408 -0.457818
0.6519 -0.457625
0.652408 -0.457818
0.6519 -0.457564
0.652408 -0.457814
0.6519 -0.457556
0.652408 -0.457771
0.6519 -0.457539
0.652408 -0.457765
0.6519 -0.457503
0.652408 -0.457749
0.6519 -0.457492
0.652408 -0.457729
0.6519 -0.45748
0.652408 -0.457712
0.6519 -0.457435
0.652408 -0.457711
0.652408 -0.457711
0.652408 -0.457698
0.652408 -0.457697
0.652408 -0.457692
0.652408 -0.457687
0.652408 -0.457682
0.652408 -0.45768
0.652408 -0.457675
0.652408 -0.457654
0.652408 -0.457612
0.652408 -0.457611
0.652408 -0.457566
0.652408 -0.457519
0.652408 -0.457454
