367379 240.008
1.63251e-09 1.50147
1.63251e-09 1.50147
0.856162 -0.603097
0.648726 -0.323478
0.624932 -0.0972483
0.205069 0.682384
0.0749785 0.838464
0.440702 0.0409549
0.261062 0.41232
0.415928 0.371496
0.0133137 1.02023
0.261062 0.41232
0.26103 0.656143
0.43567 0.354347
0.0133057 1.22897
0.0749617 0.970472
0.0133001 1.36502
0.624947 -0.133675
0.0133137 1.02023
0.205069 0.682384
0.641865 -0.258902
0.440702 0.0409549
0.26103 0.656143
3.19719e-07 1.37922
0.0133037 1.244
0.641865 -0.258902
0.0749785 0.838464
0.074962 0.926729
0.648726 -0.323478
0.415928 0.371496
0.435719 0.0949194
0.440702 0.0409549
0.0133137 1.02023
0.0133037 1.244
0.0749617 0.970472
0.074962 0.926729
0.435698 0.126966
0.435689 0.163738
3.19719e-07 1.37922
0.624932 -0.0972483
0.435719 0.0949194
3.19719e-07 1.37922
0.435689 0.163738
0.0133137 1.02023
0.26103 0.656143
0.0133057 1.22897
0.0133037 1.244
0.440702 0.0409549
0.435719 0.0949194
0.435719 0.0949194
0.074962 0.926729
0.435719 0.0949194
0.0133137 1.02023
0.440702 0.0409549
0.0133037 1.244
3.19719e-07 1.37922
0.415928 0.371496
0.648726 -0.323478
0.641865 -0.258902
0.415928 0.371496
0.0749617 0.970472
0.624932 -0.0972483
0.435719 0.0949194
0.435719 0.0949194
0.0133137 1.02023
0.0749617 0.970472
0.0133001 1.36502
0.624932 -0.0972483
0.648726 -0.323478
0.435719 0.0949194
0.435719 0.0949194
0.0749785 0.838464
0.0133137 1.02023
0.624932 -0.0972483
0.0749617 0.970472
0.435719 0.0949194
0.440702 0.0409549
0.0133037 1.244
0.26103 0.656143
0.261062 0.41232
0.435698 0.126966
0.415928 0.371496
0.648726 -0.323478
3.19719e-07 1.37922
0.435689 0.163738
0.0133057 1.22897
0.0133037 1.244
0.074962 0.926729
0.0133137 1.02023
0.0133137 1.02023
0.440702 0.0409549
0.074962 0.926729
0.415928 0.371496
0.0133057 1.22897
0.641865 -0.258902
0.0749617 0.970472
0.624932 -0.0972483
0.435719 0.0949194
0.0133137 1.02023
0.205069 0.682384
