122240 400.067
0.851833 -0.773369
5.55112e-17 1
0.823332 -0.458264
0.652512 -0.458263
0.453882 -0.124218
0.618397 -0.124219
0.257762 0.242161
0.409314 0.24216
0.0830016 0.669652
0.182229 0.669652
0.419323 0.113243
0.230967 0.32863
0.640406 -0.411794
0.824618 -0.484132
0.839155 -0.706977
0.417087 0.140878
0.625983 -0.247288
0.422248 0.0785148
0.0131691 0.880061
0.628592 -0.284527
0.00882581 0.903638
0.227156 0.352332
0.645488 -0.442432
0.835579 -0.665166
0.826344 -0.517497
0.632115 -0.329983
0.841981 -0.732891
0.18959 0.625486
0.413487 0.186973
0.0271549 0.814756
0.0465259 0.738052
0.427327 0.0228719
0.000600952 0.975474
0.0680792 0.681827
0.220562 0.397587
0.42363 0.0627443
0.19987 0.554712
0.239953 0.282563
0.213099 0.45313
0.844379 -0.750148
0.243485 0.268154
0.831557 -0.607697
0.830287 -0.587287
0.00597042 0.921654
0.623501 -0.209266
0.411489 0.213213
0.0165601 0.863082
0.0321716 0.793384
0.00209703 0.954069
0.62486 -0.230213
0.440799 -0.0864351
0.0553108 0.710276
0.628359 -0.281184
0.210987 0.469275
0.0194966 0.849192
0.621494 -0.176848
0.00371032 0.938656
0.236156 0.299871
0.196844 0.575813
0.848225 -0.766167
0.436863 -0.0611392
0.444715 -0.105466
0.0376793 0.770997
0.215808 0.432837
0.622296 -0.189962
0.202704 0.532577
0.635925 -0.371389
0.22431 0.371324
0.208798 0.486076
0.0341146 0.785345
0.833426 -0.635898
0.410521 0.226046
0.218899 0.409669
0.827682 -0.542216
0.0609651 0.695867
0.428487 0.0111182
0.83287 -0.627761
0.185868 0.648714
0.634235 -0.354412
0.195535 0.585145
0.18626 0.646348
0.19258 0.605646
0.637563 -0.387984
0.415648 0.164523
0.430284 -0.00631305
0.0226935 0.834514
0.647958 -0.45158
0.207928 0.496942
0.619729 -0.14721
0.449049 -0.118137
0.0513508 0.722088
0.434539 -0.0434739
0.217015 0.42359
0.0240897 0.828282
0.62011 -0.153695
0.2057 0.509884
0.182229 0.669652
0.24826 0.253853
0.202072 0.537499
0.0404836 0.760107
