90758 260.053
0.852798 -0.770599
0.852798 -0.770599
1.66533e-16 1.00358
1.66533e-16 1.00358
0.647098 -0.370482
0.627643 -0.18269
0.819639 -0.375757
0.41387 0.230434
0.455236 -0.0969714
0.25621 0.245551
0.182407 0.674061
0.0776541 0.675425
0.422608 0.0798249
0.427815 0.0242578
0.435571 -0.046018
0.627643 -0.18269
0.417905 0.165591
0.205306 0.518548
0.831268 -0.599444
0.215774 0.436927
0.842158 -0.73152
0.455236 -0.0969714
0.825754 -0.503283
0.82816 -0.548273
0.83448 -0.647579
0.211294 0.470997
0.199293 0.561865
0.00518702 0.932894
0.188433 0.636925
0.838039 -0.692133
0.0395872 0.770819
0.194339 0.597684
0.0478233 0.738391
0.0168235 0.866869
0.0310337 0.802504
0.0239619 0.833957
0.44425 -0.067958
0.0102636 0.901187
0.0570441 0.710205
0.233892 0.316708
0.822552 -0.439205
0.228795 0.345446
0.0670862 0.688791
0.223034 0.384631
0.41449 0.180361
0.823091 -0.450607
0.000492363 0.982754
0.240651 0.282604
0.248276 0.258575
0.224103 0.378307
0.243505 0.274394
0.000250979 0.990879
2.87659e-05 0.999952
0.240651 0.283588
1.44127e-06 1.00518
0.000250979 0.991491
2.87659e-05 1.00138
1.34563e-05 1.00394
0.240651 0.284014
1.44127e-06 1.00525
0.000250979 0.991834
2.87659e-05 1.00144
0.240651 0.284085
1.44127e-06 1.00568
2.87659e-05 1.00152
0.240651 0.284089
1.44127e-06 1.00601
2.87659e-05 1.0019
0.240651 0.284251
1.44127e-06 1.00616
2.87659e-05 1.00191
0.240651 0.284396
1.44127e-06 1.00685
2.87659e-05 1.0021
0.240651 0.28476
1.44127e-06 1.00762
2.87659e-05 1.0023
0.240651 0.284803
1.44127e-06 1.00934
2.87659e-05 1.00354
0.240651 0.284806
2.87659e-05 1.00359
0.240651 0.284851
2.87659e-05 1.00374
0.240651 0.28517
2.87659e-05 1.00427
0.240651 0.285259
2.87659e-05 1.00437
0.240651 0.285414
2.87659e-05 1.00439
0.240651 0.285485
2.87659e-05 1.00441
0.240651 0.286011
2.87659e-05 1.00465
0.240651 0.28621
2.87659e-05 1.00521
0.240651 0.28655
2.87659e-05 1.00522
0.240651 0.286958
2.87659e-05 1.00607
