135614 450.065
0.851833 -0.773369
5.52943e-17 1
0.823332 -0.458264
0.652512 -0.458263
0.618397 -0.124219
0.453882 -0.124218
0.257763 0.242161
0.409314 0.242161
0.182229 0.669652
0.0830016 0.669652
0.638181 -0.393551
0.218423 0.413165
0.0692145 0.679961
0.442124 -0.0935809
0.826408 -0.518685
0.830586 -0.589036
0.21566 0.433737
0.206366 0.504728
0.432801 -0.0290254
0.835104 -0.659163
0.436625 -0.059305
0.210808 0.470651
0.642751 -0.427876
0.417718 0.132996
0.453882 -0.124218
0.411727 0.210064
0.43098 -0.0127974
0.223211 0.378894
0.629565 -0.297673
0.0340486 0.785712
0.0607458 0.696218
0.623234 -0.205021
0.651765 -0.457923
0.416135 0.152898
0.0570147 0.705587
0.832977 -0.629347
0.828814 -0.562275
0.414339 0.175973
0.619714 -0.146953
0.00965196 0.898874
0.0387137 0.766937
0.201253 0.543465
0.212167 0.46039
0.00445206 0.932658
0.631537 -0.322936
0.256511 0.248336
0.245223 0.262334
0.832096 -0.616074
0.0141545 0.875069
0.198412 0.564461
0.844014 -0.747839
0.641971 -0.422877
0.632767 -0.337746
0.0255134 0.82286
0.186742 0.643413
0.419965 0.105496
0.634932 -0.361926
0.023059 0.832867
0.624746 -0.220283
0.422006 0.0813273
0.841587 -0.729747
0.424846 0.0492477
0.239262 0.285079
0.412897 0.194675
0.0818993 0.669718
0.189838 0.623875
0.621451 -0.176126
0.0191825 0.850626
0.425711 0.0398629
0.409314 0.242161
0.439146 -0.07232
0.19652 0.578144
0.00328705 0.942331
0.837549 -0.689465
0.237234 0.294529
0.0505449 0.724641
0.836666 -0.679025
0.243649 0.267577
0.0173266 0.859425
0.428016 0.0158421
0.234107 0.310626
0.0483912 0.731718
0.00123152 0.964859
0.194448 0.592784
0.621127 -0.170766
0.203401 0.527307
0.825717 -0.505553
0.0296197 0.804143
0.82385 -0.468599
0.839429 -0.709728
0.828814 -0.562275
0.229215 0.339178
0.0109916 0.891444
0.847569 -0.76141
0.428016 0.0158421
0.204655 0.517791
0.634679 -0.359237
0.626303 -0.252011
0.0437079 0.748079
0.192866 0.603696
