76184 140.014
0.851833 -0.773369
1.0842e-17 1
0.652512 -0.458263
0.618397 -0.124219
0.823332 -0.458264
0.453882 -0.124218
0.257762 0.242161
0.409314 0.24216
0.182229 0.669652
0.0830016 0.669652
0.439496 -0.0787263
0.0038195 0.94684
0.190684 0.618341
0.638741 -0.398377
0.627893 -0.274851
0.198079 0.567525
0.644668 -0.438554
0.434247 -0.0411184
0.415402 0.162236
0.0172227 0.86066
0.03983 0.762618
0.229446 0.337743
0.0456616 0.74109
0.0508001 0.723827
0.837149 -0.684807
0.232353 0.320422
0.624531 -0.225328
0.626474 -0.254523
0.835033 -0.658208
0.0102456 0.895599
0.0248152 0.825027
0.432292 -0.024597
0.426967 0.0266516
0.0297127 0.803747
0.419431 0.111931
0.247926 0.254677
0.421225 0.0905132
0.424341 0.0548093
0.630991 -0.316131
0.8292 -0.568981
0.827508 -0.539056
0.0572471 0.704985
0.622011 -0.185325
0.824688 -0.485492
0.00642267 0.918571
0.237872 0.291468
0.623218 -0.204776
0.825565 -0.502643
0.831254 -0.602955
0.833456 -0.636323
0.224779 0.368053
0.0606521 0.696436
0.423144 0.0682381
0.429357 0.0025577
0.0348872 0.782191
0.619221 -0.138515
0.635598 -0.368886
0.185958 0.64817
0.826798 -0.525997
0.236948 0.29592
0.202475 0.534345
0.411537 0.212575
0.190039 0.622625
0.244676 0.266388
0.829993 -0.582414
0.832409 -0.620817
0.413124 0.19171
0.0212537 0.841053
0.647419 -0.449457
0.0671442 0.683257
0.214483 0.442629
0.449057 -0.118978
0.205937 0.508011
0.410295 0.229064
0.00421667 0.934507
0.44317 -0.0987196
0.033046 0.789746
0.069572 0.679405
0.843031 -0.740853
0.417422 0.136748
0.633433 -0.345449
0.209245 0.482644
0.208639 0.487301
0.20012 0.55255
0.0770317 0.67157
0.00953042 0.899565
0.22191 0.389448
0.823418 -0.46002
0.846334 -0.76069
0.839178 -0.707207
0.216314 0.428887
0.185162 0.65297
0.428614 0.00985138
0.417575 0.134774
0.218892 0.40972
0.0191874 0.850603
0.620659 -0.162942
0.443 -0.0979147
0.620524 -0.160689
0.840985 -0.724537
