122016 140.006
8.59217e-06 0.997152
0.851273 -0.773177
0.682398 -0.0369906
0.8467 -0.518577
0.643321 -0.329926
0.606498 0.25447
0.699915 0.274104
0.0850521 1.55155
0.834876 -0.498093
0.465591 0.0562467
0.850163 -0.594218
0.817125 -0.187055
0.243648 0.506658
0.85178 -0.622096
0.8467 -0.518577
0.634231 -0.189295
0.656112 -0.193792
0.886648 -0.241744
0.809415 -0.0290477
0.675386 0.0996137
0.64635 -0.339027
0.660973 -0.331534
0.886648 -0.241744
0.668974 -0.22843
0.86085 -0.667781
0.79854 0.395808
0.675055 0.0651069
0.632242 -0.104993
0.637921 -0.172925
0.87224 -0.592404
0.675386 0.0996137
0.824018 -0.24096
0.672774 0.00385153
0.822275 -0.234771
0.606498 0.25447
0.660136 -0.243968
1.57201e-06 1.45271
0.461158 0.575076
0.271485 0.443298
0.62502 -0.00910406
0.653996 -0.123209
0.827361 -0.423372
0.823667 -0.351879
0.817125 -0.187055
0.289342 0.614168
0.276738 0.541739
0.456217 0.0451979
0.272485 1.02193
0.601305 0.659735
0.802366 0.200613
0.650971 -0.234538
0.660973 -0.331534
0.495816 0.401625
0.605415 0.259817
0.636491 -0.0914755
0.87224 -0.592404
0.810854 -0.0160985
0.824414 -0.203438
0.651331 -0.283809
0.699915 0.274104
0.227489 0.51958
0.456217 0.0451979
0.659144 -0.183335
0.264308 0.862232
0.272485 1.02193
0.0613454 1.58695
0.616621 0.0386758
0.835962 -0.531099
0.654206 -0.0626423
0.844168 -0.654162
0.637642 -0.292227
0.592225 0.528902
0.79854 0.395808
0.824018 -0.24096
0.0613454 1.58695
0.660136 -0.243968
0.64122 -0.223077
0.495816 0.401625
0.659144 -0.183335
0.609715 0.129215
0.638411 -0.230219
0.809415 -0.0290477
0.651331 -0.283809
0.628987 -0.0990163
0.682398 -0.0369906
0.620995 -0.00772953
0.866347 -0.606814
0.643321 -0.329926
0.667106 -0.285549
0.857531 -0.618486
0.834876 -0.498093
0.610489 0.141397
0.243648 0.506658
0.638411 -0.230219
0.465591 0.0562467
0.632242 -0.104993
0.835962 -0.531099
0.857531 -0.618486
1.57201e-06 1.45271
0.668974 -0.22843
