175971 120.004
4.00124e-09 1.57654
0.845179 -0.655901
0.433066 0.194775
0.235423 0.433615
0.0446631 0.937318
0.437836 0.0668565
0.0446631 0.937318
0.196343 0.740581
0.630842 -0.171232
0.822372 -0.19699
8.30521e-06 1.19094
0.235387 0.715239
8.30521e-06 1.19094
0.235392 0.491592
0.845179 -0.655901
0.0446631 0.937318
6.68369e-06 1.36191
0.822398 -0.33239
0.624699 -0.0388614
0.630842 -0.171232
0.0446631 0.937318
0.437836 0.0668565
0.223898 0.733025
8.23909e-07 1.48752
4.00124e-09 1.57654
0.822372 -0.19699
1.80228e-06 1.4487
5.09674e-06 1.37043
0.822376 -0.274475
0.822372 -0.19699
0.235423 0.433615
8.30521e-06 1.19094
0.822376 -0.274475
0.822385 -0.31785
0.822372 -0.19699
8.23909e-07 1.48752
0.223898 0.733025
0.630842 -0.171232
0.630842 -0.171232
0.822398 -0.33239
8.23909e-07 1.48752
0.0446631 0.937318
5.09674e-06 1.37043
0.223898 0.733025
0.223898 0.733025
0.822376 -0.274475
5.09674e-06 1.37043
8.30521e-06 1.19094
5.09674e-06 1.37043
0.223898 0.733025
6.68369e-06 1.36191
0.235392 0.491592
5.09674e-06 1.37043
0.235392 0.491592
0.437836 0.0668565
5.09674e-06 1.37043
0.235423 0.433615
0.624699 -0.0388614
0.845179 -0.655901
0.624699 -0.0388614
0.0446631 0.937318
0.223898 0.733025
0.235423 0.433615
0.845179 -0.655901
8.30521e-06 1.19094
0.437836 0.0668565
0.0446631 0.937318
0.437836 0.0668565
4.00124e-09 1.57654
8.30521e-06 1.19094
0.235392 0.491592
0.845179 -0.655901
0.235387 0.715239
0.822398 -0.33239
0.630842 -0.171232
0.437836 0.0668565
4.00124e-09 1.57654
1.80228e-06 1.4487
0.822376 -0.274475
0.822372 -0.19699
0.235423 0.433615
0.0446631 0.937318
0.822398 -0.33239
0.822376 -0.274475
5.09674e-06 1.37043
6.68369e-06 1.36191
0.235392 0.491592
0.624699 -0.0388614
0.845179 -0.655901
0.624699 -0.0388614
0.0446631 0.937318
0.630842 -0.171232
0.844178 -0.468533
0.845179 -0.655901
8.23909e-07 1.48752
0.845179 -0.655901
0.0446631 0.937318
0.822372 -0.19699
0.223898 0.733025
0.437836 0.0668565
