95581 140.01
0.000173657 0.987151
0.851384 -0.77326
0.518182 0.645849
0.68402 0.0206355
0.999911 0.0243804
0.47116 -0.0357057
0.880673 -0.229967
0.865713 -0.480351
0.705467 0.422914
0.880673 -0.229967
0.829461 -0.520707
0.469312 0.123867
0.857474 -0.65136
0.598729 0.480248
0.824471 -0.286856
0.255956 0.443438
0.518182 0.645849
0.812276 0.105594
0.100825 1.08409
0.0654688 0.776543
0.0654688 0.776543
0.653688 -0.316277
0.867915 -0.476047
0.664299 -0.238232
0.0537562 1.01307
0.855158 -0.607081
0.592162 0.739226
0.521463 0.802978
0.660947 -0.274909
0.83358 -0.638093
0.255956 0.443438
0.852764 -0.657711
0.832141 -0.370309
0.877728 -0.355164
0.852764 -0.657711
0.856936 -0.65879
0.566603 0.856848
0.599972 0.401289
0.820913 -0.333163
0.241749 0.347816
0.618279 0.352405
0.0559538 0.815484
0.615781 0.108605
0.472535 0.0915607
0.870561 -0.430336
0.472535 0.0915607
0.867915 -0.476047
0.504613 0.489368
0.023743 1.20748
0.657566 -0.234367
0.636264 -0.25052
0.504613 0.489368
0.66574 -0.262604
0.825917 -0.468272
0.527743 0.778006
0.842617 -0.662432
0.828113 -0.202756
0.83358 -0.638093
0.504613 0.478962
0.845718 -0.402982
0.880572 -0.23758
0.863471 -0.623129
0.665723 -0.171642
0.469312 0.123867
0.47116 -0.0357057
0.0946136 0.849732
0.615781 0.108605
0.245284 0.315688
0.825426 -0.438771
0.0498755 0.920562
0.657448 -0.298608
0.999708 0.021596
0.691954 0.382062
0.245284 0.315688
0.18519 0.694146
0.0224815 1.05131
0.636264 -0.25052
0.566603 0.856848
0.0537562 1.01307
0.705467 0.422914
0.413404 0.620497
0.857474 -0.65136
0.999911 0.0243804
0.656772 -0.265803
0.812276 0.105594
0.597614 0.510102
0.877728 -0.355164
0.641176 -0.31232
0.241749 0.347816
0.68402 0.0206355
0.860415 -0.614059
0.825973 -0.349474
0.855158 -0.607081
0.820913 -0.333163
0.863471 -0.623129
0.700663 0.455373
0.651906 -0.221821
0.546175 0.939083
0.023743 1.20748
0.855158 -0.607081
