13704 20.002
1.85128e-05 0.995732
0.851739 -0.773187
0.246769 0.414226
0.855054 -0.16512
0.652589 -0.228723
0.364326 0.921515
0.332716 1.22675
0.442019 0.0975168
0.221084 0.79973
0.643302 -0.286241
0.61717 0.153097
0.61717 0.153097
0.857432 -0.431906
0.25493 0.679636
0.849779 -0.171633
0.447793 0.0798293
0.463224 0.108549
0.8515 -0.453632
0.668234 -0.189321
0.665263 -0.331573
0.81218 -0.102309
0.46732 0.202664
0.656431 -0.265613
0.629578 0.0184091
0.257199 0.716598
0.856125 -0.619382
0.652589 -0.228723
0.45385 0.156807
0.836749 -0.517585
0.880708 -0.233379
0.669878 -0.116791
0.299502 0.751661
0.640538 -0.0513312
0.640538 -0.0513312
0.307242 0.805733
0.658134 -0.355197
0.0182605 1.12974
0.833303 -0.282927
0.260706 0.471981
0.00755756 1.16681
0.849779 -0.171633
0.260706 0.471981
0.665263 -0.331573
0.255829 0.362779
0.246769 0.414226
0.578978 0.739229
0.578978 0.739229
0.661423 -0.240984
0.867103 -0.424098
0.83832 -0.423267
0.0149331 1.1424
0.642182 0.0047501
0.833559 -0.520935
0.642182 0.0047501
0.420136 0.257243
0.032982 0.870989
0.824904 -0.239021
0.231975 0.759619
0.533637 0.934542
0.847859 -0.141285
0.628581 -0.156627
0.0514386 1.28895
0.0734846 0.976409
0.000237512 1.34711
0.62374 -0.0500429
0.211782 0.753596
0.463224 0.108549
0.301255 0.722458
0.00755756 1.16681
0.0102403 0.995142
0.000237512 1.34711
0.596922 0.440927
0.856125 -0.619382
0.0031731 1.17239
0.862316 -0.299192
0.8515 -0.453632
0.894301 0.156893
0.211782 0.753596
0.62374 -0.0500429
0.844835 -0.386992
0.0514386 1.28895
0.894301 0.156893
0.596922 0.440927
0.666966 -0.287876
0.221084 0.79973
0.0102403 0.995142
0.0110935 1.32162
0.420136 0.257243
0.673011 -0.0379573
0.231975 0.759619
0.241966 0.662142
0.835577 -0.30561
0.628131 0.269464
0.241966 0.662142
0.880708 -0.233379
0.658134 -0.355197
0.673011 -0.0379573
0.257199 0.716598
0.867103 -0.424098
0.436364 0.292374
