207694 530.073
0.452524 -0.12022
0.65315 -0.456176
0.0826751 0.672667
0.258328 0.246073
0.226809 0.361528
0.03126 0.804081
0.0142209 0.883354
0.233621 0.318587
0.644643 -0.433983
0.422297 0.08444
0.239299 0.293482
0.829305 -0.566202
0.247478 0.265848
0.217371 0.426779
0.44342 -0.093368
0.434654 -0.0384672
0.85232 -0.771397
0.00297524 0.95339
0.0488311 0.735752
0.438309 -0.0657252
0.0426832 0.758445
0.0367914 0.780792
0.189356 0.633094
0.840048 -0.707698
0.826235 -0.51246
0.629134 -0.286604
0.0103408 0.899328
0.00594839 0.928757
0.427912 0.0228209
0.194005 0.606187
0.640583 -0.407327
0.0595351 0.704623
0.62635 -0.248671
0.620902 -0.160811
0.0723323 0.68042
0.83295 -0.623903
0.212809 0.462501
0.836953 -0.676998
0.414259 0.182413
0.0670895 0.689617
0.203288 0.53659
0.429629 0.00757868
0.197789 0.574279
0.847004 -0.754918
0.253798 0.250777
0.0557887 0.717723
0.410803 0.227989
0.637616 -0.382632
0.834536 -0.648464
0.633173 -0.338217
0.635384 -0.36195
0.185371 0.659978
0.200127 0.559214
0.844078 -0.727645
0.21516 0.444813
0.418147 0.145719
0.623263 -0.200615
0.207671 0.500865
0.824313 -0.473603
0.419198 0.122702
0.20668 0.507499
0.85232 -0.771397
3.98066e-08 1.00821
0.158716 0.775481
0.529632 0.708071
0.638958 -0.388313
0.0592579 0.712511
0.351246 0.774667
0.180252 0.701457
0.721305 0.61031
0.893595 -0.111071
0.65226 -0.446976
0.849977 -0.761434
0.39628 0.428681
0.548002 0.820871
0.769415 0.767358
0.255872 0.260527
0.379733 0.624034
0.193979 0.613919
0.17951 0.698124
0.402473 0.345211
0.517589 0.567457
0.77265 0.722146
0.851952 -0.761394
0.543727 0.812461
0.47069 -0.0485318
0.225101 0.385426
0.638837 -0.386578
0.435308 -0.0391444
0.446981 -0.0994523
0.533866 0.751078
0.325389 0.675794
0.689386 -0.0419517
0.112208 0.723547
0.213086 0.473429
0.537092 0.774647
0.425653 0.0550209
0.912394 0.400227
0.566843 0.747735
0.865065 -0.684449
