364181 260.01
0.643165 -0.328387
1.23568e-07 1.88506
0.643165 -0.328387
0.443228 0.0646101
0.643124 -0.292214
1.41536e-07 1.15259
0.0656283 0.797086
0.272828 0.385242
0.0656283 0.797086
0.0223353 0.944201
0.218024 0.556097
0.272824 0.514944
1.41536e-07 1.15259
0.421895 0.232284
0.0656283 0.797086
0.0223278 1.01714
0.272825 0.447335
0.443225 0.114161
0.0223278 1.01714
0.21799 0.792696
0.0223278 1.01714
0.0223278 1.01714
0.0223353 0.944201
0.0223278 1.01714
0.217998 0.699299
0.218002 0.629706
0.272824 0.514944
0.443225 0.114161
0.0223353 0.944201
0.643124 -0.292214
0.272824 0.514944
0.272825 0.447335
0.272824 0.514944
0.0223278 1.01714
0.421895 0.232284
0.272828 0.385242
0.643124 -0.292214
0.421895 0.232284
0.272824 0.514944
0.272824 0.514944
0.272828 0.385242
0.443225 0.114161
0.0656283 0.797086
0.272828 0.385242
0.272828 0.385242
0.272824 0.514944
0.272824 0.514944
0.0656283 0.797086
0.217998 0.699299
1.41536e-07 1.15259
0.421895 0.232284
0.218002 0.629706
0.0223353 0.944201
0.0223353 0.944201
0.272828 0.385242
0.21799 0.792696
1.41536e-07 1.15259
0.0656283 0.797086
0.0656283 0.797086
1.41536e-07 1.15259
0.0223278 1.01714
0.421895 0.232284
0.272828 0.385242
0.421895 0.232284
0.272824 0.514944
0.272825 0.447335
0.272824 0.514944
0.0656283 0.797086
0.272828 0.385242
0.272828 0.385242
0.272824 0.514944
0.0223353 0.944201
0.0656283 0.797086
0.0223353 0.944201
1.41536e-07 1.15259
0.421895 0.232284
0.0223353 0.944201
0.0223353 0.944201
0.272828 0.385242
0.21799 0.792696
0.0656283 0.797086
0.272824 0.514944
0.42189 0.32483
0.0223353 0.944201
0.272825 0.447335
0.0656283 0.797086
0.272828 0.385242
0.0223353 0.944201
0.0656283 0.797086
1.41536e-07 1.15259
0.421895 0.232284
0.272824 0.514944
0.272828 0.385242
0.0656283 0.797086
0.272828 0.385242
0.272828 0.385242
0.443218 0.204584
0.0223353 0.944201
0.0223278 1.01714
0.443225 0.114161
