92998 240.05
0.852596 -0.772554
0.852596 -0.772554
0 1.00109
0 1.00109
0.438469 0.0436902
0.619356 -0.0753441
0.449777 -0.057202
0.637699 -0.322434
0.817173 -0.322852
0.258829 0.243106
0.0842028 0.670589
0.185856 0.650497
0.258829 0.243106
0.624873 -0.195252
0.632041 -0.288747
0.194543 0.593236
0.628108 -0.206417
0.031905 0.79638
0.0564256 0.709296
0.0232185 0.83426
0.225481 0.365062
0.220019 0.403334
0.202478 0.53576
0.820714 -0.401785
0.231329 0.328153
0.0682767 0.683013
0.210386 0.475622
0.829096 -0.565731
0.245162 0.264652
0.214885 0.44134
0.2377 0.293765
0.835863 -0.667962
0.0461648 0.741642
0.818419 -0.350977
0.0109226 0.893751
0.00186355 0.958696
0.0165079 0.865067
0.0399701 0.763453
0.822498 -0.439776
0.824382 -0.478538
0.00543019 0.927265
0.843656 -0.744562
0.204976 0.517134
0.189394 0.627717
0.832234 -0.617007
0.826325 -0.516092
0.833195 -0.631183
0.839314 -0.707587
0.827214 -0.532362
0.840195 -0.716132
0.839314 -0.707223
3.56382e-14 1.00202
0.0842028 0.671271
0.0165079 0.865577
0.0399701 0.763766
0.0461648 0.741645
0.839314 -0.707196
3.56382e-14 1.00234
0.0842028 0.671595
0.0165079 0.865584
0.839314 -0.707111
3.56382e-14 1.00242
0.0842028 0.671748
3.28754e-09 1.00234
0.839314 -0.707108
3.56382e-14 1.00253
0.0842028 0.67175
3.28754e-09 1.00246
0.839314 -0.707043
3.56382e-14 1.00254
0.0842028 0.671806
3.28754e-09 1.00252
0.839314 -0.707017
3.56382e-14 1.00267
0.0842028 0.671855
3.28754e-09 1.00258
0.839314 -0.707014
3.56382e-14 1.00268
0.0842028 0.671948
3.28754e-09 1.00261
0.839314 -0.707002
3.56382e-14 1.0027
0.0842028 0.672022
3.28754e-09 1.00266
0.839314 -0.706883
3.56382e-14 1.00286
0.0842028 0.672117
3.28754e-09 1.00271
0.0842028 0.672218
3.56382e-14 1.00287
3.28754e-09 1.00273
0.0842028 0.672323
3.56382e-14 1.00288
0.0842028 0.672335
3.56382e-14 1.00321
3.28754e-09 1.00296
0.0842028 0.672451
3.56382e-14 1.00332
3.28754e-09 1.00319
0.0842028 0.672665
