52722 50.0018
0.000151888 0.9877
0.85162 -0.773327
0.290245 0.723128
0.846083 -0.313824
0.648881 -0.213458
0.0813316 1.06712
0.815276 0.0579312
0.288194 0.551306
0.261507 0.585217
0.0304263 1.06771
0.873485 -0.438284
0.670472 0.127951
0.0304263 1.06771
0.833708 -0.375888
0.630814 0.000252953
0.0475698 1.06512
0.819852 -0.181951
0.455775 0.209731
0.83924 -0.547179
0.669613 -0.113487
0.844385 -0.463947
0.630814 0.000252953
0.885032 -0.127206
0.648526 -0.124292
0.409903 0.43446
0.850935 -0.623602
0.830266 -0.377495
0.455775 0.209731
0.47776 0.408408
0.475188 0.307607
0.846083 -0.313824
0.446423 0.112923
0.47776 0.408408
0.0033195 1.25038
0.478608 0.519251
0.0813316 1.06712
0.895545 0.352261
0.684098 0.244875
0.646037 -0.000384138
0.283809 0.563449
0.0475698 1.06512
0.835403 -0.421587
0.663783 0.0325187
0.279334 0.549306
0.0255151 1.28013
0.198036 0.857274
0.416858 0.428683
0.867445 -0.163436
0.381152 0.833
0.279334 0.549306
0.833708 -0.375888
0.809136 0.0124406
0.704714 0.802019
0.648881 -0.213458
0.478608 0.519251
0.250307 0.406354
0.00274371 1.34352
0.0651764 1.08246
0.0651764 1.08246
0.659376 -0.177478
0.623655 0.296133
0.882715 -0.0812916
0.820512 0.0936797
0.812326 0.257569
0.882715 -0.0812916
0.261507 0.585217
0.830266 -0.377495
0.684098 0.244875
0.426053 0.304756
0.664329 0.0578726
0.870069 -0.508803
0.867445 -0.163436
0.818427 -0.208792
0.862068 -0.447777
0.870069 -0.508803
0.819852 -0.181951
0.409903 0.43446
0.634547 -0.114574
0.0180897 1.22444
0.00274371 1.34352
0.894172 -0.0672225
0.623065 0.122486
0.60799 0.568687
0.670068 -0.0693639
0.804911 0.38537
0.838106 -0.284059
0.704714 0.802019
0.647586 0.020063
0.634547 -0.114574
0.198036 0.857274
0.895971 0.431847
0.623065 0.122486
0.844385 -0.463947
0.416858 0.428683
0.283809 0.563449
0.646987 -0.171687
0.835403 -0.421587
0.382455 0.98733
0.381152 0.833
0.873485 -0.438284
