904535 340.006
8.66019e-09 2.12121
8.66019e-09 2.12121
0.828293 -0.339284
0.427273 0.601004
0.208818 0.71326
0.457501 0.00705816
0.632954 -0.0633197
0.640826 -0.333956
0.828293 -0.339284
0.208801 0.798721
0.0540359 0.846242
1.18294e-07 1.61675
0.427281 0.142968
0.427279 0.427588
0.457501 0.00705816
0.0382171 1.20342
9.46165e-06 1.40562
1.07378e-05 1.23462
0.427276 0.594127
0.427279 0.427588
0.427279 0.427588
0.632954 -0.0633197
1.07378e-05 1.23462
8.55722e-06 1.46146
0.038227 0.952087
0.0382234 1.07846
0.632957 -0.16455
0.427339 0.130493
0.632957 -0.16455
0.208818 0.71326
0.427339 0.130493
0.632954 -0.0633197
0.632957 -0.16455
0.632957 -0.16455
2.83923e-06 1.53789
1.18294e-07 1.61675
0.632954 -0.0633197
0.640826 -0.333956
0.640823 -0.260992
0.0382234 1.07846
0.0382212 1.1451
0.0382212 1.1451
9.46165e-06 1.40562
0.427281 0.142968
0.427276 0.594127
0.427339 0.130493
0.427339 0.130493
0.632957 -0.16455
0.632954 -0.0633197
9.46165e-06 1.40562
0.427281 0.142968
0.038227 0.952087
1.07378e-05 1.23462
0.0382234 1.07846
0.427279 0.427588
0.457501 0.00705816
0.640823 -0.260992
0.0382212 1.1451
0.0540359 0.846242
0.208801 0.798721
2.83923e-06 1.53789
9.46165e-06 1.40562
0.427281 0.142968
0.427279 0.427588
8.66019e-09 2.12121
0.427279 0.427588
0.427281 0.142968
0.427276 0.594127
0.457501 0.00705816
0.208818 0.71326
0.427276 0.594127
0.427339 0.130493
0.0382234 1.07846
0.632957 -0.16455
0.208818 0.71326
8.55722e-06 1.46146
0.632957 -0.16455
1.07378e-05 1.23462
1.18294e-07 1.61675
0.640826 -0.333956
0.640823 -0.260992
0.0382234 1.07846
0.0382212 1.1451
0.0382212 1.1451
0.427281 0.142968
0.427276 0.594127
0.427276 0.594127
0.427339 0.130493
9.46165e-06 1.40562
0.038227 0.952087
0.427279 0.427588
0.640823 -0.260992
0.0540359 0.846242
2.83923e-06 1.53789
9.46165e-06 1.40562
0.427279 0.427588
0.0382171 1.20342
0.427279 0.427588
0.427281 0.142968
0.457501 0.00705816
