789046 250.005
1.21373e-09 1.86805
0.841637 -0.480218
1.21373e-09 1.86805
0.446529 0.0938079
1.21373e-09 1.86805
0.648978 -0.290168
0.233921 0.455673
0.446516 0.360526
0.631861 -0.148263
0.0642948 0.895414
0.195516 0.824477
1.18695e-07 1.77656
2.78613e-07 1.49378
0.446529 0.0938079
0.446529 0.0938079
0.0642917 1.04362
2.78613e-07 1.49378
5.54361e-07 1.30603
0.195516 0.824477
0.206742 0.669682
0.233912 0.612775
0.446529 0.0938079
0.206742 0.669682
0.0171176 1.10345
0.0171113 1.22963
5.54361e-07 1.30603
0.648978 -0.290168
0.446516 0.360526
0.233921 0.455673
1.18695e-07 1.77656
0.44652 0.122741
0.446519 0.205726
0.446518 0.285646
0.446519 0.205726
0.233916 0.53497
0.0171113 1.22963
0.233912 0.612775
0.446516 0.360526
0.0642948 0.895414
0.233919 0.518746
0.0171176 1.10345
0.0642948 0.895414
0.0642948 0.895414
0.44652 0.122741
0.233916 0.53497
0.446519 0.205726
0.0171113 1.22963
0.233916 0.53497
0.233921 0.455673
0.446518 0.285646
2.78613e-07 1.49378
0.233916 0.53497
0.0642948 0.895414
0.446516 0.360526
0.0642917 1.04362
0.0642948 0.895414
0.233921 0.455673
0.206742 0.669682
0.233921 0.455673
0.233921 0.455673
0.206742 0.669682
0.631861 -0.148263
0.195516 0.824477
0.0642948 0.895414
0.631861 -0.148263
0.233921 0.455673
0.446516 0.360526
0.648978 -0.290168
1.21373e-09 1.86805
0.0642948 0.895414
5.54361e-07 1.30603
0.195516 0.824477
0.206742 0.669682
0.446529 0.0938079
0.206742 0.669682
0.0171113 1.22963
0.648978 -0.290168
0.446516 0.360526
0.233921 0.455673
1.18695e-07 1.77656
0.446519 0.205726
0.0171113 1.22963
0.233912 0.612775
0.446516 0.360526
1.21373e-09 1.86805
0.44652 0.122741
0.446519 0.205726
0.0171113 1.22963
2.78613e-07 1.49378
0.233916 0.53497
0.0642948 0.895414
0.446516 0.360526
0.0642917 1.04362
0.233921 0.455673
2.78613e-07 1.49378
0.233921 0.455673
0.0642917 1.04362
0.0642948 0.895414
0.641542 -0.217002
2.78613e-07 1.49378
