104828 90.0116
0.851948 -0.773363
0.851948 -0.773363
4.16334e-17 1
4.16334e-17 1
0.567872 0.727114
0.0444892 0.745251
0.628523 -0.283603
0.821676 -0.423753
0.593111 0.357223
0.593111 0.357223
0.608704 0.055419
0.612345 -0.0140924
0.0237329 0.829845
0.628523 -0.283603
0.821676 -0.423753
0.836002 -0.670789
0.829013 -0.565754
0.826689 -0.52397
0.612345 -0.0140924
0.841646 -0.730239
0.0237329 0.829845
0.836002 -0.670789
0.0309785 0.798383
0.0309785 0.798383
0.829013 -0.565754
0.841646 -0.730239
0.609531 0.0394758
0.826689 -0.52397
0.0444892 0.745251
0.608704 0.055419
0.609531 0.0394758
0.609104 0.0477012
0.609104 0.0477012
0.836002 -0.670789
0.836002 -0.670789
0.628523 -0.283603
0.628523 -0.283603
0.0309785 0.798383
0.0309785 0.798383
4.16334e-17 1
4.16334e-17 1
0.821676 -0.423753
0.821676 -0.423753
0.612345 -0.0140924
0.612345 -0.0140924
0.609531 0.0394758
0.609531 0.0394758
0.841646 -0.730239
0.841646 -0.730239
0.593111 0.357223
0.593111 0.357223
0.609104 0.0477012
0.609104 0.0477012
0.851948 -0.773363
0.851948 -0.773363
0.841646 -0.730239
0.841646 -0.730239
0.841646 -0.730239
0.836002 -0.670789
0.836002 -0.670789
0.836002 -0.670789
0.836002 -0.670789
0.829013 -0.565754
0.826689 -0.52397
0.826689 -0.52397
0.821676 -0.423753
0.821676 -0.423753
0.821676 -0.423753
0.628523 -0.283603
0.628523 -0.283603
0.628523 -0.283603
0.628523 -0.283603
0.612345 -0.0140924
0.612345 -0.0140924
0.612345 -0.0140924
0.612345 -0.0140924
0.609531 0.0394758
0.609531 0.0394758
0.609531 0.0394758
0.609531 0.0394758
0.609531 0.0394758
0.609104 0.0477012
0.593111 0.357223
0.593111 0.357223
0.593111 0.357223
0.593111 0.357223
0.0444892 0.745251
0.0444892 0.745251
0.0309785 0.798383
0.0309785 0.798383
0.0309785 0.798383
0.0309785 0.798383
0.0309785 0.798383
0.0309785 0.798383
4.16334e-17 1
4.16334e-17 1
4.16334e-17 1
4.16334e-17 1
4.16334e-17 1
4.16334e-17 1
