44350 130.025
0.257756 0.245467
0.653032 -0.455766
0.453748 -0.121659
0.0132811 0.888581
0.0483607 0.737193
0.244438 0.269036
0.427888 0.0227872
0.222779 0.386215
0.203541 0.530815
0.212769 0.461749
0.038028 0.775567
0.0830888 0.673365
0.237155 0.300406
0.622603 -0.19131
0.415747 0.162857
0.00402879 0.940916
0.437185 -0.0477013
0.851637 -0.770898
0.0559299 0.715683
0.443334 -0.0902016
0.0213483 0.848566
0.832114 -0.613225
0.190362 0.624614
0.439061 -0.072218
0.450062 -0.117101
0.829395 -0.5641
0.00106338 0.975701
0.635981 -0.366532
0.233028 0.322591
0.229607 0.342151
0.0301576 0.807913
0.633016 -0.337892
0.425021 0.0511057
0.225955 0.365544
0.0616712 0.701904
0.0078312 0.928159
0.0668641 0.688438
0.0255337 0.827753
0.206865 0.514305
0.0341276 0.792181
0.64062 -0.407983
0.195706 0.593076
0.626138 -0.240468
0.620607 -0.149229
0.645289 -0.436659
0.638939 -0.395997
0.834375 -0.645956
0.837425 -0.684067
0.0771878 0.675047
0.843565 -0.74004
0.630949 -0.311674
0.826763 -0.522384
0.647114 -0.44536
0.0717418 0.682487
0.412061 0.210856
0.253653 0.254556
0.839592 -0.707683
0.210587 0.485507
0.418671 0.125873
0.627261 -0.25433
0.629607 -0.291332
0.851637 -0.770898
7.40787e-08 1.00459
0.416876 0.152455
0.271865 0.277155
0.200042 0.55877
0.365749 0.723376
0.140444 0.768829
0.469392 -0.0629789
0.153263 0.768438
0.481258 0.0439775
0.611633 0.00822059
0.23102 0.335478
0.330327 0.700229
0.139061 0.765423
0.563371 0.768334
0.895126 -0.0783728
0.249555 0.258854
0.389641 0.508771
0.654044 -0.451845
0.810804 -0.165792
0.120368 0.732557
0.0706325 0.687669
0.273437 0.283472
0.618575 -0.122383
0.62431 -0.214749
0.200777 0.554742
0.310397 0.550923
0.578988 0.59991
0.223624 0.387252
0.645603 -0.436321
0.0521582 0.728865
0.303657 0.489289
0.00235211 0.963084
0.0515643 0.730649
0.418837 0.123916
0.370618 0.696073
0.286743 0.35514
0.167923 0.740931
0.781016 0.559301
