28354 50.0048
0.453664 -0.120844
0.257144 0.245891
0.651992 -0.454774
0.00285913 0.953331
0.0162814 0.872723
0.00791229 0.918798
0.422833 0.0774047
0.829688 -0.566485
0.204909 0.523685
0.826991 -0.522759
0.0227036 0.841001
0.0852132 0.674441
0.0615793 0.699704
0.638086 -0.380035
0.224753 0.378615
0.63316 -0.335324
0.189945 0.629144
0.0284696 0.816379
0.212673 0.461627
0.0727957 0.683056
0.221143 0.401383
0.0558595 0.715177
0.0330376 0.797726
0.197932 0.575471
0.834988 -0.652116
0.430078 0.0017935
0.192805 0.612094
0.0441056 0.754512
0.416589 0.154184
0.251605 0.254073
0.846986 -0.758311
0.217468 0.427949
0.841999 -0.711629
0.628524 -0.276818
0.432967 -0.0243431
0.231011 0.338005
0.438622 -0.0605233
0.435445 -0.0436514
0.844944 -0.741499
0.622645 -0.189413
0.619749 -0.139418
0.238387 0.295164
0.232601 0.325413
0.624325 -0.217689
0.0791344 0.676101
0.449452 -0.112647
0.641433 -0.408099
0.630967 -0.307655
0.426011 0.0423371
0.236129 0.308645
0.0500846 0.731927
0.442264 -0.0865865
0.242085 0.279612
0.201104 0.550861
0.0481249 0.738127
0.412764 0.203848
0.427123 0.0325125
0.837346 -0.681241
0.0386862 0.776149
0.838961 -0.688398
0.649112 -0.446504
0.85146 -0.770086
1.21901e-06 1.02953
0.461488 -0.10311
0.213829 0.456235
0.557296 0.801282
0.54919 0.813989
0.508803 0.432305
0.37746 0.63753
0.293129 0.405815
0.132289 0.756579
0.448828 -0.111219
0.218023 0.423362
0.499319 0.290205
0.663156 -0.41574
0.138833 0.765926
0.46741 -0.0744135
0.275051 0.289209
0.200121 0.56044
0.318636 0.618973
0.0891223 0.680132
0.285276 0.345466
0.486922 0.11371
0.440346 -0.0776664
0.319483 0.62575
0.468431 -0.0703052
0.264113 0.255987
0.586042 0.489628
0.447373 -0.108784
0.189788 0.636941
0.586382 0.484217
0.425391 0.0498948
0.617865 -0.108269
0.348336 0.761875
0.678752 -0.237733
0.502521 0.338089
0.490816 0.165836
0.837157 -0.679549
0.281173 0.322499
0.0763562 0.682194
