725600 280.007
6.27569e-09 2.1517
0.84641 -0.574013
6.27569e-09 2.1517
0.21591 0.536883
0.0616674 0.84971
0.636331 -0.115954
0.846408 -0.179188
0.636331 -0.115954
0.442932 0.0194949
0.442932 0.0194949
0.239214 0.433705
0.84641 -0.574013
0.21591 0.536883
8.83048e-08 1.75504
1.5998e-07 1.46945
1.91057e-07 1.14863
1.91057e-07 1.14863
0.0616674 0.84971
0.0359917 1.02433
8.28968e-06 1.12879
1.46499e-08 1.97366
8.83048e-08 1.75504
8.83048e-08 1.75504
0.0616674 0.84971
0.442929 0.21012
0.422225 0.275572
0.442929 0.0666228
0.442932 0.0194949
0.442924 0.218425
0.411494 0.358109
0.239205 0.516371
0.0616674 0.84971
0.0359973 1.0098
0.239214 0.433705
0.239214 0.433705
0.239205 0.453738
0.239214 0.433705
1.46499e-08 1.97366
8.83048e-08 1.75504
1.5998e-07 1.46945
0.422225 0.275572
0.0616674 0.84971
8.28968e-06 1.12879
1.91057e-07 1.14863
8.28968e-06 1.12879
0.0616674 0.84971
0.442924 0.218425
0.239214 0.433705
0.442932 0.0194949
1.5998e-07 1.46945
1.5998e-07 1.46945
0.442924 0.218425
6.27569e-09 2.1517
1.5998e-07 1.46945
6.27569e-09 2.1517
0.442932 0.0194949
0.84641 -0.574013
0.846408 -0.179188
1.91057e-07 1.14863
0.0359973 1.0098
0.0359917 1.02433
6.27569e-09 2.1517
0.442924 0.218425
1.86808e-07 1.42793
0.21591 0.536883
8.28968e-06 1.12879
8.83048e-08 1.75504
0.0359973 1.0098
0.239214 0.433705
0.239214 0.433705
1.5998e-07 1.46945
1.5998e-07 1.46945
1.5998e-07 1.46945
0.442929 0.21012
0.442924 0.218425
0.0616674 0.84971
0.239205 0.516371
0.239205 0.453738
1.46499e-08 1.97366
8.83048e-08 1.75504
8.28968e-06 1.12879
0.239214 0.433705
0.442932 0.0194949
1.5998e-07 1.46945
1.5998e-07 1.46945
0.442924 0.218425
6.27569e-09 2.1517
0.0359917 1.02433
6.27569e-09 2.1517
0.442932 0.0194949
0.84641 -0.574013
0.846408 -0.179188
0.0359973 1.0098
0.0359917 1.02433
6.27569e-09 2.1517
0.422225 0.275572
0.21591 0.536883
8.28968e-06 1.12879
8.83048e-08 1.75504
0.239214 0.433705
