234831 160.014
0.849026 -0.770055
0.849026 -0.770055
5.55112e-17 1
5.55112e-17 1
0.802849 0.0322166
0.0814748 0.669777
0.0814748 0.669777
0.802849 0.0322166
0.0200902 0.846405
0.812864 -0.22122
0.820251 -0.393029
0.812864 -0.22122
0.834944 -0.657026
0.806454 -0.0604323
0.825256 -0.496654
0.0200902 0.846405
0.0439757 0.747106
0.806454 -0.0604323
0.071671 0.676593
0.825256 -0.496654
0.0439757 0.747106
0.834944 -0.657026
0.820251 -0.393029
0.0499155 0.726667
0.0499155 0.726667
0.822761 -0.44652
0.822761 -0.44652
0.847464 -0.765355
0.839897 -0.714401
0.071671 0.676593
0.839045 -0.705832
0.839897 -0.714401
0.847464 -0.765355
0.839045 -0.705832
0.839897 -0.714401
0.839897 -0.714401
0.839045 -0.705832
0.839045 -0.705832
0.834944 -0.657026
0.834944 -0.657026
0.825256 -0.496654
0.825256 -0.496654
0.071671 0.676593
0.071671 0.676593
0.0499155 0.726667
0.0499155 0.726667
0.0439757 0.747106
0.0439757 0.747106
0.0200902 0.846405
0.0200902 0.846405
5.55112e-17 1
0.820251 -0.393029
0.812864 -0.22122
0.806454 -0.0604323
0.806454 -0.0604323
0.849026 -0.770055
0.849026 -0.770055
0.822761 -0.44652
0.822761 -0.44652
0.0814748 0.669777
0.0814748 0.669777
0.849026 -0.770055
0.849026 -0.770055
0.839897 -0.714401
0.839045 -0.705832
0.839045 -0.705832
0.834944 -0.657026
0.834944 -0.657026
0.834944 -0.657026
0.834944 -0.657026
0.834944 -0.657026
0.834944 -0.657026
0.825256 -0.496654
0.825256 -0.496654
0.825256 -0.496654
0.825256 -0.496654
0.825256 -0.496654
0.825256 -0.496654
0.806454 -0.0604323
0.0814748 0.669777
0.0814748 0.669777
0.0814748 0.669777
0.0814748 0.669777
0.071671 0.676593
0.071671 0.676593
0.071671 0.676593
0.0499155 0.726667
0.0499155 0.726667
0.0439757 0.747106
0.0439757 0.747106
0.0439757 0.747106
0.0200902 0.846405
0.0200902 0.846405
0.0200902 0.846405
0.0200902 0.846405
0.0200902 0.846405
5.55112e-17 1
5.55112e-17 1
5.55112e-17 1
0.881573 -0.421226
