605704 420.016
0.633746 -0.267883
0.633746 -0.267883
0.208469 0.641887
0.445566 -0.0300461
0.415999 0.351102
0.246781 0.357915
0.0426181 0.850755
0.445517 0.304487
0.246771 0.460364
0.208483 0.608467
0.246771 0.460364
2.47382e-07 1.73753
2.47382e-07 1.73753
0.445522 0.0734123
8.19828e-06 1.10672
0.0426181 0.850755
0.633727 -0.178744
8.01718e-07 1.27526
5.94055e-07 1.40569
0.416006 0.316049
0.0425816 0.92245
0.0425814 1.04234
0.246771 0.460364
4.06243e-06 1.15755
0.445566 -0.0300461
0.445517 0.304487
0.633714 -0.0877152
0.24678 0.442697
0.246781 0.357915
8.01718e-07 1.27526
4.61814e-07 1.48637
0.0425816 0.92245
2.47382e-07 1.73753
0.0425816 0.92245
4.06243e-06 1.15755
0.633741 -0.224474
0.633741 -0.224474
0.633746 -0.267883
0.416006 0.316049
0.415999 0.351102
0.208469 0.641887
0.0426181 0.850755
0.24678 0.442697
0.445522 0.0734123
8.19828e-06 1.10672
8.19828e-06 1.10672
0.415999 0.351102
5.94055e-07 1.40569
4.06243e-06 1.15755
4.61814e-07 1.48637
0.0426181 0.850755
0.415999 0.351102
0.445566 -0.0300461
5.94055e-07 1.40569
0.24678 0.442697
8.19828e-06 1.10672
0.246781 0.357915
5.94055e-07 1.40569
0.24678 0.442697
2.47382e-07 1.73753
0.24678 0.442697
8.19828e-06 1.10672
8.19828e-06 1.10672
8.01718e-07 1.27526
0.415999 0.351102
0.633746 -0.267883
0.445566 -0.0300461
0.445566 -0.0300461
0.415999 0.351102
0.633741 -0.224474
0.208483 0.608467
0.445522 0.0734123
5.94055e-07 1.40569
0.416006 0.316049
0.0425816 0.92245
0.246771 0.460364
4.06243e-06 1.15755
0.445566 -0.0300461
0.445517 0.304487
0.633714 -0.0877152
0.246781 0.357915
4.61814e-07 1.48637
2.47382e-07 1.73753
0.0425816 0.92245
0.633746 -0.267883
0.633741 -0.224474
0.415999 0.351102
0.445522 0.0734123
5.94055e-07 1.40569
4.06243e-06 1.15755
4.61814e-07 1.48637
0.445566 -0.0300461
8.19828e-06 1.10672
0.246781 0.357915
5.94055e-07 1.40569
0.24678 0.442697
1.00425e-07 1.97373
0.415999 0.351102
0.208483 0.608467
0.208469 0.641887
