32 0.0707087
0.156575 2.52601
0.798706 1.86755
0.456733 1.92782
0.5 1.52883
0.5 2.04902
0.560203 2.28724
0.166607 2.62663
0.913735 2.72275
0.888946 1.41789
0.77219 2.44745
0.848591 0.99177
0.552853 2.58609
0.386064 1.53393
0.17619 2.11157
0.805997 1.56369
0 3.01908
0 2.61693
0.487608 1.85345
0.317182 2.37277
0.794625 2.0154
0 3.00257
0.229977 1.8496
0.35019 2.51838
0.720285 2.56813
0.479043 1.91878
0.5 2.29427
0 2.44461
0.159216 2.82466
0 2.67731
0.324742 2.55131
0.594044 1.96604
0.64115 1.14529
0.691643 1.54295
0.772175 2.67477
0.165572 2.42809
0.40608 1.98346
0.431757 1.71565
0.232014 1.34031
0.994332 1.98264
0 2.85794
0.979726 2.25968
0.548362 2.76767
0.587663 2.42465
0.386787 2.54202
0.28978 2.46652
0.788334 1.9091
0 3.02041
0.5 1.68739
0.621351 1.70156
0.506572 1.69938
0.287288 1.62013
0.394343 2.23984
0.0382488 2.54402
0.00167697 3.34602
0.0443341 2.57502
0.367874 2.67953
0.25918 2.27864
0.595624 1.6418
0.572942 2.44226
0.580062 2.77328
0.5 1.52859
0.3973 1.83996
0.445167 1.66639
0.184904 2.55027
0.338555 2.47925
0.803749 1.66369
0.5 2.32536
0.184222 2.90568
0.13386 2.71337
0.147436 2.4872
0.503473 2.01278
0.240608 2.2479
0.986622 1.97425
0.892333 1.34677
0.930252 2.73767
0.523103 2.55584
0.301886 1.97618
0.608768 2.12313
0.473097 1.7475
0.040921 2.88064
0.18868 3.15393
0.546467 2.76789
0.682556 2.01322
0.714788 1.88316
0.665557 1.42749
0.432919 1.52107
0.262923 2.36507
0.345487 2.43753
0.791131 2.41731
0.268141 2.33292
0.0863491 2.35236
0.209958 2.47218
0.263629 1.78109
0 2.54601
0.272764 1.76864
0.0820879 2.43432
0.165422 2.61114
0 3.74495
0 2.9924
0.380442 2.27841
