853335 320.006
0.841654 -0.65324
0.841654 -0.65324
0.841643 -0.388024
0.428072 0.38267
0.236965 0.390947
0.63288 -0.0182147
0.0190837 0.995133
7.5738e-06 1.20454
1.32209e-09 1.62364
0.236965 0.390947
0.236961 0.780091
0.116095 0.875931
0.116095 0.875931
7.5738e-06 1.20454
0.204584 0.815714
0.204584 0.815714
0.204584 0.815714
0.204584 0.815714
0.0190837 0.995133
0.443132 0.241091
0.443132 0.241091
0.44313 0.330161
0.632889 -0.0944012
0.0190837 0.995133
0.443124 0.354252
0.632889 -0.0944012
0.632885 -0.026995
0.0190837 0.995133
0.428072 0.38267
0.0190837 0.995133
0.632896 -0.216989
0.632889 -0.0944012
0.44313 0.330161
0.443124 0.354252
0.63288 -0.0182147
0.632885 -0.026995
0.841643 -0.388024
0.204584 0.815714
1.32209e-09 1.62364
0.443132 0.241091
0.236965 0.390947
0.443124 0.354252
0.0190837 0.995133
7.5738e-06 1.20454
0.236965 0.390947
0.0190837 0.995133
0.0190837 0.995133
0.0190837 0.995133
0.632885 -0.026995
0.632889 -0.0944012
0.443124 0.354252
0.0190837 0.995133
0.44313 0.330161
0.443132 0.241091
0.443132 0.241091
0.632896 -0.216989
0.204584 0.815714
0.236965 0.390947
1.32209e-09 1.62364
7.5738e-06 1.20454
0.63288 -0.0182147
0.236965 0.390947
0.428072 0.38267
0.236965 0.390947
0.0190837 0.995133
0.236965 0.390947
7.5738e-06 1.20454
0.0190837 0.995133
0.443124 0.354252
0.443132 0.241091
0.204584 0.815714
0.632885 -0.026995
0.443124 0.354252
0.44313 0.330161
0.443134 0.0133849
0.0190837 0.995133
7.5738e-06 1.20454
0.443132 0.241091
0.443124 0.354252
0.204584 0.815714
0.0190837 0.995133
0.204584 0.815714
0.236965 0.390947
0.632889 -0.0944012
0.204584 0.815714
7.5738e-06 1.20454
0.650342 -0.283697
0.443132 0.241091
0.44313 0.330161
0.44313 0.330161
0.443124 0.354252
0.44313 0.330161
0.0190837 0.995133
0.443124 0.354252
0.632889 -0.0944012
7.5738e-06 1.20454
0.443124 0.354252
0.632889 -0.0944012
0.428072 0.38267
4.02504e-06 1.26206
