52045 150.025
0.257186 0.247382
0.0831744 0.674835
0.652565 -0.454225
0.242696 0.279161
0.209691 0.490599
0.414846 0.175497
0.00534864 0.934232
0.0579518 0.7108
0.225182 0.373346
0.418582 0.131779
0.0113947 0.896496
0.00162517 0.971704
0.0672084 0.690516
0.423093 0.0814216
0.0335349 0.795155
0.21672 0.435162
0.843287 -0.73687
0.230321 0.339236
0.219494 0.412976
0.825871 -0.503119
0.0281198 0.821413
0.836545 -0.671934
0.0225241 0.843988
0.637003 -0.373545
0.456259 -0.117787
0.189636 0.636392
0.051761 0.733811
0.236668 0.304743
0.832909 -0.622641
0.0395237 0.770762
0.0755013 0.68073
0.648814 -0.447987
0.197577 0.576618
0.641058 -0.410837
0.622896 -0.193747
0.203007 0.542868
0.194642 0.597422
0.435362 -0.0431263
0.20091 0.551596
0.192083 0.616422
0.0427768 0.759721
0.0163892 0.873652
0.0472661 0.748795
0.234302 0.318756
0.431714 -0.0121997
0.830592 -0.587403
0.828417 -0.544901
0.625765 -0.238362
0.426374 0.0415547
0.835277 -0.654706
0.0185475 0.863479
0.451376 -0.117202
0.442264 -0.0870282
0.627383 -0.261599
0.430367 0.000577285
0.634295 -0.349161
0.829446 -0.567982
0.643366 -0.426202
0.620263 -0.148435
8.59075e-08 1.02089
0.443533 -0.0950613
0.851287 -0.769263
8.59075e-08 1.02089
0.190243 0.628387
0.129305 0.752505
0.0984065 0.689834
0.0324336 0.800658
0.47025 -0.0573389
0.211352 0.473478
0.177218 0.703013
0.168307 0.737529
0.205574 0.518069
0.281417 0.321386
0.137983 0.764478
0.216869 0.430658
0.230645 0.335714
0.162003 0.755159
0.308206 0.529813
0.2548 0.251043
0.235898 0.306846
0.0799328 0.678647
0.186121 0.652891
0.0993166 0.689198
0.56376 0.767462
0.183704 0.668164
0.127371 0.746131
0.0571097 0.712531
0.299361 0.452316
0.216386 0.434547
0.00299011 0.952855
0.216164 0.43667
0.304881 0.501655
0.147874 0.770444
0.263694 0.254777
0.127349 0.746962
0.15453 0.766289
0.223771 0.380702
0.35334 0.763644
0.246475 0.265052
0.0824149 0.677675
