515906 100.002
2.15591e-11 22.2439
2.15591e-11 22.2439
0.917863 8.86026
7.27753e-09 15.5453
0.403977 10.0236
0.403977 10.0236
6.48331e-08 12.6108
7.27753e-09 15.5453
6.48331e-08 12.6108
0.101958 11.2406
2.15591e-11 22.2439
6.06694e-06 12.1935
0.101956 11.5602
0.790097 9.14531
0.25433 10.9282
0.790097 9.14531
0.680364 9.38397
0.790097 9.14531
0.348577 10.2036
0.652801 9.71724
0.680359 9.42324
0.652801 9.71724
1.584e-06 12.3543
0.790097 9.14531
0.101956 11.5602
6.48331e-08 12.6108
0.101956 11.5602
0.403977 10.0236
3.43841e-06 12.2503
2.48477e-06 12.3179
6.06694e-06 12.1935
3.43841e-06 12.2503
0.680359 9.42324
0.680364 9.38397
3.43841e-06 12.2503
0.101958 11.2406
6.06694e-06 12.1935
0.101956 11.5602
7.27753e-09 15.5453
6.48331e-08 12.6108
7.27753e-09 15.5453
2.15591e-11 22.2439
0.348577 10.2036
0.680364 9.38397
2.48477e-06 12.3179
0.403977 10.0236
0.101956 11.5602
0.790097 9.14531
6.48331e-08 12.6108
6.06694e-06 12.1935
6.48331e-08 12.6108
0.790097 9.14531
0.790097 9.14531
2.48477e-06 12.3179
0.680364 9.38397
0.652801 9.71724
6.48331e-08 12.6108
2.15591e-11 22.2439
6.48331e-08 12.6108
0.790097 9.14531
0.348577 10.2036
0.680364 9.38397
0.790097 9.14531
6.48331e-08 12.6108
2.15591e-11 22.2439
0.348577 10.2036
0.790097 9.14531
6.48331e-08 12.6108
0.917863 8.86026
0.25433 10.9282
0.790097 9.14531
7.27753e-09 15.5453
0.652801 9.71724
2.15591e-11 22.2439
0.348577 10.2036
0.680364 9.38397
2.48477e-06 12.3179
2.15591e-11 22.2439
0.101956 11.5602
0.790097 9.14531
6.48331e-08 12.6108
6.06694e-06 12.1935
6.48331e-08 12.6108
0.101956 11.5602
0.790097 9.14531
2.48477e-06 12.3179
0.680364 9.38397
7.27753e-09 15.5453
6.06694e-06 12.1935
2.15591e-11 22.2439
6.48331e-08 12.6108
6.06694e-06 12.1935
0.101958 11.2406
0.680364 9.38397
0.790097 9.14531
6.48331e-08 12.6108
2.15591e-11 22.2439
0.348577 10.2036
6.48331e-08 12.6108
0.917863 8.86026
