241682 380.03
3.50537e-19 1.04978
0.999845 0.018199
0.999948 0.173078
0.944102 0.69199
0.463596 0.550972
0.724698 0.748557
0.418578 0.833834
0.423129 0.527161
0.733814 0.423078
0.795502 0.132258
0.545707 0.323636
0.509609 0.863848
0.853397 0.834863
0.991644 0.493812
0.892134 0.578868
0.955978 0.714347
0.393947 0.61263
0.663754 0.750399
0.356865 0.732869
0.198855 0.719903
0.0002452 9.12797
0.0675505 4.18752
0.817164 0.976809
0.59126 0.592351
0.400854 0.67643
0.999919 0.295288
0.955978 0.714347
0.0723633 8.65728
0.579163 0.446926
0.21422 0.7373
0.537764 0.850673
0.949707 0.525077
0.853397 0.834863
0.486397 1.3351
0.448246 0.716824
0.478144 1.02945
0.739171 0.93429
0.787533 1.44476
0.848437 0.162164
0.791554 0.559052
0.76779 0.439639
0.999919 0.295288
0.0676731 23.2522
0.627731 0.680535
0.313831 0.739787
0.368496 0.646464
0.61555 0.929321
0.36244 0.917326
0.98583 3.82568
0.159815 2.8345
0.949707 0.525077
0.455712 0.748955
0.526126 0.807255
0.526126 0.807255
0.999916 0.0533884
0.973177 0.539525
0.349018 1.43178
0.418578 0.833834
0.848437 0.162164
0.651345 1.2364
0.463596 0.550972
0.486397 1.3351
0.76779 0.439639
0.159815 2.8345
0.198628 0.690372
0.859396 2.0315
0.356865 0.732869
0.22003 2.10279
0.42588 0.918436
0.944102 0.69199
0.298901 0.800764
0.294982 0.619151
0.833269 0.514782
0.0407274 9.35038
0.579163 0.446926
0.415723 0.850186
0.492796 0.798618
0.520597 0.812303
0.69021 12.1186
0.73878 0.94635
0.42588 0.918436
0.451789 0.614606
0.135697 0.835121
0.7009 0.408143
0.999958 0.234162
0.606043 0.461754
0.554797 1.12736
0.0958877 1.51114
0.850492 0.779761
0.478144 1.02945
0.850492 0.779761
0.355658 0.875687
0.880435 0.14901
0.537764 0.850673
0.833269 0.514782
0.0078421 8.18366
0.568124 1.14552
0.416732 0.793224
0.330776 0.79932
0.520779 0.845289
