13867 20.0024
0.00270798 210.591
0.00172251 214.734
0.0002251 228.663
0.000146666 233.453
5.73507e-06 258.193
4.81887e-05 250.722
0.00110075 228.052
9.98857e-05 248.202
0.00168165 227.641
4.08202e-06 285.324
6.13551e-07 300.517
3.19507e-05 257.63
1.31303e-07 308.695
1.82866e-08 323.571
5.28139e-06 275.864
2.50944e-06 298.742
1.81997e-06 300.4
6.18888e-09 368.829
0.00255326 219.254
0.000155339 233.95
0.00189542 223.552
0.00158055 232.447
5.96683e-05 254.922
1.00304e-05 265.616
2.46294e-05 261.527
7.8582e-06 275.475
1.01806e-06 304.21
4.139e-08 338.685
5.2578e-06 297.09
6.40536e-06 291.796
5.56833e-05 259.004
3.18623e-07 329.806
7.64676e-07 310.712
1.7809e-08 372.166
5.83018e-05 257.92
5.9833e-07 319.68
7.03226e-07 318.349
1.20227e-08 436.126
0.00279192 219.274
0.000262521 234.066
0.00198906 224.711
1.08916e-05 266.046
0.000155622 249.145
8.21876e-05 258.39
0.00266472 221.592
0.000238746 240.178
0.00246872 224.231
6.53781e-05 263.831
3.95142e-07 329.923
2.71073e-06 305.173
6.37936e-07 326.351
2.08439e-06 308.334
2.2895e-06 306.153
7.60083e-05 263.715
6.00435e-08 383.923
0.00252498 225.13
0.000481213 238.926
0.000171797 251.914
0.00121839 234.249
3.89263e-05 296.744
6.73985e-05 271.697
0.00202723 229.117
2.85642e-05 428.316
0.00148625 437.292
0.0021474 388.838
0.00255425 405.584
0.0024416 483.397
0.00189626 433.341
0.00237042 440.124
0.00211455 517.059
0.00254581 469.919
0.00385097 392.67
0.00283489 496.339
0.00329168 439.662
0.00122342 463.708
0.00159019 346.949
0.00391157 388.36
0.00291132 347.414
0.003109 415.541
0.000851811 495.397
0.00179551 297.466
0.00380191 409.896
0.000238805 457.394
0.00136315 368.639
0.00173993 401.398
0.00252331 376.743
0.00219794 335.29
0.00298002 480.534
0.0031042 494.447
0.00362677 412.006
0.00140309 478.868
0.00271296 330.796
0.00275065 425.329
0.00163426 328.122
0.00257565 336.358
0.00203529 442.841
0.000520419 546.729
0.00353039 339.434
0.00309049 404.842
0.00291998 422.661
