34 0.0817645
0.786958 448.212
0.473957 314.269
0.155807 405.728
0.484757 383.912
0.0135112 506.409
0.54423 397.497
0.641113 377.518
0 401.512
0.585882 326.648
0.5 410.544
0.112815 498.529
0.429876 406.982
0.414251 375.805
0.447342 395.788
0.554287 494.733
0.178728 452.707
0.261347 451.659
0.497316 476.45
0 424.934
0.0627962 528.366
0 431.729
0.425865 483.722
0.116984 487.75
0.374877 438.006
0.621049 420.917
0.5 465.957
0.77429 429.807
0.358162 337.517
0.68871 417.009
0 546.043
0.793585 375.415
0.00820195 521.347
0.0686423 426.471
0.03111 484.922
0.341915 502.564
0.039604 457.322
0 441.179
0.434201 502.715
0.631643 343.894
0.148277 370.126
0.512523 508.473
0.23892 489.229
0.0868248 359.717
0.5 257.932
0.176684 438.78
0.5942 374.732
0 393.619
0 377.846
0.372894 448.075
0.759051 632.929
0.579092 427.965
0.0844482 501.803
0.096266 447.742
0.258235 358.239
0.26677 376.135
0.340967 495.952
0.801105 392.731
0.359099 334.709
0.116764 418.916
0 451.056
0.318706 437.417
0.659232 379.957
0.193257 451.464
0.0462655 501.434
0.518552 484.057
0.556916 612.431
0.725056 486.659
0.5 408.832
0.525874 357.089
0.897718 459.065
0.604553 360.687
0.50043 389.747
0.5 433.245
0.5 281.615
0.362448 424.716
0.552706 457.167
0.577696 443.621
0.32269 446.479
0.447803 582.403
0.5 459.874
0.160738 481.681
0.520631 496.38
0.701411 499.871
0.0540705 409.167
0.637041 349.833
0.211449 406.693
0.343953 473.068
0 428.079
0 437.03
0.346052 574.852
0.432977 448.623
0.015903 538.292
0.657512 462.255
0.500559 393.915
0.449661 354.671
0.472664 476.562
0.0350686 542.083
0 436.577
0.847461 338.107
0 400.952
