911286 200.003
1.57465e-09 37.8364
1.57465e-09 37.8364
3.67089e-09 9.60632
1.57465e-09 37.8364
0.772685 2.46265
0.967463 2.28267
3.67089e-09 9.60632
1.32126e-06 4.27192
0.473572 2.79281
0.370014 2.98152
0.145108 3.66731
0.145108 3.66731
0.250059 3.24691
0.166045 3.38405
0.531424 2.72453
0.614769 2.61397
0.055823 3.73518
0.680747 2.52856
0.61479 2.59205
0.30872 3.08984
0.473572 2.79281
0.30872 3.08984
0.250074 3.1986
0.531418 2.7544
0.473572 2.79281
2.7908e-06 4.21766
0.967463 2.28267
0.727478 2.52238
0.727478 2.52238
0.727478 2.52238
0.163023 3.44434
0.145148 3.48653
0.680747 2.52856
0.370014 2.98152
0.772685 2.46265
0.166045 3.38405
0.145108 3.66731
0.145109 3.50883
0.614769 2.61397
0.967463 2.21174
1.32126e-06 4.27192
0.145148 3.48653
0.250069 3.2322
0.250074 3.1986
0.531418 2.7544
0.531424 2.72453
0.772685 2.46265
0.30872 3.08984
0.30872 3.08984
0.30872 3.08984
0.250069 3.2322
0.145109 3.50883
0.96747 2.20235
0.680747 2.52856
0.680756 2.52376
0.145148 3.48653
0.680756 2.52376
0.250069 3.2322
0.680756 2.52376
0.055823 3.73518
1.57465e-09 37.8364
0.30872 3.08984
0.145148 3.48653
3.67089e-09 9.60632
0.30872 3.08984
0.531424 2.72453
0.370014 2.98152
0.96747 2.20235
1.32126e-06 4.27192
0.250074 3.1986
0.614769 2.61397
0.370014 2.98152
0.166045 3.38405
0.250059 3.24691
0.680756 2.52376
0.145109 3.50883
0.727478 2.52238
0.727478 2.52238
0.166045 3.38405
0.145108 3.66731
0.614769 2.61397
0.967463 2.21174
1.32126e-06 4.27192
0.145148 3.48653
0.250069 3.2322
0.531424 2.72453
0.30872 3.08984
0.250069 3.2322
0.166045 3.38405
0.96747 2.20235
0.680747 2.52856
0.250069 3.2322
0.680756 2.52376
0.055823 3.73518
0.967463 2.28267
2.7908e-06 4.21766
0.250074 3.1986
0.473572 2.79281
1.32126e-06 4.27192
0.250074 3.1986
