160636 520.104
1 4.53412e-06
1 4.53412e-06
1.73472e-17 1.00001
1.73472e-17 1.00001
0.579956 0.238461
0.740332 0.139583
0.14507 0.619131
0.14507 0.619131
0.00264317 0.948602
0.249062 0.50095
0.249062 0.50095
0.0151856 0.876784
0.740332 0.139583
0.579956 0.238461
0.0663101 0.742505
0.902249 0.0501398
0.868756 0.0679371
0.0443655 0.789382
0.839716 0.0836476
0.809533 0.100267
0.969886 0.0151794
0.783506 0.11485
0.315196 0.438658
0.338506 0.418194
0.49968 0.293125
0.477776 0.308793
0.45602 0.324717
0.434594 0.340768
0.413957 0.356615
0.26923 0.481137
0.0878919 0.703547
0.521871 0.277603
0.103636 0.678087
0.393718 0.372541
0.541832 0.263917
0.758015 0.129368
0.357673 0.401952
0.375102 0.387555
0.931741 0.0347404
0.562874 0.24976
0.0369974 0.807666
0.0768493 0.722795
0.0276691 0.833673
0.944567 0.0281189
0.295976 0.455974
0.022252 0.850843
0.115227 0.660561
0.285954 0.465264
0.115227 0.660561
0.999996 8.61937e-06
1 7.34482e-06
1 7.34482e-06
1.73472e-17 1.00001
0.477776 0.311058
1.73472e-17 1.00975
0.477776 0.323163
1.73472e-17 2.89451
0.999996 1.07376
1.73472e-17 7.08531
0.477776 6.4541
1 1.38152
1.73472e-17 9.55397
0.46353 7.33859
0.999999 2.61164
1 2.02188
0.999999 2.75544
1.73472e-17 12.0802
0.477776 9.8223
1 3.12177
1.73472e-17 17.0295
0.477776 11.7633
0.999999 7.11818
1 3.13627
1.73472e-17 48.975
0.477776 12.0165
1 8.7882
1 4.29665
0.477776 15.4576
0.999996 14.1128
1 12.2949
0.999999 14.1069
1 5.55568
0.477776 16.998
1 13.0236
1 17.9155
0.477776 22.5274
0.999996 20.8696
1 20.5162
0.477776 22.64
0.999999 21.8819
1 20.7953
0.477776 24.4315
1 25.6435
0.477776 28.4196
0.477776 30.4493
0.477776 37.8641
0.477776 41.9982
1 45.1629
0.477776 58.5512
1 56.0746
