157972 250.021
1.51767e-14 1.06306
0.999934 0.0204359
0.0783693 1.96341
0.133654 1.0217
0.344927 0.761975
0.402447 1.06743
0.336031 0.687313
0.796041 0.293667
0.143183 1.25071
0.240183 1.73469
0.161827 1.12983
0.399764 0.94214
0.134366 1.36629
0.420874 1.25559
0.372545 0.788394
3.3233e-15 1.96928
0.0783693 1.96341
0.413623 0.930717
0.072347 0.833202
0.490577 1.08998
0.453837 0.894658
0.420359 0.863266
0.143183 1.25071
0.477897 0.702511
0.242884 0.995291
0.45587 0.727573
0.372545 0.788394
0.690838 0.90201
0.30471 0.944354
0.170066 1.15134
0.365067 0.973834
0.162662 1.06847
0.288345 2.72128
0.215338 1.10993
0.407888 0.954907
0.45965 0.642759
0.527282 1.15654
0.072347 0.833202
3.3233e-15 1.96928
0.420359 0.863266
0.231043 0.978795
0.426884 0.833973
0.240183 1.26904
0.524508 0.528658
0.134366 1.36629
0.438941 0.830385
0.546902 0.850193
0.0659763 1.13513
0.366617 0.624422
0.524508 0.528658
0.0307024 1.89083
0.102341 0.876322
0.47645 0.900536
0.302228 0.993017
0.333401 0.787636
0.45587 0.727573
0.306642 0.663287
0.326611 2.53874
0.0390449 0.946759
0.207241 0.669858
0.302324 1.0418
0.637201 0.984498
0.242884 0.995291
0.0430483 1.13541
0.629233 1.16144
0.362531 1.10442
0.366617 0.624422
0.353908 1.38871
0.652429 1.14544
0.212827 0.982255
0.490577 1.08998
0.453925 0.694658
0.796041 0.293667
0.0659763 1.13513
0.161827 1.12983
0.214942 1.12517
0.652429 1.14544
0.150478 1.29593
0.499786 1.03856
0.407888 0.954907
0.206711 0.93982
0.271591 0.884592
0.207241 0.669858
0.296925 1.17203
0.212827 0.982255
0.399764 0.94214
0.271591 0.884592
0.306642 0.663287
0.629233 1.16144
0.336031 0.687313
0.45965 0.642759
0.30471 0.944354
0.333401 0.787636
0.162061 1.12383
0.31972 0.783802
0.271591 0.884592
0.318262 0.784319
0.999954 0.43814
0.43278 1.25896
0.240183 1.26904
