103769 100.018
1 3.70015e-10
1 3.70015e-10
3.98986e-17 1
3.98986e-17 1
0.00555113 0.925494
0.250286 0.499715
0.589058 0.232499
1 1.39135e-09
0.00555113 0.925494
0.5 0.292893
0.253575 0.496438
0.250286 0.499715
0.5 0.292893
0.589058 0.232499
1 1.39135e-09
0.253575 0.496438
0.576802 0.240525
0.536368 0.267628
0.536368 0.267628
0.00159329 0.960084
0.00159329 0.960084
0.000199712 0.985868
0.000701189 0.97352
0.000701189 0.97352
0.000199712 0.985868
0.585843 0.234596
0.585843 0.234596
1 7.34289e-10
1 7.34289e-10
1 1.11808e-09
1 1.11808e-09
1 3.77675e-10
1 3.77675e-10
1 3.70015e-10
1 3.70015e-10
1 3.70015e-10
1 3.70015e-10
1 3.70015e-10
1 3.70015e-10
1 3.70015e-10
1 3.70015e-10
1 3.70015e-10
1 3.70015e-10
1 3.70015e-10
1 3.70015e-10
1 3.70015e-10
1 3.70015e-10
1 3.70015e-10
1 3.70015e-10
1 3.70015e-10
1 3.70015e-10
1 3.70015e-10
1 3.70015e-10
1 3.70015e-10
1 3.70015e-10
1 3.70015e-10
1 3.70015e-10
1 3.70015e-10
1 3.70015e-10
1 3.70015e-10
1 3.70015e-10
1 3.70015e-10
1 3.70015e-10
1 3.70015e-10
1 3.70015e-10
1 3.70015e-10
1 3.70015e-10
1 3.70015e-10
1 3.70015e-10
1 3.70015e-10
1 3.70015e-10
1 3.70015e-10
1 3.77675e-10
1 3.77675e-10
1 7.34289e-10
1 1.11808e-09
0.589058 0.232499
0.585843 0.234596
0.585843 0.234596
0.585843 0.234596
0.536368 0.267628
0.250286 0.499715
0.250286 0.499715
0.250286 0.499715
0.250286 0.499715
0.250286 0.499715
0.00555113 0.925494
0.00159329 0.960084
0.000199712 0.985868
0.000199712 0.985868
0.000199712 0.985868
3.98986e-17 1
1 0.287625
0.00555113 1.08065
0.250286 0.823657
1 0.594106
0.250286 6.29645
0.585843 3.70357
1 16.3374
0.250286 18.0747
