324267 510.04
3.29908e-19 1.04473
0.999845 0.0178445
0.482791 1.10373
0.462434 1.26677
0.299415 1.11758
0.611329 1.36117
0.485223 0.869507
0.300611 1.35972
0.266748 2.01234
0.109254 6.01694
0.615819 0.894073
0.399737 1.20741
0.340191 2.02813
0.347032 0.820526
0.817767 1.6792
0.254631 6.85962
0.299299 1.65231
0.0678068 1.57833
0.517886 1.75305
0.797257 0.89878
0.629402 1.21258
0.562719 1.32403
0.94443 1.03501
0.787651 1.1094
0.445851 0.389725
0.155572 1.71556
0.719567 1.26297
0.244844 1.03109
0.684446 1.25151
0.562719 1.32403
0.452529 1.40119
4.4321e-20 2.71185
0.629402 1.21258
0.230853 0.823464
0.445851 0.389725
0.397775 1.85356
0.517322 1.79589
0.504484 1.12393
0.109254 6.01694
0.474678 1.58554
0.328863 1.27869
0.628271 0.63544
0.52559 0.732437
0.628271 0.63544
0.595694 1.09383
0.560808 0.769309
0.603463 3.12243
0.423648 1.90572
0.517322 1.79589
0.498209 0.876897
0.548371 0.93033
0.999899 0.378984
0.619072 1.08471
0.155572 1.71556
0.462434 1.26677
0.553069 0.96713
3.88845e-20 1.4109
0.45842 1.15594
0.503902 1.47972
0.287967 0.973517
0.479257 1.32943
0.307374 1.13545
0.165791 1.06298
0.307374 1.13545
0.107932 1.35163
0.319766 1.33274
0.817767 1.6792
0.407079 2.11627
0.816334 1.07071
0.340191 2.02813
0.287967 0.973517
0.525694 1.24595
0.397775 1.85356
0.319766 1.33274
0.474765 2.98985
0.585734 0.802725
0.419419 1.43549
0.423648 1.90572
0.525694 1.24595
0.615819 0.894073
0.419419 1.43549
0.60892 0.555335
0.595694 1.09383
0.999967 1.23145
0.107932 1.35163
0.155572 1.11949
4.4321e-20 2.71185
0.160729 1.80115
0.160729 1.80115
0.474765 2.98985
0.498209 0.876897
0.128967 2.1648
0.999905 0.557145
0.143819 1.58984
0.790584 1.19876
0.483241 1.21635
0.0499774 1.74819
0.933742 1.30999
0.474678 1.58554
0.94443 1.03501
