405681 370.019
0.000364101 171.446
2.5472e-06 174.695
1.79988e-05 173.352
3.86933e-07 224.231
2.40041e-08 230.056
2.31328e-06 205.147
1.50449e-09 283.541
1.41144e-08 263.065
1.89883e-08 251.703
8.42176e-09 280.923
8.45831e-11 372.723
4.3918e-10 311.803
3.87349e-10 315.357
3.35108e-10 365.013
2.0409e-10 371.074
2.68906e-11 457.435
0.000374546 175.161
0.000107729 176.905
7.30253e-05 179.061
5.38819e-06 201.408
1.02568e-05 194.716
2.0839e-05 188.193
2.42416e-06 214.114
1.91035e-05 190.315
2.21022e-06 227.981
1.98466e-05 189.096
1.36534e-07 234.898
1.28524e-06 233.716
2.95697e-08 245.378
5.01518e-10 321.365
2.11217e-08 259.016
2.13708e-07 234.78
9.09029e-11 374.535
2.58068e-08 248.568
1.47884e-08 290.346
3.17886e-09 308.82
6.03499e-09 301.405
1.7555e-08 289.166
5.25573e-09 301.935
1.27582e-06 234.504
5.15325e-09 307.035
7.34591e-11 498.019
0.000219837 180.589
8.7971e-05 182.101
3.5472e-05 191.71
8.91773e-06 204.457
2.33931e-05 197.706
3.49903e-06 219.53
6.92656e-06 210.409
1.59751e-05 202.045
3.35954e-07 235.085
2.30025e-06 228.261
4.49168e-05 189.072
2.00109e-05 200.09
4.25856e-05 189.23
1.37061e-07 240.799
6.12022e-06 216.446
5.5047e-08 254.126
3.48647e-06 225.322
3.32203e-06 228.116
3.28681e-07 239.265
4.70889e-08 267.927
3.67698e-08 268.653
0.00010764 452.91
0.00023967 446.486
0.000616626 520.215
0.000444996 353.827
5.75034e-05 458.908
0.000536695 474.614
0.000408614 470.992
6.78868e-05 429.748
0.0003697 369.812
0.000369218 393.988
0.000174223 459.253
0.000459993 463.768
0.000520212 403.364
0.000326038 421.389
0.000436523 448.102
0.000406991 447.607
0.000185088 371.318
7.5972e-06 352.048
0.000141528 479.741
0.000154755 431.384
0.000338366 391.325
0.000347876 521.683
0.000653516 448.15
0.000244108 419.697
0.000286028 431.575
0.000218926 388.481
2.99677e-05 361.559
0.000309803 429.681
4.76152e-06 433.586
0.00032998 432.449
0.000237731 410.305
0.000278108 480.402
0.00052525 402.852
0.000318991 453.653
0.000125653 388.645
6.86025e-05 395.378
0.000276367 424.148
