88585 120.01
0.720904 321.118
0.5 370.238
0 331.481
0.509346 453.153
0.118869 433.207
0.545435 275.372
0.309795 275.297
0.303981 355.444
0.00604082 339.964
0 450.716
0.554832 339.81
0.182163 342.139
0.270976 332.808
0.32821 380.844
0.103277 302.93
0.212177 381.967
0.129292 368.365
0.0904611 311.616
0.750703 387.641
0.162845 322.011
0.5 370.678
0.5 283.042
0.509788 248.18
0.599249 408.817
0.5 300.812
0.163158 384.87
0.359889 305.187
0 319.36
0.680725 306.439
0 276.732
0.387244 339.791
0.500714 371.779
0.231186 457.339
0.684404 427.008
0.5 262.672
0.164586 274.834
0.436298 449.482
0.621484 494.723
0.448644 206.592
0.0834667 560.701
0.236237 323.141
0.50289 422.505
0.505648 373.416
0.190792 278.313
0 502.546
0.208329 342.728
0.552449 303.255
0.352075 251.035
0.173298 242.262
0.554507 368.296
0.5 376.947
0 357.214
0.621024 404.808
0 317.192
0.1999 364.748
0.5 421.027
0.042657 368.258
0.115829 338.887
0.459272 371.068
0.378508 291.483
0.469935 381.731
0.00684033 379.186
0.206162 255.678
0.356252 291.022
0.244883 374.658
0.5 379.252
0.68846 264.635
0.313797 315.842
0 481.099
0.218534 345.702
0.497491 397.23
0.397906 340.244
0 427.274
0.5 423.934
0 388.907
0.269328 328.518
0.501412 313.751
0.610021 280.14
0.577628 428.588
0.335797 327.683
0.540672 351.393
0.0728834 349.779
0.26316 314.94
0.435153 226.56
0.500644 466.103
0.0350421 278.277
0.5 411.393
0.549544 345.395
0.595561 357.925
0.12355 300.485
0 355.159
0.170289 427.134
0.126483 373.451
0.649432 342.171
0.075709 421.495
0.296361 367.882
0.751184 394.487
0.414907 286.152
0.5 427.143
0.0807478 336.281
