652643 580.028
1.21612e-06 143.902
7.34722e-08 162.051
4.36602e-08 182.57
1.00248e-06 159.842
4.79262e-09 202.132
2.04987e-09 205.178
2.70043e-10 220.642
4.04295e-08 199.515
2.85114e-12 259.029
2.41472e-10 243.609
1.97913e-13 299.782
1.92532e-12 287.962
1.05822e-12 297.111
1.8036e-13 336.191
1.39079e-13 361.443
1.6949e-06 148.117
8.32693e-07 163.012
1.34116e-07 177.33
1.38888e-06 155.377
8.1117e-08 180.318
1.01218e-06 161.439
1.29392e-06 157.969
7.08058e-07 175.273
1.60312e-06 152.772
2.57469e-09 205.264
1.05377e-08 203.443
7.05449e-08 198.661
6.54954e-10 222.142
7.86374e-08 189.384
5.3278e-08 202.846
3.81891e-10 236.135
4.0783e-11 259.96
2.98271e-10 252.394
1.0871e-11 279.331
3.19766e-11 270.982
1.59607e-11 277.123
4.19001e-12 291.812
5.71612e-12 289.294
1.88204e-12 302.036
2.12262e-13 364.938
1.49524e-12 310.815
8.2838e-13 339.869
2.96559e-11 274.589
1.15185e-12 337.599
3.27335e-12 301.231
1.44529e-13 382.046
1.89419e-06 160.886
1.57643e-07 178.81
1.30625e-06 165.149
8.69291e-07 174.837
1.13517e-07 182.951
1.195e-06 167.178
1.48556e-08 204.187
6.92101e-07 177.861
9.67305e-08 195.888
1.68593e-06 164.577
1.07616e-06 173.257
1.1502e-06 170.772
1.14908e-09 230.527
2.75173e-09 220.807
6.77418e-09 207.563
5.91749e-09 209.516
7.3852e-10 263.69
7.44847e-07 410.943
1.39836e-06 290.769
1.38153e-06 343.596
1.1587e-06 283.834
1.46415e-06 353.877
1.52058e-06 373.402
8.98366e-07 415.654
4.27657e-07 374.739
9.73738e-07 407.521
1.44323e-07 331.639
1.28898e-07 351.548
1.61462e-06 291.673
1.34662e-06 388.993
1.38344e-06 335.824
9.98882e-07 411.2
1.50065e-06 367.891
1.30849e-06 336.713
5.45098e-07 357.87
7.35618e-07 353.911
4.94145e-07 300.689
7.08341e-07 403.408
1.2688e-06 342.435
1.21681e-06 386.804
3.58166e-07 413.001
6.90478e-07 380.493
1.7369e-06 366.54
1.83598e-06 379.342
1.11989e-06 336.571
9.67165e-07 340.368
9.42876e-07 356.812
1.05834e-06 352.593
3.36831e-07 351.362
7.74617e-07 441.154
1.06794e-06 330.975
1.37076e-06 348.068
9.13871e-07 339.639
8.75277e-07 389.746
