297338 370.024
2.69205e-14 1.03968
1 0.0150064
0.492652 0.868977
0.338134 3.31679
0.653616 2.49268
0.222893 1.7943
0.0415697 1.83592
0.688992 0.864193
0.402756 0.968846
0.705413 0.943286
0.188242 1.35067
0.518924 1.06289
0.86162 0.711835
0.0415697 1.83592
0.476001 1.13173
0.596163 0.458412
0.510722 0.9189
0.485094 0.944601
0.345264 2.07379
0.339818 0.87353
0.402756 0.968846
0.237066 1.91128
0.388871 1.19623
0.588895 0.967539
0.545036 0.614649
0.742333 2.0577
0.100089 1.27124
0.543651 0.883622
0.300982 1.24298
0.0755013 1.19057
0.595345 1.08097
0.524044 0.89892
0.419327 0.734654
0.21125 1.08772
0.524044 0.89892
0.543651 0.883622
0.175339 1.18162
0.498527 1.02004
0.471226 1.45856
0.58937 1.46975
0.100089 1.27124
0.526464 0.701446
0.237066 1.91128
0.328396 1.02757
0.670607 0.759203
0.458669 1.04204
0.309169 0.839446
0.163576 0.736811
0.708328 0.930876
0.596163 0.458412
0.281569 0.659755
0.392244 1.74293
0.440352 0.65634
0.513651 1.07459
0.449136 1.30292
0.536377 0.904321
0.0266061 1.99894
0.684154 1.02571
0.58937 1.46975
0.383726 1.58332
0.458669 1.04204
0.485094 0.944601
0.16003 0.84239
0.718177 0.775899
0.42708 0.762047
0.320496 1.12463
0.275864 1.08517
0.285487 0.627272
0.328396 1.02757
0.424784 0.931349
0.86162 0.711835
0.688992 0.864193
0.417954 0.847928
0.22054 0.834583
0.419327 0.734654
0.885034 0.66607
0.588895 0.967539
0.471261 0.548399
0.518924 1.06289
0.362798 1.08925
0.438854 1.36861
0.431024 0.991713
0.542102 0.828323
0.476262 0.884589
0.13705 1.04617
0.411631 0.958761
0.83075 0.826957
0.0401187 8.77322
0.203217 1.00808
0.240837 0.778737
0.746686 0.697362
0.708328 0.930876
0.349714 1.69452
0.16003 0.84239
0.349714 1.69452
0.494847 0.846946
0.565795 0.464339
0.523174 0.511764
0.392197 1.22799
0.536377 0.904321
