425464 580.04
0.107758 1.70248
1 0.790743
0 2.26984
0.539483 18.0438
0.150862 5.35276
0.892641 0.785449
0.655654 3.13486
0.323654 1.36633
0.615364 1.02845
0.971363 1.9475
0.269316 1.66336
0.447324 1.38316
0 2.35806
0.264376 1.88057
0.833164 1.11486
0.647179 1.1775
0.573102 1.08637
0.462257 1.25137
0.5 1.23212
0.793828 0.862775
0 2.23227
0.0502473 1.88907
0.263527 1.43986
0.635262 1.09342
0.409594 1.50267
0 2.25933
0.5 1.7064
0.122634 1.80296
0 2.28739
0 11.4893
0.1221 19.6982
0.289341 2.02297
0.5 1.86303
0.0994229 2.93236
0.34529 1.38452
0 2.1915
1 1.05936
0.870429 0.97215
1 0.730134
0 2.23956
0.216113 161.263
0.5 1.37195
0 2.86405
0.688179 0.994399
0.38436 1.3694
0.153964 1.59748
0.503426 1.21503
0.0117062 2.04996
0.570783 1.92303
0.32189 1.41766
0.5 1.3022
0.331327 1.50878
0.19064 1.52302
0.902793 0.824372
0 2.42682
0.588671 1.07889
0.212186 3.92382
0.5 1.23292
0.476122 1.21702
0.5 1.23271
0.658219 1.05486
0.5 1.15118
0.0417892 1.89183
0.111333 2.05835
0.0885727 2.3396
0.5 1.16567
0.188637 2.40273
0.291665 1.41211
0.123799 1.71999
0.465475 1.49026
0.127248 1.82876
0.600691 1.06303
0.617438 1.03235
0.147033 1.98373
0.31851 6.58162
0 2.36022
0.457396 1.54489
0.347874 1.41809
0.504309 1.55401
0.390537 3.81431
0.5 1.16296
0.624569 1.36753
0.502114 1.14652
0.334232 4.13975
0.349582 3.22433
0.669813 1.46597
0.974419 0.804926
0.0358599 1.95192
0.127553 1.87756
0.0500146 1.88129
0.433312 1.27942
0.693105 1.02174
0.5 1.26169
0.422839 1.24636
0.586255 1.05386
0.5 1.2905
0.5 1.69841
0.569201 1.06032
0.302476 1.53943
0.232394 1.49124
