681842 290.007
0.721363 2.27622
2.87019e-09 61.2357
1.34921e-07 4.28941
1.17819e-07 59.7749
0.48721 2.56771
0.623426 2.38866
0.238909 2.98038
0.365856 2.75265
0.721363 2.27622
0.632158 2.36934
0.365856 2.75265
0.721363 2.27622
0.365856 2.75265
0.0316465 3.58431
0.105509 3.28712
0.365856 2.75265
0.623426 2.38866
0.180265 3.12403
0.446043 2.61808
0.0316375 3.60097
0.365856 2.75265
1.34921e-07 4.28941
0.62344 2.37544
0.632158 2.36934
0.180265 3.12403
0.174635 3.12525
2.73855e-06 3.94953
2.63715e-07 3.95914
1.34921e-07 4.28941
2.73855e-06 3.94953
0.105509 3.28712
0.446043 2.61808
0.365856 2.75265
0.632158 2.36934
0.365856 2.75265
0.0316465 3.58431
0.105509 3.28712
0.105505 3.30379
1.11119e-06 3.95806
1.11119e-06 3.95806
0.365856 2.75265
0.623435 2.38077
0.623435 2.38077
2.63715e-07 3.95914
0.105509 3.28712
2.63715e-07 3.95914
0.623435 2.38077
0.105505 3.30379
2.73855e-06 3.94953
2.87019e-09 61.2357
1.34921e-07 4.28941
0.365856 2.75265
1.17819e-07 59.7749
0.446043 2.61808
0.365856 2.75265
0.180265 3.12403
0.623426 2.38866
0.721363 2.27622
0.0316465 3.58431
0.721363 2.27622
0.632158 2.36934
0.632158 2.36934
0.48721 2.56771
0.632158 2.36934
1.34921e-07 4.28941
0.632158 2.36934
0.180265 3.12403
0.365856 2.75265
0.365856 2.75265
0.238909 2.98038
2.73855e-06 3.94953
1.34921e-07 4.28941
1.17819e-07 59.7749
0.623426 2.38866
1.11119e-06 3.95806
0.0316465 3.58431
0.105509 3.28712
2.63715e-07 3.95914
0.623435 2.38077
0.632158 2.36934
0.446043 2.61808
0.105509 3.28712
0.721363 2.27622
1.34921e-07 4.28941
0.446043 2.61808
0.174635 3.12525
0.180265 3.12403
0.623426 2.38866
0.721363 2.27622
0.632158 2.36934
0.632158 2.36934
0.48721 2.56771
0.632158 2.36934
1.34921e-07 4.28941
0.632158 2.36934
1.34921e-07 4.28941
0.365856 2.75265
0.365856 2.75265
2.73855e-06 3.94953
1.34921e-07 4.28941
