46 0.110765
0 434.149
0 390.271
0 487.35
0.0988496 453.214
0.106705 364.945
0.164578 397.089
0 414.564
0 444.209
0 502.014
0.431611 504.339
0.054828 416.76
0.264335 361.48
0.0961114 457.923
0.0302902 440.318
0.265835 399.618
0 431.622
0.380209 378.075
0.291356 389.458
0.106142 456.105
0.52386 538.783
0.0439442 454.032
0.127393 363.976
0 454.598
0 477.045
0.0219591 504.474
0.00983732 378.829
0 362.475
0.0851112 363.59
0 481.858
0.253443 466.593
0.417969 461.175
0.105707 388.044
0.168945 563.021
0.527537 401.218
0.0127988 401.033
0.223558 384.761
0 534.392
0.572259 426.017
0.318597 367.767
0.332835 475.853
0.164851 363.324
0.357399 450.898
0.427184 425.614
0.119966 437.821
0.261243 434.407
0.256083 529.907
0.35934 484.015
0 375.356
0.488055 355.488
0 465.246
0.669664 393.371
0.0830892 468.28
0.331683 349.337
0.479852 490.844
0 345.696
0.00303267 510.268
0.0799097 343.591
0.0999943 449.677
0.280974 417.479
0 437.672
0.620177 362.158
0.572323 501.364
0 393.225
0.247471 318.314
0.24015 527.611
0.339942 483.21
0.548292 608.465
0.159245 380.683
0 362.306
0 401.507
0.0073185 512.305
0.55332 500.018
0.0480309 470.325
0 434.466
0.275795 421.129
0.181922 404.481
0.195724 441.995
0.269393 310.446
0.319928 454.634
0.369588 432.056
0.517287 383.717
0 377.267
0.029315 345.709
0.229567 461.394
0.672792 451.041
0.0773267 459.274
0.111551 436.239
0.025627 292.153
0.161516 414.293
0.00970213 332.268
0.31721 406.859
0.0387337 384.238
0.17534 453.591
0 437.061
0.363455 297.185
0.108122 400.41
0.320948 320.74
0 533.775
0.269777 433.674
0.294435 440.249
