246556 290.018
2.69205e-14 1.03968
1 0.0150064
0.206379 1.04969
0.520152 0.851412
0.203313 10.9493
0.187479 0.739239
0.693768 0.610945
0.257535 3.52557
0.315489 1.16552
0.191691 2.15951
0.346515 1.45249
0.565114 0.871117
0.485113 0.770435
0.294557 0.91346
0.341651 0.612878
0.485113 0.770435
0.331636 1.21415
0.844514 1.49301
0.144905 1.16409
0.181678 1.42827
0.190036 22.6711
0.605533 0.87666
0.1311 1.63223
0.446558 1.3392
0.175906 1.20167
0.203552 1.43811
0.302692 0.840982
0.527609 1.04515
0.341583 0.656118
0.257492 0.967212
0.673442 0.896477
0.16039 0.843362
0.373582 1.20431
0.673442 0.896477
0.226496 1.23033
0.33912 0.725404
0.257492 0.967212
0.314997 1.43123
0.0640164 1.6639
0.29372 0.544082
0.44188 0.580704
0.1311 1.63223
0.217483 1.77719
0.676502 0.579903
0.472933 0.725462
0.371638 1.08626
0.283861 1.10101
0.341583 0.656118
0.218135 0.954943
0.34818 1.01553
0.469014 1.46957
0.324929 0.688298
0.250141 2.122
0.605533 0.87666
0.823594 0.771151
0.326657 1.56143
0.181678 1.42827
0.217483 1.77719
0.413314 0.708176
0.0486812 1.28705
0.330865 1.39146
0.371968 1.4052
0.34818 1.01553
0.469228 0.618816
0.536956 0.609589
0.29372 0.544082
0.24515 0.912757
0.281394 2.76435
0.226496 1.23033
0.324929 0.688298
0.791785 0.592422
0.205858 1.68943
0.237502 1.31182
0.152312 1.35706
0.283861 1.10101
0.569716 0.738696
0.250141 2.122
0.922865 1.27836
0.520152 0.851412
0.300688 0.873512
0.188279 4.84915
0.373582 1.20431
0.134614 3.62416
0.203552 1.43811
0.346515 1.45249
0.342201 0.634812
0.381287 1.15468
0.413314 0.708176
0.148531 4.39734
0.354565 0.86484
0.472933 0.725462
0.928896 0.225307
0.341651 0.612878
0.764039 0.747334
0.188279 4.84915
0.361601 1.00248
0.446558 1.3392
0.302692 0.840982
0.565114 0.871117
0.285736 1.54865
