1039835 270.004
1.05575e-09 23.6869
1.05575e-09 23.6869
0.724288 1.9439
1.94279e-07 20.9534
2.80313e-07 3.8938
0.212849 2.4864
0.212849 2.4864
0.109087 2.73695
0.478724 2.18912
0.571959 2.08096
0.637856 2.00107
0.724279 1.96099
1.94279e-07 20.9534
1.11717e-07 23.5279
3.6148e-06 3.54423
0.0488947 2.93547
0.637847 2.06368
0.212849 2.4864
0.109087 2.73695
0.0489003 2.91548
0.426764 2.23705
0.373013 2.36729
0.426764 2.23705
0.724279 1.96099
2.80313e-07 3.8938
0.212849 2.4864
1.11717e-07 23.5279
0.373013 2.36729
0.478724 2.18912
0.571959 2.08096
0.637856 2.00107
0.724279 1.96099
0.373013 2.36729
0.0488947 2.93547
0.212849 2.4864
0.724279 1.96099
0.637856 2.00107
0.724279 1.96099
0.637847 2.06368
2.80313e-07 3.8938
0.724288 1.9439
2.80313e-07 3.8938
1.94279e-07 20.9534
0.0488947 2.93547
1.05575e-09 23.6869
0.109087 2.73695
0.724279 1.96099
1.05575e-09 23.6869
0.478724 2.18912
0.0488947 2.93547
0.478724 2.18912
2.80313e-07 3.8938
0.109087 2.73695
0.373013 2.36729
0.373013 2.36729
2.80313e-07 3.8938
2.80313e-07 3.8938
0.373013 2.36729
0.478724 2.18912
0.478724 2.18912
0.724279 1.96099
1.11717e-07 23.5279
0.637856 2.00107
2.80313e-07 3.8938
0.373013 2.36729
0.637847 2.06368
1.11717e-07 23.5279
0.637856 2.00107
0.212849 2.4864
0.0488947 2.93547
0.373013 2.36729
0.724279 1.96099
0.637856 2.00107
0.478724 2.18912
2.80313e-07 3.8938
1.11717e-07 23.5279
2.80313e-07 3.8938
0.724279 1.96099
0.426764 2.23705
0.373013 2.36729
3.6148e-06 3.54423
0.0489003 2.91548
0.109087 2.73695
0.109087 2.73695
0.478724 2.18912
0.724279 1.96099
0.478724 2.18912
0.478724 2.18912
0.373013 2.36729
2.80313e-07 3.8938
0.373013 2.36729
0.571959 2.08096
0.637856 2.00107
2.80313e-07 3.8938
0.478724 2.18912
0.0488947 2.93547
1.05575e-09 23.6869
0.637856 2.00107
1.05575e-09 23.6869
0.0488947 2.93547
