8241 30.0038
1 2.42167e-07
0 1
0.157428 0.603229
0.44296 0.334448
0.553071 0.256313
0.671948 0.180276
0.877195 0.0634133
0.643053 0.198095
0.222892 0.527886
0.207759 0.544195
0.178659 0.57732
0.00310646 0.944265
0.655417 0.190422
0.0101743 0.899133
0.513024 0.283743
0.833422 0.0870807
0.104276 0.677082
0.338953 0.417804
0.798524 0.106398
0.00121813 0.965099
0.690886 0.168805
0.497799 0.294452
0.0730129 0.729791
0.322256 0.432324
0.53984 0.265262
0.98159 0.0092481
0.112189 0.665054
0.135577 0.631792
0.0519597 0.772054
0.752503 0.132531
0.897683 0.0525391
0.574297 0.242177
0.782368 0.115484
0.0860677 0.706627
0.126632 0.644147
0.0809536 0.715477
0.814589 0.0974544
0.000260815 0.983851
0.478599 0.308192
0.282188 0.468787
0.0328628 0.81872
0.94352 0.0286504
0.120282 0.653183
0.298734 0.453435
0.0186429 0.863462
0.714615 0.154652
0.425927 0.347369
0.862141 0.0714849
0.407553 0.361601
0.593138 0.229846
0.0665882 0.741953
0.459211 0.32235
0.843163 0.0817609
0.364381 0.396361
0.423302 0.349383
0.148694 0.614392
0.266229 0.484026
0.355827 0.403488
0.732497 0.14414
0.0392593 0.801861
0.332335 0.423515
0.575725 0.241235
0.62458 0.209697
0.14334 0.621397
0.489061 0.300671
0.397467 0.369551
0.060986 0.753047
0.854852 0.0754183
0.765196 0.125245
0.719537 0.151745
0.459211 0.32235
0.596387 0.22774
0.0059297 0.922996
0.96033 0.0200358
0.234041 0.516223
0.936869 0.0320801
0.523921 0.276176
0.774744 0.119805
0.697784 0.164666
0.528974 0.272694
0.0248849 0.842251
0.810142 0.0999216
0.095059 0.691684
0.0134899 0.883854
0.0059297 0.922996
0.0946406 0.692363
0.624196 0.209939
0.374812 0.387782
0.610374 0.218736
0.310763 0.442539
0.23101 0.519366
0.610374 0.218736
0.92545 0.0379973
0.387125 0.377806
0.1878 0.566642
0.255646 0.494385
0.244811 0.505217
0.199945 0.552849
0.310763 0.442539
0.244949 0.505077
