23 0.0550264
0 487.177
0.394286 322.735
0.0568733 532.652
0.360636 404.151
0 382.713
0.152325 516.248
0.418187 382.066
0.948956 345.319
0 490.619
0.18047 421.397
0.220511 490.415
0.591692 360.24
0.294823 479.524
0.983291 426.31
0 450.884
0.873079 405.316
0 481.902
0.65684 468.102
0.139549 414.233
0.553552 456.446
0.506835 462.797
0.0115459 446.896
0.807457 434.599
0.295779 383.555
0 524.896
0.426489 420.146
0.5 387.336
0.197009 497.995
0.585312 464.691
0.0443947 501.205
0.112642 492.546
0.418483 415.203
1 440.657
0.213647 517.588
0.778963 382.887
0 526.665
0.293326 499.363
0 486.132
0.673284 495.603
0 513.056
0.781855 368.406
0.214099 547.869
0.7842 520.121
0.634901 461.659
0.598092 459.198
0 407.258
0.574615 414.765
0.0306654 502.971
0.191512 401.773
0.367922 479.217
0.445731 433.845
0.571883 260.03
0.136063 367.4
0.253832 511.156
0 556.1
0.954183 505.011
0.307225 394.15
0.622522 416.135
0.707987 410.077
0.00751095 330.413
0.234501 499.095
0.541529 441.484
0 486.804
0.600766 529.76
0.232726 436.778
0.643625 444.832
0.670089 500.804
0.765969 462.593
0.812274 422.358
0 492.654
0 589.103
0.41097 562.798
0.213323 384.022
0.912969 428.734
0 457.957
0.839673 651.161
0 446.681
0.550038 437.964
0.260201 369.697
0.591685 435.501
0.163168 473.504
0.321071 433.841
0.286707 452.799
0.797762 462.791
0.5 440.461
0.0640851 474.554
0.27725 386.069
0.637081 375.783
0.193522 330.87
0.631999 457.942
0 429.515
0.212687 545.086
1 384.977
0.380654 323.614
0.129888 652.461
0 431.825
0.000172265 471.053
0 374.324
0 412.13
0.45914 389.05
