16656 60.01
1.14273e-17 1
1 0
0.337558 0.419003
0.968588 0.0158312
0.557272 0.253494
0.785164 0.113905
0.506306 0.288448
0.942371 0.0292421
0.296898 0.455116
0.00155085 0.960619
0.0946869 0.692288
0.125164 0.646214
0.358304 0.401415
0.372064 0.390029
0.734843 0.14277
0.000234453 0.984688
0.187945 0.566474
0.692979 0.167546
0.248941 0.501061
0.0857239 0.707214
0.490293 0.299791
0.0384866 0.80382
0.660742 0.18714
0.608543 0.219908
0.454184 0.326069
0.113672 0.662848
0.578799 0.239212
0.172838 0.584262
0.568891 0.245751
0.715353 0.154214
0.387375 0.377605
0.53614 0.267784
0.769505 0.122786
0.897834 0.0524591
0.0476101 0.781803
0.834891 0.0862764
0.52136 0.277947
0.391787 0.374071
0.411134 0.358803
0.87573 0.0641957
0.0653971 0.744272
0.690036 0.169316
0.926925 0.0372305
0.206548 0.545525
0.030109 0.826481
0.645676 0.19646
0.626129 0.208717
0.751291 0.133229
0.0324973 0.81973
0.715353 0.154214
0.00670162 0.918137
0.824898 0.0917609
0.857357 0.0740641
0.132237 0.636356
0.321998 0.432551
0.0108747 0.895718
0.626129 0.208717
0.76258 0.126742
0.803493 0.103622
0.224618 0.526061
0.89006 0.0565702
0.053944 0.767742
0.0582296 0.758692
0.475794 0.310222
0.110051 0.668261
0.437571 0.338508
0.31066 0.442631
0.591057 0.231198
0.280386 0.470485
0.0152674 0.876439
0.137455 0.62925
0.238822 0.511306
0.024353 0.843946
0.16266 0.596689
0.151503 0.610767
0.526757 0.27422
0.672215 0.180113
0.267786 0.482519
0.648502 0.194704
0.00620336 0.921239
0.21432 0.537052
0.0036696 0.939423
0.231781 0.518564
0.934749 0.033176
0.913126 0.0444239
0.00333883 0.942217
0.602763 0.223622
0.0187274 0.863152
0.464984 0.318103
0.171301 0.586115
0.0694262 0.736511
0.672215 0.180113
0.0222942 0.850687
0.856497 0.0745285
0.879675 0.0620898
0.103022 0.679029
0.285723 0.465469
0.318863 0.435321
0.0119601 0.890638
0.218046 0.533046
