264059 360.024
0 2.58179
0.803089 1.33741
0 4.84831
0.0118549 2.48673
0.665498 1.32777
0.52761 1.41871
0.0625788 3.78139
0.234763 1.86614
0.944594 1.21552
0 3.15468
0.800664 1.20646
0.377631 1.6262
0.466794 1.47731
0.389081 1.77936
0.5 1.72733
0.748147 1.19035
0.688426 1.23803
0 2.9037
0.5 1.50611
0.503134 1.43178
0.258319 2.70446
0.00903073 2.57688
0 2.82742
1 1.08441
0.0911052 2.10637
0.834943 1.4695
0.0338668 2.63008
0.5 1.6703
0 2.59865
0.142541 1.98232
0.558267 1.40081
0 2.62744
0.762906 11.4483
0.159588 2.03379
0.785736 1.17359
0.219023 2.46666
0.678605 1.28334
0.599655 1.34728
0.561966 1.39612
0.16633 1.93739
1 1.90018
0.303861 1.705
0.945502 1.12085
0.63979 1.65656
0.552837 1.39953
0.0093611 2.60025
0.827529 4.34599
0.886643 1.77595
0.0868612 2.24013
0.393645 2.06786
0.743112 1.19201
0.940779 1.0285
0.967593 1.01741
0.634711 1.46335
0.358642 1.67012
0.0496747 2.2378
0.108196 2.15011
0.251471 2.00199
0.297907 2.2596
0.560308 1.43495
0.531729 1.46596
0.0436762 2.39937
0.315267 1.68589
0.180839 2.48196
0.443979 1.60264
0.264883 7.71911
1 1.62816
0.639659 1.65077
0.341043 1.74921
0.0443703 2.25643
1 0.981099
0.464593 4.56563
0.653254 1.28659
0.118441 2.14356
0.385717 3.10513
0.570607 1.38943
0.578296 1.38111
0.896161 2.50489
0.0294392 2.33677
0.697148 1.27081
0.272154 1.88092
0.117674 2.47753
0.00252526 2.62058
0.868314 1.31115
0.0813487 2.28033
0.729237 1.39417
0.836096 1.35748
0 2.79108
0.179449 2.36081
1 1.42141
0.141434 1.994
0.5 1.52093
0.600182 1.68649
0.5 2.24128
0.294648 1.77545
0.505975 1.43115
0.414142 1.53131
0.667232 4.95417
0 3.68853
0.392073 2.77984
