397982 530.035
2.69205e-14 1.03476
0.999537 0.0116143
0.367604 1.09363
0.320395 0.999088
0.672846 1.53795
0.594869 0.419906
0.207029 0.824131
0.387739 0.678033
0.999933 0.237209
0.999996 0.830779
0.209999 0.79705
0.202659 0.797402
0.400137 1.06951
0.141714 1.26185
0.889378 1.13644
0.206361 1.29925
0.395475 1.04933
0.69199 0.717138
0.457955 0.84326
0.464622 0.738079
0.395475 1.04933
0.440832 0.63381
0.407801 0.883677
0.12673 1.42586
0.69199 0.717138
0.530498 3.14588
0.252083 1.15531
0.464622 0.738079
0.319439 0.619009
0.999996 0.830779
0.317558 1.24491
0.268131 21.264
0.727757 0.954122
0.4052 0.552664
0.116042 1.04988
0.320395 0.999088
0.813381 0.740417
0.202003 1.70148
0.355521 0.824713
0.532788 1.27375
0.40312 0.970657
0.367051 1.02495
0.111488 0.915772
0.4052 0.552664
0.999985 0.925546
0.141714 1.26185
0.531468 0.431964
0.590373 0.529141
0.514992 0.396323
0.537891 0.659036
0.590373 0.529141
0.472931 2.0695
0.209999 0.79705
0.453323 0.87374
0.586806 0.826391
0.0743539 2.13955
0.531468 0.431964
0.535885 0.596281
0.474595 0.760024
0.767928 0.410835
0.116042 1.04988
0.105732 1.11331
0.476805 0.670557
0.999972 0.421501
0.0202037 5.46457
0.355521 0.824713
0.0971903 1.72343
0.206361 1.29925
0.387739 0.678033
0.514992 0.396323
0.333799 0.967575
0.139505 1.15969
0.172753 1.19352
0.434855 19.6539
0.628271 0.640353
0.455837 1.16515
0.813381 0.740417
0.629816 0.613668
0.0202037 5.46457
0.584082 0.55298
0.407801 0.883677
0.535885 0.596281
0.727757 0.954122
0.302256 0.987803
0.463078 1.17626
0.628271 0.640353
0.367051 1.02495
0.577026 0.729379
0.554398 1.36627
0.273239 0.69527
0.400137 1.06951
0.267601 5.23349
0.317558 1.24491
0.202639 0.822467
0.342183 1.09813
0.999986 0.608863
0.537891 0.659036
0.293763 5.3158
0.554398 1.36627
0.475793 0.665606
