755684 350.01
0.980795 1.85541
1.59681e-10 19.899
5.78885e-06 10.157
1.59681e-10 19.899
5.78885e-06 10.157
0.265117 2.92294
0.114278 3.10058
0.906876 1.93417
0.51573 2.54438
0.396589 2.54994
0.653002 2.22551
0.563239 2.2954
0.396584 2.56819
0.314524 2.69482
0.114278 3.10058
0.980795 1.85541
0.114261 3.28173
0.396589 2.54994
0.681813 2.17076
0.114278 3.10058
0.0555668 3.32428
0.314524 2.69482
0.281247 2.75294
0.314524 2.69482
0.114278 3.10058
0.653026 2.20769
0.733015 2.11521
0.51573 2.54438
0.563237 2.33244
0.5405 2.36122
0.265126 2.75848
0.281247 2.75294
0.51573 2.54438
0.11427 3.13127
0.265118 2.78848
0.265117 2.92294
0.563239 2.2954
0.563237 2.33244
0.114278 3.10058
0.11427 3.13127
0.265117 2.92294
0.396589 2.54994
0.396584 2.56819
0.653007 2.22146
0.653026 2.20769
0.653026 2.20769
0.5405 2.36122
0.0555668 3.32428
0.653007 2.22146
0.11427 3.13127
0.265126 2.75848
1.59681e-10 19.899
0.563239 2.2954
0.563237 2.33244
0.906876 1.93417
0.281247 2.75294
1.59681e-10 19.899
0.653026 2.20769
0.51573 2.54438
0.733015 2.11521
0.11427 3.13127
0.980795 1.85541
0.0555668 3.32428
0.281247 2.75294
0.906876 1.93417
0.281247 2.75294
5.78885e-06 10.157
0.906876 1.93417
0.51573 2.54438
0.653002 2.22551
0.396584 2.56819
0.980795 1.85541
0.114261 3.28173
0.314524 2.69482
0.114278 3.10058
0.51573 2.54438
0.281247 2.75294
0.51573 2.54438
0.281247 2.75294
0.11427 3.13127
0.563237 2.33244
0.265117 2.92294
0.396584 2.56819
0.0555668 3.32428
1.59681e-10 19.899
0.563239 2.2954
1.59681e-10 19.899
0.51573 2.54438
0.733015 2.11521
0.11427 3.13127
0.757237 2.06846
0.51573 2.54438
0.563237 2.33244
0.51573 2.54438
0.265117 2.92294
0.281247 2.75294
0.906876 1.93417
0.51573 2.54438
0.114261 3.28173
0.265117 2.92294
