385351 350.085
0.995436 0.00228476
0.995436 0.00228476
2.62267e-10 0.999984
2.62267e-10 0.999984
0.0422956 0.794341
0.0422956 0.794341
0.447 0.33142
0.447 0.33142
0.525611 0.27501
0.86905 0.0677716
0.00442627 0.942243
0.525611 0.27501
0.86905 0.0677716
3.22089e-09 0.999943
0.49425 0.296971
0.49425 0.296971
0.464175 0.318696
0.464175 0.318696
0.939889 0.0305212
0.91938 0.0411571
0.484967 0.303604
0.939889 0.0305212
0.959769 0.0203218
0.485674 0.303097
0.484967 0.303604
0.948803 0.0259351
0.879607 0.0621262
0.91938 0.0411571
0.948803 0.0259351
0.981953 0.00906438
0.913246 0.0443611
0.879607 0.0621262
0.900972 0.0508046
0.960877 0.0197566
0.899487 0.051587
0.453671 0.326449
0.887661 0.0578421
0.450902 0.328507
0.453671 0.326449
0.987981 0.00602779
0.987981 0.00602779
0.968228 0.0160142
0.915409 0.0432299
0.913246 0.0443611
0.972457 0.0138678
0.968228 0.0160142
0.887365 0.0579994
0.900972 0.0508046
0.978505 0.0108059
0.899487 0.051587
0.972457 0.0138678
0.887661 0.0578421
0.978505 0.0108059
0.887365 0.0579994
0.995436 0.00228476
0.995436 0.00228476
0.995436 0.00228476
0.995436 0.00228476
0.995436 0.00228476
0.972457 0.0138678
0.968228 0.0160142
0.968228 0.0160142
0.968228 0.0160142
0.91938 0.0411571
0.913246 0.0443611
0.913246 0.0443611
0.900972 0.0508046
0.900972 0.0508046
0.887661 0.0578421
0.879607 0.0621262
0.879607 0.0621262
0.86905 0.0677716
0.525611 0.27501
0.49425 0.296971
0.49425 0.296971
0.464175 0.318696
0.464175 0.318696
0.464175 0.318696
0.453671 0.326449
0.447 0.33142
2.62267e-10 0.999984
2.62267e-10 0.999984
0.91938 0.0425004
0.447 15.9302
0.49425 0.324005
0.879607 0.0842635
0.900972 0.0727104
0.968228 0.0834521
0.887661 10.959
0.900972 8.22299
0.972457 6.2437
0.900972 8.78976
0.992658 7.02782
0.900972 13.2742
0.913246 15.2276
0.900972 15.6875
0.913246 15.761
0.900972 18.8629
0.991941 20.0695
0.900972 31.4733
