696953 290.006
2.78511e-11 6.4273
0.915865 2.96916
3.19803e-07 5.14665
1.91986e-07 6.1117
0.57528 3.2226
0.0557649 4.59149
0.752558 3.16855
0.298602 3.88106
0.416721 3.67763
0.915865 2.96916
0.915865 2.96916
0.187743 4.18062
0.298585 3.91117
0.223434 4.05416
0.529624 3.47276
0.187743 4.18062
1.91986e-07 6.1117
2.78511e-11 6.4273
0.187743 4.18062
1.19997e-06 4.88407
1.91986e-07 6.1117
0.0326857 4.71643
0.0326857 4.71643
0.0557649 4.59149
0.461047 3.61596
0.0557606 4.59365
0.57528 3.2226
0.529613 3.50011
0.789599 3.12892
0.187753 4.14973
0.213628 4.09621
0.494806 3.537
0.461047 3.61596
0.789599 3.12892
0.483685 3.56091
0.213628 4.09621
0.223434 4.05416
0.483694 3.55426
0.483685 3.56091
0.57528 3.2226
0.494806 3.537
0.57528 3.2226
0.494806 3.537
0.494806 3.537
0.752562 3.14891
0.529615 3.48117
0.529613 3.50011
0.298602 3.88106
0.529615 3.48117
0.529624 3.47276
0.483694 3.55426
0.416721 3.67763
0.752562 3.14891
0.416721 3.67763
0.483694 3.55426
0.187743 4.18062
0.461047 3.61596
0.0557649 4.59149
0.187743 4.18062
0.483685 3.56091
2.78511e-11 6.4273
1.19997e-06 4.88407
0.213628 4.09621
0.483685 3.56091
0.223434 4.05416
0.461047 3.61596
0.213628 4.09621
0.187753 4.14973
0.0557606 4.59365
0.0557649 4.59149
0.0326857 4.71643
0.57528 3.2226
0.57528 3.2226
1.91986e-07 6.1117
1.19997e-06 4.88407
0.187743 4.18062
0.915865 2.96916
0.494806 3.537
0.529624 3.47276
0.223434 4.05416
3.19803e-07 5.14665
0.529624 3.47276
0.0557649 4.59149
1.19997e-06 4.88407
0.213628 4.09621
0.461047 3.61596
0.915865 2.96916
0.416721 3.67763
0.187753 4.14973
0.752562 3.14891
0.0557649 4.59149
0.483685 3.56091
0.529615 3.48117
0.57528 3.2226
1.91986e-07 6.1117
1.19997e-06 4.88407
0.187743 4.18062
0.915865 2.96916
0.298602 3.88106
0.494806 3.537
