379888 130.002
4.54924e-11 22.6163
0.826402 7.37134
6.55501e-11 13.0558
4.54924e-11 22.6163
0.705902 7.60301
0.487979 7.65219
0.170463 8.55491
0.370239 8.1058
2.13076e-08 11.5311
6.55501e-11 13.0558
0.0745883 9.41666
8.11184e-06 9.54704
0.765541 7.48293
0.705902 7.60301
0.815502 7.41478
0.765541 7.48293
7.08043e-08 11.2033
0.170463 8.55491
0.370239 8.31802
0.0745883 9.41666
6.50159e-06 9.83973
2.13076e-08 11.5311
0.0745883 9.41666
0.815505 7.3954
0.826392 7.39209
0.826392 7.39209
0.487979 7.65219
0.487979 7.65219
0.170463 8.55491
6.50159e-06 9.83973
6.50159e-06 9.83973
0.765541 7.48293
8.11184e-06 9.54704
7.08043e-08 11.2033
0.170463 8.55491
4.54924e-11 22.6163
7.08043e-08 11.2033
0.0745883 9.41666
0.826392 7.39209
0.815505 7.3954
6.50159e-06 9.83973
7.08043e-08 11.2033
0.370239 8.31802
0.765541 7.48293
0.815505 7.3954
0.815502 7.41478
7.08043e-08 11.2033
0.705902 7.60301
0.705902 7.60301
4.54924e-11 22.6163
7.08043e-08 11.2033
6.50159e-06 9.83973
0.487979 7.65219
0.765541 7.48293
0.705902 7.60301
0.170463 8.55491
0.815505 7.3954
7.08043e-08 11.2033
0.826392 7.39209
0.815505 7.3954
6.50159e-06 9.83973
7.08043e-08 11.2033
0.0745883 9.41666
0.765541 7.48293
2.13076e-08 11.5311
0.815505 7.3954
0.815502 7.41478
7.08043e-08 11.2033
0.705902 7.60301
6.55501e-11 13.0558
0.360242 8.39279
0.170463 8.55491
6.50159e-06 9.83973
0.765541 7.48293
0.705902 7.60301
9.96514e-08 9.84625
7.08043e-08 11.2033
0.0745883 9.41666
4.54924e-11 22.6163
0.705902 7.60301
6.50159e-06 9.83973
8.11184e-06 9.54704
0.0745925 9.01517
6.55501e-11 13.0558
0.0745883 9.41666
8.11184e-06 9.54704
2.13076e-08 11.5311
0.0745883 9.41666
0.826392 7.39209
7.08043e-08 11.2033
0.826392 7.39209
0.705902 7.60301
6.50159e-06 9.83973
7.08043e-08 11.2033
2.13076e-08 11.5311
0.446313 7.75952
0.487979 7.65219
0.705902 7.60301
6.55501e-11 13.0558
2.13076e-08 11.5311
