230623 370.03
4.28079e-25 1.08827
1 0.0164452
0.481782 0.707037
0.34748 1.02238
0.0343199 1.18435
0.39834 0.703594
0.093348 1.97485
0.285027 0.758636
0.476662 0.73725
0.405189 0.54766
0.1676 5.84935
0.616072 0.69038
0.238383 0.68403
0.442613 0.667367
6.23365e-26 1.30782
0.222034 0.786843
0.329189 0.770462
0.276041 0.898585
0.0665196 1.97406
0.383902 0.835781
0.577253 0.478672
0.0871867 1.11413
0.0829217 0.947619
0.42678 0.61704
0.351611 0.688814
0.313745 1.32894
0.279152 0.91169
0.395372 0.785867
0.100271 0.998451
0.408236 1.0196
0.21164 1.61818
0.0211737 1.84945
0.54943 0.773785
1 0.073479
0.301484 0.748485
0.439095 0.77629
0.382494 0.977941
0.343952 0.5691
0.97549 0.779669
0.395372 0.785867
0.119954 1.00747
0.442613 0.667367
0.2348 1.30937
0.0418774 1.68344
0.328415 1.01634
0.378434 0.615108
0.581287 0.587581
0.119954 1.00747
0.093348 1.97485
0.277035 0.719137
0.238383 0.68403
0.455545 0.736497
0.427037 0.962412
0.279152 0.91169
0.616072 0.69038
0.135418 1.09514
0.15851 1.48113
0.0422066 12.6766
0.473491 0.965425
0.188372 0.981107
0.329189 0.770462
0.349686 1.20499
0.351611 0.688814
0.169895 0.796069
0.316951 0.551921
0.169396 1.1479
1 0.110392
0.451038 0.73014
0.332545 0.945514
0.328415 1.01634
0.221915 1.14912
0.476662 0.73725
0.391755 0.723478
1 0.110392
0.727348 1.05721
0.360118 1.35192
0.427037 0.962412
0.1676 5.84935
0.301484 0.748485
0.433386 0.733355
0.216783 2.52962
0.481782 0.707037
0.135418 1.09514
0.275208 0.618934
0.2348 1.43296
0.527859 0.507126
1 0.0730208
0.451038 0.73014
0.0343199 1.18435
0.563673 0.676331
0.430034 0.633704
0.0878193 1.66953
0.408236 1.0196
0.313745 1.32894
0.188372 0.981107
0.415835 0.632806
0.261602 0.875221
0.378434 0.615108
0.336985 0.661528
0.573124 0.753019
