383510 350.017
0.000364101 171.446
2.5472e-06 174.695
1.79988e-05 173.352
2.40041e-08 230.056
3.86933e-07 224.231
2.42416e-06 214.114
1.50449e-09 283.541
3.87349e-10 315.357
8.42176e-09 280.923
9.09029e-11 374.535
2.0409e-10 371.074
2.68906e-11 457.435
0.000374546 175.161
0.000107729 176.905
7.30253e-05 179.061
5.38819e-06 201.408
2.0839e-05 188.193
2.13708e-07 234.78
3.49903e-06 219.53
2.21022e-06 227.981
1.91035e-05 190.315
2.58068e-08 248.568
1.98466e-05 189.096
5.01518e-10 321.365
6.03499e-09 301.405
3.48647e-06 225.322
1.47884e-08 290.346
2.09144e-07 242.706
3.17886e-09 308.82
9.47551e-11 400.094
1.7555e-08 289.166
5.15325e-09 307.035
3.54623e-10 377.568
2.78936e-10 386.665
7.34591e-11 498.019
0.000219837 180.589
8.7971e-05 182.101
4.49168e-05 189.072
1.59751e-05 202.045
2.30025e-06 228.261
6.92656e-06 210.409
2.92638e-05 201.167
3.35954e-07 235.085
5.5047e-08 254.126
6.12022e-06 216.446
1.01088e-05 204.723
9.60545e-06 205.44
5.36772e-06 223.585
2.65458e-08 283.484
5.16593e-06 225.685
8.15754e-09 323.97
3.06194e-07 249.16
3.28681e-07 239.265
1.23304e-09 340.011
1.71924e-09 331.757
1.07536e-09 462.866
0.000400258 183.021
5.74604e-05 189.84
0.000202389 183.757
6.41505e-06 220.602
1.2205e-05 208.643
2.5922e-05 205.681
1.69575e-06 253.612
0.000489687 565.743
0.000203805 497.841
0.000917439 523.695
0.000246725 465.567
0.00118785 509.635
0.000118144 518.573
0.000414704 443.515
0.000209798 529.855
0.00108815 497.647
0.000600085 522.409
0.000110515 571.698
0.000165778 495.294
0.000199761 558.73
0.001019 483.667
0.000424947 458.997
0.000353384 535.773
0.000198287 465.994
0.00113923 510.624
0.000834262 456.027
0.000352833 525.635
0.000436026 502.187
4.87962e-05 487.915
0.000227406 523.258
0.000352364 434.155
0.000921366 571.046
0.000298964 500.797
0.000289149 514.778
0.000825199 586.183
0.000602304 471.198
0.000729183 525.212
0.000459141 439.024
0.000560658 429.531
0.000596098 542.409
0.000335161 532.816
0.000165287 547.616
0.000105711 498.314
0.000963967 547.77
