256558 560.072
0.999995 0.00069884
0.999995 0.00069884
4.51028e-17 1.00174
4.51028e-17 1.00174
0.878364 0.0748939
0.543672 0.263862
0.707331 0.160075
0.728347 0.147692
0.543672 0.263862
0.707331 0.160075
0.998665 0.00157876
0.159937 0.601474
0.728347 0.147692
0.134799 0.634273
0.510558 0.286636
0.00185434 0.958643
0.275072 0.476813
0.41036 0.360591
0.0813597 0.716258
0.0517108 0.774144
0.176455 0.581312
0.294078 0.458981
0.379199 0.385415
0.998665 0.00157876
0.0383161 0.805828
0.231454 0.520227
0.41036 0.360591
0.348718 0.410705
0.0990062 0.686816
0.314046 0.440857
0.465898 0.318581
0.00579788 0.925532
0.329821 0.426997
0.121367 0.653062
0.0165601 0.872944
0.0101643 0.900837
0.215915 0.536672
0.0230441 0.849808
0.0303467 0.827389
0.465898 0.318581
0.108255 0.672434
0.368883 0.393857
0.0695513 0.737595
0.194955 0.559882
0.0619899 0.752532
0.493385 0.298823
0.480781 0.307806
0.206621 0.556473
0.252262 0.499048
0.252262 0.499048
0.999991 0.000876364
0.252262 0.499048
0.252262 0.499048
0.252262 0.499048
0.231454 0.529685
0.206621 6.36365
0.999991 1.56108
0.206621 6.37506
0.252262 2.01548
0.252262 3.60236
0.206621 6.67006
0.252262 4.22985
0.206621 10.7985
0.999991 4.85816
0.999991 4.85816
0.206621 23.7355
0.252262 6.23198
0.231454 16.7525
0.245247 10.9775
0.999991 4.85816
0.999991 4.86138
0.206621 39.4157
0.252262 6.38186
0.231454 20.1306
0.999991 6.24984
0.245247 21.7473
0.255792 7.52678
0.252262 10.6305
0.999991 7.03187
0.252262 14.0347
0.255792 8.73776
0.999991 9.58177
0.252262 18.3929
0.999987 14.5002
0.999991 13.1136
0.252262 20.284
0.999991 13.3159
0.252262 24.9123
0.999991 13.8096
0.252262 25.0345
0.999991 14.3444
0.252262 25.1336
0.999991 14.8372
0.252262 32.7548
0.999991 15.2464
0.999991 15.3579
0.999991 17.2439
0.999991 18.9128
0.999991 20.6412
0.999991 24.4922
