329236 440.032
0.871964 1.8996
0 3.68009
0.320715 2.60014
0.316354 2.60055
0.932149 1.8653
0.0378456 3.37169
0.351466 3.93997
0.618938 2.2898
1 1.78222
0.932501 1.93657
0.311407 2.59979
0.542245 2.61409
0.472798 2.39962
0.587942 2.22993
0.131477 3.05885
0.491851 2.57782
0.253539 2.74238
0.457993 2.37526
0.167453 2.96213
0 5.99554
0.278412 2.7686
0.34385 7.34384
0.2153 4.01754
0.800129 1.97243
0.5 2.82971
0.718986 2.98223
0.726927 2.08643
0.861099 1.90209
0 3.6761
0.532094 2.28859
0.34636 2.60002
0.450587 6.61149
0.0167199 3.86214
0 3.72332
0 3.75662
0.302938 2.72118
0.208847 2.88062
0.5 2.32716
0.783928 1.99059
0.5 2.40277
0 5.39674
0.246896 2.88434
0.021828 3.43192
0.373177 2.96273
0.431956 2.65007
0.718634 2.29092
0.695237 2.09953
0.975586 2.07191
0.514644 2.36723
0 6.80004
0.5 2.37663
0 3.84564
0.423023 3.03133
0.206929 2.83922
0.428341 31.7509
0.316799 2.62178
0 3.778
0.465414 2.37256
0.128796 3.09106
0.282066 16.3801
0.582387 7.93127
0.512213 2.34945
0.295216 2.64579
0 3.90819
1 2.08895
0.0941936 3.87237
0.479345 2.55567
0.123965 3.08814
0.13868 3.08251
0.597923 2.22552
0.612491 2.2528
0.531873 3.38791
0.5 2.46409
0.5 2.34493
0 4.9114
0.000767597 3.6606
0.764723 2.03561
0.30193 2.80956
0.0309481 3.65635
0.0630236 3.6292
1 1.77479
0.800492 2.06646
0.5 3.25383
0.5 2.46874
0.58291 2.52454
0.819411 2.10049
0.654424 2.42517
0.680107 2.88833
0 3.70203
0.37537 2.496
0.274422 2.69993
0.134983 3.04927
0.139294 3.13674
0.75633 2.39382
0 3.78184
0.564325 3.50951
0.502584 2.31861
0.0482689 3.31849
0 3.74187
0.739108 2.5855
