560557 510.024
0.000188144 162.763
3.00203e-05 179.098
7.29624e-05 176.78
8.01396e-07 199.938
6.03376e-06 188.15
0.000149429 170.604
0.000156213 170.291
4.97358e-06 192.959
9.20169e-08 229.275
3.81355e-08 236.203
4.06279e-07 228.304
0.000149152 175.863
1.5481e-09 269.404
1.98023e-08 249.003
4.36016e-10 284.365
6.47454e-11 341.216
1.62358e-08 255.742
1.98636e-10 308.256
1.57869e-08 258.523
3.03591e-08 248.556
3.94004e-07 229.256
4.6704e-11 428.432
3.7724e-11 437.393
1.75602e-11 444.396
0.000176293 175.578
9.26821e-05 178.807
6.31494e-05 184.526
9.05567e-06 196.758
8.56807e-07 216.095
6.42012e-06 202.241
8.61082e-05 181.631
1.9885e-05 195.852
7.64837e-05 183.578
0.000156604 178.468
3.65713e-06 214.318
2.53693e-07 229.577
5.49804e-06 210.098
3.0524e-05 195.815
8.71335e-08 236.333
5.31569e-06 211.401
4.91339e-08 252.957
2.92893e-08 260.658
6.72411e-07 229.313
8.34854e-08 243.274
2.90788e-10 318.056
2.684e-09 291.07
7.62543e-09 272.346
1.57358e-09 299.16
6.43383e-09 280.011
2.84728e-08 266.347
6.96125e-09 274.388
1.49086e-08 272.174
7.61606e-11 386.422
4.42529e-11 471.891
1.33193e-10 346.09
1.46106e-09 312.24
9.49979e-11 357.372
1.06555e-10 352.783
6.85648e-11 458.017
4.08242e-11 524.718
0.000213331 176.545
1.92236e-05 199.057
4.17721e-06 223.354
0.000186799 466.871
0.000196861 321.621
3.69866e-05 390.097
0.000125396 379.531
0.000168552 419.003
0.000222771 319.35
0.000206607 291.988
0.000266862 392.259
0.000191798 314.485
9.95267e-05 311.76
5.47743e-05 407.743
0.000246158 311.524
0.000176055 369.544
0.000151813 349.181
0.000215207 403.369
0.000172433 406.474
0.000163071 392.857
1.47548e-05 350.197
7.43045e-06 433.546
0.000255857 328.703
2.25134e-06 411.705
0.000231357 343.305
0.000163838 414.999
0.000177042 360.746
0.00015691 406.253
0.000182441 361.844
0.000223666 357.843
0.000168529 375.914
0.000250034 364.779
0.000139034 296.524
0.000149503 317.84
3.02278e-05 386.138
2.20832e-05 364.517
0.000247948 367.408
0.000129528 326.403
0.000180899 328.034
7.47927e-06 403.791
