94573 350.068
1.94809e-17 1
1 0
0.459074 0.32245
0.818839 0.0951025
0.262914 0.487249
0.44279 0.334575
0.14247 0.622549
0.512243 0.284289
0.845815 0.0803181
0.185107 0.56976
0.213716 0.537706
0.717917 0.1527
0.661792 0.186494
0.892191 0.0554412
0.955577 0.022464
0.552688 0.25657
0.579047 0.239049
0.0359615 0.810365
0.19552 0.557824
0.000976095 0.968759
0.00429222 0.934485
0.541717 0.263986
0.625021 0.209417
0.757513 0.129648
0.131738 0.637043
0.0461894 0.785083
0.244011 0.506025
0.157641 0.602959
0.0110495 0.894883
0.245941 0.504076
0.0231674 0.847792
0.0158264 0.874197
0.979446 0.0103302
0.337518 0.419037
0.319695 0.434584
0.977672 0.0112269
0.361496 0.398755
0.848439 0.0788927
0.000976095 0.968759
0.0790994 0.718754
0.676675 0.177397
1.94809e-17 1
0.216893 0.534282
0.228764 0.521707
1 0
0.80812 0.101045
0.788326 0.112123
0.649248 0.194241
0.777129 0.118451
0.489851 0.300106
0.530344 0.271753
0.502867 0.290869
0.872664 0.0658351
0.612043 0.217668
0.167434 0.590813
0.697273 0.164971
0.283 0.468022
0.0984742 0.686194
0.634966 0.203153
0.426586 0.346865
0.455662 0.324972
0.705224 0.160224
0.390237 0.375311
0.40591 0.36289
0.594951 0.228669
0.750577 0.133642
0.733386 0.14362
0.590042 0.231858
0.426586 0.346865
0.412127 0.358029
0.380449 0.383194
0.0735265 0.728842
0.0461894 0.785083
0.0540633 0.767485
0.136531 0.630499
0.0912557 0.697914
0.733386 0.14362
0.0862023 0.706398
0.228764 0.521707
0.121636 0.651237
0.351781 0.406889
0.904695 0.0488453
0.920306 0.0406744
0.307199 0.445745
0.319695 0.434584
0.00786168 0.911334
0.642745 0.198286
0.933372 0.0338884
0.948533 0.0260733
0.00431622 0.934302
0.00730341 0.91454
0.297066 0.454963
0.0570153 0.761221
0.0657384 0.743605
0.489851 0.300106
0.494595 0.296726
0.157641 0.602959
0.866792 0.0689834
0.340339 0.416614
0.167434 0.590813
