100837 380.064
1 0
0 1
0.421219 0.350986
0.608123 0.220178
0.135202 0.632302
0.0010908 0.966973
0.3745 0.388036
0.120693 0.652591
0.0116547 0.892043
0.885554 0.0589612
0.348683 0.409506
0.3745 0.388036
0.797456 0.106996
0.642877 0.198204
0.508636 0.286813
0.632974 0.204403
0.704793 0.16048
0.73009 0.145547
0.183726 0.571367
0.0055449 0.925536
0.475309 0.310573
0.0265556 0.837041
0.839931 0.0835225
0.264561 0.485645
0.666754 0.18345
0.690561 0.169
0.961533 0.019422
0.950855 0.0249813
0.67467 0.178617
0.0694886 0.736393
0.813989 0.0977868
0.566394 0.247409
0.00260092 0.949001
0.909945 0.0460894
0.530159 0.27188
0.204868 0.547377
0.428719 0.345233
0.190292 0.563775
0.237471 0.51269
0.97947 0.0104163
0.227369 0.523167
0.293381 0.458353
0.0519344 0.772109
0.164088 0.594922
0 1
0.787094 0.112817
0.45319 0.326806
0.253574 0.496439
0.0414272 0.796463
0.917893 0.0419327
0.0890515 0.701585
0.493617 0.297421
0.200483 0.552247
1 0
0.0802417 0.71673
0.0414272 0.796463
0.558037 0.252981
0.143979 0.620555
0.362884 0.397601
0.0338216 0.816094
0.217867 0.533237
0.930758 0.035242
0.305374 0.447394
0.0338216 0.816094
0.156209 0.604767
0.976247 0.0119479
0.548853 0.259154
0.171892 0.585402
0.542123 0.26371
0.470697 0.313926
0.0941976 0.693084
0.307867 0.445143
0.505964 0.288689
0.102895 0.679227
0.596162 0.227885
0.580715 0.237954
0.338121 0.418518
0.0527601 0.770304
0.773188 0.120689
0.287056 0.464224
0.00452307 0.932746
0.863287 0.0708675
0.0599552 0.755142
0.0802417 0.71673
0.73009 0.145547
0.745216 0.136741
0.580715 0.237954
0.280739 0.470152
0.066877 0.741394
0.441709 0.335388
0.111926 0.665446
0.698725 0.164102
0.101808 0.680926
0.875997 0.0640527
0.936194 0.0324288
0.255352 0.494677
0.776666 0.118713
0.113907 0.662499
0.826267 0.0910074
0.0184578 0.86414
