143692 520.089
0 1
1 0
0 1
0.346175 0.411634
0.798519 0.106401
0.253298 0.496713
0.376546 0.386367
0.485815 0.302996
0.105387 0.675366
0.905189 0.0485859
0.409717 0.359909
0.754519 0.131369
0.289421 0.462021
0.777033 0.118505
0.538655 0.266069
0.274455 0.476116
0.739477 0.140071
0.385603 0.379031
0.0632526 0.748499
0.66025 0.187443
0.0122472 0.889333
0.588613 0.232789
0.266453 0.483809
0.00572398 0.924343
0.128203 0.641945
0.139062 0.62709
0.708803 0.158096
0.00279557 0.947127
0.0850623 0.708346
0.630083 0.206223
0.0243441 0.843974
0.939817 0.0305587
0.606261 0.221372
0.444808 0.333061
0.466106 0.317281
0.299398 0.452827
0.81382 0.0978802
0.695222 0.1662
0.769274 0.122917
0.954071 0.0232343
0.116758 0.658301
0.229688 0.520743
0.317769 0.43629
0.0415952 0.796051
0.0185507 0.863799
0.0957178 0.690617
0.217684 0.533434
0.989032 0.00549898
0.0169187 0.869928
0.564006 0.248997
0.429826 0.344389
0.611581 0.217964
0.000787418 0.971939
0.678788 0.176114
0.854867 0.0754099
0.508984 0.286569
0.182428 0.572884
0.0730598 0.729704
0.205918 0.546218
0.572568 0.243318
0.0385628 0.803626
0.04842 0.779954
0.821672 0.0935389
0.317769 0.43629
0.922733 0.0394102
0.580854 0.237862
0.979052 0.0105294
0.686545 0.17142
0.971514 0.0143461
0.429826 0.344389
0.444808 0.333061
0.651845 0.192631
0.335473 0.4208
0.636524 0.202692
0.922733 0.0394102
0.00469791 0.931459
0.0276199 0.833808
0.564006 0.248997
0.52113 0.278107
0.00104847 0.96762
0.508984 0.286569
0.192698 0.561027
0.192698 0.561027
0.0973134 0.688049
0.145627 0.618389
0.205918 0.546218
0.882356 0.0606619
0.0123926 0.888678
0.890935 0.0561065
0.238233 0.511908
0.238233 0.511908
0.170048 0.587631
0.159545 0.600569
0.532865 0.270024
0.479073 0.307849
0.466106 0.317281
0.0731094 0.729613
0.0810335 0.715336
0.159545 0.600569
0.149807 0.612951
