291368 320.03
0.999998 9.76625e-07
0.999998 9.76625e-07
1.04083e-17 1
1.04083e-17 1
0.152383 0.609637
0.152383 0.609637
0.919563 0.0410617
0.830868 0.0884805
0.672354 0.180028
0.797282 0.107094
0.587736 0.233361
0.885538 0.0589701
0.75359 0.131904
0.862071 0.0715224
0.954127 0.0232058
0.705508 0.160055
0.720156 0.15138
0.207973 0.543959
0.229005 0.521456
0.357573 0.402027
0.451542 0.328032
0.263206 0.486964
0.279576 0.47125
0.24366 0.506381
0.773997 0.120229
0.337466 0.419082
0.298755 0.453415
0.47361 0.311807
0.432396 0.342432
0.377294 0.385758
0.538143 0.266418
0.193707 0.559879
0.519188 0.279453
0.55527 0.254836
0.571628 0.243939
0.974899 0.0126302
0.502877 0.290862
0.416333 0.354762
0.488918 0.300773
0.625323 0.209226
0.391428 0.374358
0.179652 0.576146
0.322193 0.43238
0.403804 0.364545
0.313423 0.440159
0.625323 0.209226
0.179652 0.576146
0.645092 0.196824
0.989799 0.00511395
0.645092 0.196824
0.999998 9.76625e-07
1.04083e-17 1
1.04083e-17 1
1.04083e-17 1
0.999903 0.0257082
1.04083e-17 1.05812
0.999903 0.0534583
1.04083e-17 7.522
0.999998 0.692406
1.04083e-17 16.7671
0.999903 4.37877
0.999998 6.8898
1.04083e-17 18.8509
0.999903 8.67343
0.999998 9.31062
1.04083e-17 21.0545
0.999903 16.3188
0.999998 13.8953
1.04083e-17 23.6349
0.720156 22.9011
0.999903 16.4438
0.999903 16.8505
1.04083e-17 25.0935
0.999903 22.1408
1.04083e-17 25.727
0.999903 23.453
1.04083e-17 27.6073
0.999903 24.397
1.04083e-17 27.7052
0.999903 24.901
1.04083e-17 28.1886
0.999903 25.139
1.04083e-17 29.5169
0.986489 28.3758
0.999998 27.1631
1.04083e-17 31.2141
0.999903 27.615
0.999998 30.9504
1.04083e-17 31.8655
0.999949 32.1056
1.04083e-17 32.3714
1.04083e-17 38.3941
0.999949 41.0773
1.04083e-17 41.6243
0.999903 42.8743
1.04083e-17 45.0072
1.04083e-17 54.6632
0.999903 54.7422
1.04083e-17 59.5487
1.04083e-17 63.2482
