386766 400.037
1 0.00109628
1 0.00109628
0 1.00047
0 1.00047
0.532711 0.27116
1 0.00122297
0.532711 0.27116
1 0.00122297
0.00474883 0.932992
0.0127506 0.889149
0.192581 0.562441
0.145593 0.619386
0.0358428 0.812416
0.2083 0.544739
0.313983 0.441235
0.0904897 0.701262
0.269001 0.482563
0.0433129 0.793846
0.2233 0.528077
0.25189 0.498723
0.484182 0.304929
0.467001 0.318068
0.0790321 0.720757
0.448793 0.330433
0.0544206 0.768654
0.0221794 0.853101
0.176129 0.581881
0.238141 0.513056
0.284223 0.468079
0.298745 0.454595
0.4318 0.343509
0.111094 0.668046
0.502122 0.291923
0.0256635 0.841818
0.103117 0.680933
0.388941 0.377434
0.516375 0.282612
0.404046 0.365474
0.417158 0.355277
0.374706 0.388591
0.1279 0.64323
0.36188 0.399968
0.0685052 0.739934
0.157524 0.60411
0.348018 0.411206
0.0646174 0.754818
0.124734 0.648034
0.164986 0.594736
0.338369 0.41986
0.332451 0.423825
0.332451 0.423825
0.334695 0.421925
0 1.00047
0.334695 0.42211
0 6.88699
0.329144 5.03204
0.332451 0.424583
0.332451 0.424583
0.334695 0.422639
0.334695 0.422639
0 20.0174
0.332451 0.424731
0.334695 0.422818
0 38.6354
0.332451 0.424952
0.334695 0.422992
0.329144 52.8993
0.332451 0.842208
0.334695 0.423029
0.334695 0.423029
0.332451 0.955057
0.334695 0.423029
0.334695 0.423029
0.334695 0.48984
0.332451 1.12667
0.334695 1.124
0.332451 1.2663
0.332451 1.58711
0.334695 3.31522
0.332451 7.37339
0.334695 3.61252
0.332451 15.5893
0.334695 7.46759
0.332451 17.4374
0.334695 11.9236
0.332451 17.807
0.334695 16.1938
0.332451 18.4023
0.334695 16.383
0.332451 20.2533
0.334695 17.4291
0.332451 21.659
0.334695 18.403
0.332451 22.6206
0.334695 19.0432
0.332451 22.7379
0.334695 21.8672
0.334695 28.5216
0.334695 36.8362
0.334695 40.4897
