1166208 370.007
5.671e-09 68.3103
5.671e-09 68.3103
6.43757e-09 62.9756
1.96078e-08 36.2554
1.96078e-08 36.2554
4.76978e-08 18.3181
6.04023e-08 1.72697
4.76978e-08 18.3181
0.886335 0.490198
0.886335 0.490198
0.144192 1.23389
0.430477 0.878682
0.430477 0.878682
0.523694 0.785181
0.886359 0.488635
0.97668 0.418516
0.144192 1.23389
0.060914 1.39256
6.43757e-09 62.9756
7.803e-06 1.71309
7.803e-06 1.71309
0.634983 0.675396
0.681367 0.637262
0.523703 0.775586
0.567997 0.737096
0.567997 0.737096
0.607941 0.691985
0.69107 0.632377
0.719934 0.611881
0.607941 0.691985
0.634969 0.686093
0.681367 0.637262
0.0609087 1.40642
6.04023e-08 1.72697
5.74249e-06 1.71366
0.634973 0.684356
0.69107 0.632377
0.0609114 1.40374
0.0609114 1.40374
0.0609114 1.40374
5.74249e-06 1.71366
0.634969 0.686093
0.886353 0.488949
0.69107 0.632377
0.886335 0.490198
5.74249e-06 1.71366
0.430477 0.878682
0.523699 0.784772
0.886359 0.488635
5.74249e-06 1.71366
7.803e-06 1.71309
0.634969 0.686093
0.523703 0.775586
0.0609087 1.40642
1.96078e-08 36.2554
0.0609087 1.40642
0.144192 1.23389
0.523699 0.784772
1.96078e-08 36.2554
0.681367 0.637262
0.060914 1.39256
0.567997 0.737096
6.43757e-09 62.9756
0.681367 0.637262
0.523699 0.784772
0.567997 0.737096
1.96078e-08 36.2554
6.43757e-09 62.9756
6.04023e-08 1.72697
0.634969 0.686093
0.607941 0.691985
4.76978e-08 18.3181
0.886359 0.488635
0.886335 0.490198
7.803e-06 1.71309
0.634969 0.686093
0.523703 0.775586
0.0609087 1.40642
0.430477 0.878682
0.634983 0.675396
1.96078e-08 36.2554
5.74249e-06 1.71366
0.060914 1.39256
0.567997 0.737096
0.97668 0.418516
0.634969 0.686093
0.567997 0.737096
1.96078e-08 36.2554
6.43757e-09 62.9756
0.0609087 1.40642
0.144192 1.23389
0.607941 0.691985
4.76978e-08 18.3181
0.306496 0.999364
0.523694 0.785181
6.04023e-08 1.72697
0.607941 0.691985
0.0609087 1.40642
4.76978e-08 18.3181
0.144192 1.23389
