8917 20.004
0.00826169 412.129
0.3003 411.845
0.773681 377.018
0.103317 312.01
0 436.714
0 481.492
0 395.508
0.372152 367.271
0 353.782
0 397.659
0.633734 543.956
0.123735 352.957
0.150424 357.481
0 354.824
0.367195 280.138
0.662484 464.241
0 448.728
0 402.547
0.27513 409.817
0.0940623 488.424
0.137031 423.544
0.408573 326.311
0.204548 365.246
0.0889496 232.889
0.0846329 388.733
0.0291565 443.447
0.459013 324.717
0.0760496 367.544
0.0801292 386.339
0.345894 383.913
0.118331 337.931
0.121432 374.978
0.451406 410.723
0.209942 341.929
0 411.189
0 431.464
0.0582385 282.808
0.112665 387.098
0.0487233 346.678
0.11804 386.14
0.227289 376.56
0.307374 356.407
0.418386 315.668
0.444198 511.047
0.134049 419.179
0.299316 429.133
0 305.099
0.325562 307.333
0.523204 483.925
0.106214 329.859
0.0667677 320.417
0.0396415 418.128
0 370.791
0.0795473 409.308
0.225657 328.941
0 365.011
0.367804 408.74
0 284.504
0.570611 424.268
0 424.912
0.244768 436.246
0.643792 339.723
0.23326 424.234
0.291251 412.253
0.228033 347.496
0.237522 339.565
0.248491 360.457
0.0662498 355.657
0.229225 297.624
0.0305782 411.33
0.0822993 356.237
0.427047 317.617
0.349256 393.092
0.131673 413.59
0.0712258 442.763
0.245215 344.792
0 332.518
0.314743 336.833
0.346322 452.225
0.235773 362.782
0.487831 381.502
0.286839 300.729
0.0624359 443.678
0 451.969
0.0499821 391.844
0.325823 343.134
0.13893 481.758
0.303828 398.732
0 331.867
0.58063 399.608
0 399.909
0.223702 372.855
0.256893 213.43
0.64101 366.816
0.211587 432.76
0.302087 399.432
0.0193046 301.118
0.801682 610.803
0.5 325.032
0.331606 304.363
