283593 250.063
0.94491 0.027935
0.94491 0.027935
4.62415e-07 0.99932
0.5 0.292893
0.5 0.292893
0.152055 0.610058
0.777682 0.118137
0.255162 0.494864
0.255162 0.494864
0.777682 0.118137
0.152055 0.610058
0.882928 0.0603575
0.783933 0.1146
0.199855 0.552948
0.199855 0.552948
0.187051 0.567506
0.187051 0.567506
0.161834 0.597714
0.161834 0.597714
0.882928 0.0603575
0.876031 0.0640349
0.228503 0.52198
0.847113 0.0796128
0.228503 0.52198
0.822584 0.0930358
0.806429 0.101986
0.844315 0.0811336
0.822584 0.0930358
0.876031 0.0640349
0.239653 0.510457
0.239653 0.510457
0.806429 0.101986
0.847113 0.0796128
0.248441 0.501562
0.248441 0.501562
0.844315 0.0811336
0.81241 0.0986619
0.81241 0.0986619
0.154529 0.606899
0.22912 0.521336
0.22912 0.521336
0.154529 0.606899
0.882091 0.0608028
0.882091 0.0608028
0.94491 0.027935
0.882928 0.0603575
0.882928 0.0603575
0.882928 0.0603575
0.882928 0.0603575
0.882928 0.0603575
0.882928 0.0603575
0.882928 0.0603575
0.882928 0.0603575
0.882091 0.0608028
0.882091 0.0608028
0.882091 0.0608028
0.882091 0.0608028
0.844315 0.0811336
0.844315 0.0811336
0.5 0.292893
0.5 0.292893
0.255162 0.494864
0.255162 0.494864
0.255162 0.494864
0.255162 0.494864
0.255162 0.494864
0.239653 0.510457
0.239653 0.510457
0.239653 0.510457
0.22912 0.521336
0.22912 0.521336
0.228503 0.52198
0.228503 0.52198
0.228503 0.52198
0.161834 0.597714
0.161834 0.597714
0.161834 0.597714
0.161834 0.597714
0.154529 0.606899
0.152055 0.610058
0.152055 0.610058
0.255162 0.541611
0.152055 1.98806
0.882928 0.587859
0.228503 2.22843
0.5 1.5886
0.882091 0.884947
0.882091 0.884947
0.882091 0.884947
0.94491 1.30615
0.228503 18.8657
0.255162 4.57493
0.882091 1.76874
0.94491 3.45134
0.228503 31.3883
0.255162 7.48905
0.882091 3.96763
0.5 7.56175
0.94491 18.8403
0.94491 19.5838
