120282 190.013
3.37151e-36 1.0608
1 0.0238731
0.35802 0.839176
0.715207 0.896331
0.244726 0.950514
0.208167 1.46249
0.577886 0.833175
0.589667 1.13681
0.293278 0.848886
0.330616 0.691823
0.475526 0.765002
0.595839 1.4626
0.166912 1.33809
0.35802 0.839176
0.53385 1.07975
0.482743 0.726454
0.395491 0.807618
0.713718 1.1949
0.413608 1.03723
0.280186 1.15184
0.208167 1.46249
0.391076 0.598297
0.425292 0.756087
0.628026 0.74288
0.435422 0.771711
0.60553 1.01249
0.540926 0.836499
0.990292 1.19375
0.686949 1.51101
0.93082 0.121232
0.913737 0.873513
0.107859 1.06321
0.497967 1.13068
0.594412 0.819144
0.552084 1.07881
0.425292 0.756087
0.594412 0.819144
0.534552 0.741081
0.512434 0.497676
0.291259 0.78537
0.622782 0.609722
0.667758 0.865566
0.261855 0.817981
0.221234 1.21727
0.898864 1.83996
0.454978 0.75845
0.369696 0.798424
0.743721 0.821118
0.985527 0.893113
0.665973 1.09564
0.534552 0.741081
0.0736011 1.24142
0.391076 0.598297
0.497967 1.13068
0.611865 0.847024
0.293278 0.848886
0.244726 0.950514
0.634518 0.970813
0.276123 1.00809
0.380121 0.905414
0.203902 0.870211
0.244542 0.931943
0.472522 1.3876
0.41238 0.739251
0.454978 0.75845
0.60553 1.01249
0.280186 1.15184
0.852563 1.23868
0.448965 0.894185
0.365818 1.15229
0.475526 0.765002
0.93082 0.121232
0.589667 1.13681
0.320578 1.45242
0.29253 1.35287
0.634518 0.970813
0.592484 0.983499
0.291259 0.78537
0.339622 0.851483
0.492071 0.637121
0.347604 0.651909
0.203902 0.870211
0.487801 0.930946
0.512434 0.497676
0.577886 0.833175
0.577484 0.755162
0.380121 0.905414
0.163816 1.5124
0.972346 0.747183
0.715207 0.896331
0.248106 0.670655
0.577484 0.755162
0.166912 1.33809
0.385263 0.74816
0.831652 0.468548
0.996124 3.51921
0.330616 0.691823
0.487801 0.930946
0.261855 0.817981
0.0736011 1.24142
