99498 160.022
0.999719 0.000153581
0.999719 0.000153581
0 1.00003
0 1.00003
0.211083 0.540589
0.444815 0.333078
0.444815 0.333078
0.211083 0.540589
0.10534 0.675463
0.145244 0.618919
0.933284 0.0339485
0.971632 0.0142993
0.601251 0.224614
0.573678 0.242601
0.035914 0.810516
0.726265 0.147803
0.904257 0.0490892
0.0251221 0.841527
0.0497914 0.776885
0.698395 0.164315
0.0606376 0.753786
0.00447858 0.933105
0.632342 0.204816
0.544688 0.261988
0.751598 0.133068
0.000994893 0.968484
0.645838 0.196375
0.481668 0.305999
0.0932087 0.694728
0.196678 0.556543
0.79398 0.108959
0.771523 0.121651
0.834189 0.0866745
0.459947 0.321829
0.179166 0.576746
0.814767 0.0973696
0.00931879 0.903491
0.500006 0.292912
0.857688 0.0738996
0.0159346 0.873792
0.0742978 0.727448
0.878044 0.0629741
0.513734 0.283264
0.530877 0.271405
0.167547 0.590703
0.0793318 0.718371
0.155838 0.605265
0.675695 0.178009
0.675695 0.178009
0.0133927 0.884298
0.869569 0.0675069
0.675695 0.178009
0.675695 0.178009
0.675695 0.384577
0.0133927 1.20032
0.0133927 1.20032
0.0159346 0.873794
0.0159346 0.873794
0.675695 0.428219
0.0133927 1.20032
0.675695 0.47646
0.0133927 4.60221
0.0183411 3.5532
0.0159346 4.57905
0.869569 0.55901
0.869569 0.55901
0.0133927 5.36189
0.675695 0.705692
0.0159346 4.9036
0.869569 0.782277
0.0133927 5.71013
0.675695 0.944279
0.0159346 5.37204
0.675695 2.21168
0.0133927 9.40963
0.869569 2.80209
0.869569 2.80209
0.0133927 23.7715
0.675695 3.04562
0.675695 3.31833
0.0133927 27.6752
0.675695 3.32155
0.675695 3.32155
0.675695 4.99465
0.869569 6.76365
0.675695 9.8074
0.675695 11.4162
0.675695 13.323
0.675695 16.1136
0.675695 16.615
0.869569 16.6509
0.675695 16.8161
0.675695 16.9364
0.675695 17.1563
0.675695 17.8184
0.869569 18.5056
0.675695 18.5713
0.869569 20.9195
0.675695 21.7249
0.675695 44.8904
