27 0.0655476
0.320108 404.829
0 434.209
0 404.758
0.0525719 499.197
0.309324 377.395
0.0139943 526.033
0 399.526
0.157775 372.332
0.448658 412.582
0.353482 421.368
0.0170529 562.434
0.521539 406.976
0.286598 398.273
0.178286 401.491
0.046141 473.265
0.19272 492.051
0.706113 400.23
0 509.291
0.371629 466.888
0.169051 549.554
0.390947 431.681
0.0555844 452.674
0.239481 296.727
0.362474 453.409
0.441779 562.916
0.513345 531.687
0.264928 450.419
0.193194 354.263
0.09447 405.227
0.257199 353.823
0.091058 400.308
0.0678214 435.572
0 478.448
0 439.754
0.196973 487.471
0.5 374.932
0.208478 461.84
0.0323346 413.137
0.51256 579.884
0 474.075
0.445098 442.926
0.154313 439.26
0 436.979
0 466.139
0.499864 359.341
0 453.319
0.470377 439.727
0.5872 409.653
0.0420393 470.451
0.213274 489.76
0 428.006
0 456.671
0.575767 333.308
0 443.581
0.486706 412.228
0.573618 422.284
0.234041 483.01
0.0745055 454.294
0.355226 380.155
0.399345 500.241
0.6212 315.984
0.549168 477.693
0.33209 374.137
0.199753 322.281
0.360413 380.804
0.15293 384.747
0.600735 384.552
0.1011 495.914
0.322022 410.668
0.318161 436.799
0.5 430.793
0.503307 420.409
0.467472 357.831
0.488289 469.851
0.0991388 395.498
0.141486 520.556
0.5 427.953
0.5 460.391
0.302718 392.555
0.5 469.684
0.133236 431.332
0.240067 277.616
0.134409 428.599
0.500704 494.288
0 547.889
0.504979 505.188
0.350861 406.068
0.674074 491.843
0.295938 397.845
0.468898 428.639
0.408555 255.77
0.211387 485.671
0.298283 403.604
0.689006 436.171
0.187625 407.271
0.373376 476.038
0 503.105
0 447.699
0.131289 406.252
0.92545 456.63
