109777 160.013
0.391355 290.51
0 369.547
0 403.798
0 315.015
0.389087 329.83
0.469663 400.447
0.0727529 378.189
0.5 374.955
0.424341 422.147
0.501994 354.869
0.183775 296.833
0.521328 359.146
0.5 350.113
0 311.379
0 371.815
0.183748 324.111
0 370.84
0.0662065 331.581
0.254049 463.723
0.124127 344.699
0.200077 335.791
0.187704 234.297
0.228604 366.376
0.211068 361.843
0.322367 301.601
0.544568 370.646
0.132119 308.36
0.19447 362.388
0.366102 390.502
0.0613443 299.293
0.244635 294.851
0.18707 339.626
0.0334452 247.79
0.40987 281.047
0.10008 364.421
0.358534 368.825
0 276.312
0.209175 387.643
0.40099 331.083
0.262851 354.082
0.0858269 285.833
0.146504 331.291
0.360593 473.086
0.0863686 327.229
0.33092 343.405
0.453077 482.75
0.0726574 297.236
0.347639 337.51
0.417702 318.324
0.397742 338.12
0.5 375.914
0.492575 385.453
0.498962 343.891
0 364.334
0 426.933
0.582977 323.594
0.0540454 275.454
0.426171 445.826
0.369373 221.122
0.134282 375.318
0.532342 385.582
0.339214 284.079
0.0853705 274.2
0.133109 277.17
0.120647 438.462
0.14877 277.298
0.282691 294.694
0.0297209 302.622
0.323957 232.414
0.375684 352.94
0 338.005
0 349.169
0.656073 320.839
0.0339597 333.413
0.5 362.819
0.102625 464.547
0.386202 335.479
0.268365 272.875
0.247977 311.912
0.179806 238.695
0 410.241
0.290645 316.582
0.139563 385.163
0.415967 283.7
0 335.591
0.54479 255.171
0.111168 335.436
0.449718 300.716
0 361.989
0.363565 283.006
0 379.838
0 372.226
0.0488387 302.172
0.0530537 314.713
0.204286 349.173
0.344974 278.128
0.465746 291.922
0.164287 393.772
0 270.414
0.5 337.018
