130929 190.014
5.42918e-13 1.06094
0.99777 0.022473
0.0348399 1.36149
0.288284 1.14611
0.24334 14.3088
0.557998 0.843057
0.581113 0.679962
0.599172 0.795605
0.754044 0.774507
0.754044 0.774507
0.203199 2.12372
0.452947 0.626465
0.14339 1.05261
0.60433 0.431377
0.612975 0.773524
0.58146 0.809713
0.417677 0.641928
0.336483 0.83685
0.923393 0.519676
0.818236 0.433043
0.253332 1.32385
0.249903 1.00283
0.332336 0.71819
0.557998 0.843057
0.651861 0.464395
0.313146 0.893007
0.300433 0.658244
0.126354 0.921118
0.384985 0.617425
0.614434 0.554622
0.591171 0.892267
0.457538 0.453675
0.258465 0.826242
0.363883 0.917723
0.404258 1.07179
0.651861 0.464395
0.258465 0.826242
0.616112 0.78804
0.539106 0.594196
0.365812 1.20874
0.649402 0.696323
0.191527 1.07625
0.368391 4.11411
0.774177 0.711244
0.249903 1.00283
0.448709 0.451147
0.614434 0.554622
0.293182 0.839275
0.465191 0.479708
0.332336 0.71819
0.191527 1.07625
0.0554358 1.27498
0.417677 0.641928
0.347391 0.800844
0.345704 0.477435
0.231193 0.964484
0.612975 0.773524
0.50335 1.62284
0.960384 0.397786
0.319936 0.712584
0.319936 0.712584
0.457538 0.453675
0.258465 0.826242
0.404258 1.07179
0.126354 0.921118
0.448142 0.54884
0.616112 0.78804
0.17339 0.913143
0.140108 1.1419
0.566003 1.37608
0.203199 2.12372
0.362827 1.01232
0.246071 2.2934
0.422036 1.03782
0.410897 0.649052
0.24334 14.3088
0.496262 0.928556
0.548588 0.980565
0.998549 0.219763
0.272909 1.45832
0.774744 0.766793
0.30334 0.903773
0.422036 1.03782
0.678189 1.10502
0.40412 0.718245
0.56588 0.648071
0.272909 1.45832
0.365812 1.20874
0.50335 1.62284
0.258465 0.826242
0.818236 0.433043
0.403093 0.607393
0.451803 1.10943
0.998549 0.219763
0.0503457 0.976289
0.292975 1.08877
0.392073 1.23512
0.288284 1.14611
0.452947 0.626465
0.774744 0.766793
