21956 20.0014
0.000149429 170.604
4.97358e-06 192.959
6.31494e-05 184.526
9.50058e-08 236.427
1.69207e-06 221.151
7.62543e-09 272.346
1.28641e-06 230.884
1.63605e-06 226.946
1.19521e-06 234.362
1.36389e-09 343.782
3.30139e-09 318.208
7.80494e-10 388.771
3.17186e-09 329.559
1.35729e-09 385.077
4.36322e-10 458.651
0.000125197 191.147
9.05567e-06 196.758
6.66063e-05 194.438
6.47303e-06 224.498
4.72827e-07 240.206
1.30414e-07 258.048
4.23449e-06 232.716
5.48907e-06 229.707
1.20579e-06 236.268
8.8542e-07 237.009
3.40738e-06 234.289
3.87902e-08 273.352
2.59511e-08 279.943
6.1033e-06 229.537
1.51553e-09 382.452
1.02052e-08 289.757
3.36091e-06 235.069
3.46028e-09 353.188
7.8212e-09 346.803
3.01041e-09 358.928
1.12007e-08 289.268
1.29109e-07 267.97
6.61398e-09 352.092
1.17071e-09 423.771
0.000361394 192.773
2.1307e-05 202.26
6.33449e-07 243.761
5.94051e-06 232.679
2.60775e-06 238.708
7.9499e-06 229.731
1.21885e-05 217.886
4.74661e-07 261.141
2.39242e-06 240.51
4.93574e-06 238.039
9.57533e-06 229.48
7.19647e-06 231.826
1.50443e-07 272.108
3.23571e-08 282.773
5.75227e-07 254.624
2.34942e-07 271.398
1.34103e-07 278.911
1.23906e-05 217.883
2.88259e-08 287.285
9.05888e-05 202.527
2.19247e-05 212.689
1.36137e-05 252.761
1.25135e-05 268.814
2.91876e-06 279.289
0.00013063 387.951
0.00023032 316.208
5.21593e-05 432.014
1.12323e-05 350.75
0.000154876 361.262
0.000215018 286.193
7.21411e-06 317.308
4.03215e-05 406.612
5.98581e-05 302.961
2.87553e-05 384.598
0.000141055 357.834
8.60675e-05 397.238
0.000146613 373.583
0.000148514 307.701
5.48263e-05 332.048
0.000132518 375.143
0.00013792 443.518
2.90196e-05 366.42
0.000109613 384.735
0.000183923 464.604
0.000191244 380.148
0.000165828 384.533
0.000183589 279.076
0.000165417 317.52
9.29986e-05 383.131
8.74104e-05 382.391
0.000100508 360.045
5.44803e-05 403.79
0.000239127 317.723
0.000209928 408.478
0.000102467 399.153
0.000263051 440.145
0.000207508 351.266
7.50936e-05 369.644
9.59242e-05 327.25
0.000108139 378.808
0.000191623 436.26
