118911 220.045
1 1.30754e-05
1 1.30754e-05
1.30104e-18 1.00003
1.30104e-18 1.00003
0.540173 0.265053
0.949856 0.0254085
0.540173 0.265053
0.949856 0.0254085
0.0374583 0.806484
0.185289 0.569569
0.0845129 0.709313
0.0374583 0.806484
0.185289 0.569569
0.0845129 0.709313
0.0774884 0.721657
0.255689 0.494362
0.275217 0.475408
0.483082 0.304977
0.0774884 0.721657
0.499988 0.29292
0.469021 0.315167
0.967571 0.0163622
0.453996 0.326226
0.197895 0.555168
0.243192 0.506876
0.499988 0.29292
0.226681 0.52391
0.21227 0.539293
0.981148 0.00948468
0.359194 0.400691
0.348388 0.409774
0.384999 0.379536
0.397131 0.369835
0.338058 0.418592
0.414261 0.356386
0.285503 0.465696
0.442459 0.334842
0.327987 0.427317
0.302759 0.449785
0.427258 0.346369
0.233248 0.517063
0.293687 0.45809
0.3117 0.441719
0.319432 0.434836
0.406457 0.362479
0.211737 0.550199
0.369781 0.391922
0.993784 0.00312669
0.375589 0.387165
0.433678 0.341476
1 1.41005e-05
1 1.41005e-05
1.30104e-18 1.00003
0.293687 0.458092
1.30104e-18 1.59187
1.30104e-18 1.59187
1 1.79637
1.30104e-18 10.8453
0.293687 1.87117
0.999999 9.8881
1.30104e-18 15.7633
1.30104e-18 15.7633
0.319432 11.49
1 11.1188
1.30104e-18 19.6316
0.319432 12.8023
1 11.793
1.30104e-18 28.3354
0.319432 17.5474
1 11.793
1.30104e-18 28.344
0.319432 19.0863
1 11.816
1 14.1902
1.30104e-18 29.4769
1.30104e-18 29.4769
0.319432 22.6472
0.293687 29.0453
1 16.1252
1.30104e-18 30.4801
0.414261 26.4043
1 20.1275
1.30104e-18 33.2146
1 20.5481
1.30104e-18 33.5237
1 22.139
1.30104e-18 36.146
1 24.5402
1.30104e-18 38.4038
1 25.3246
1.30104e-18 40.7905
1 26.4493
1.30104e-18 50.2642
1 28.9405
1.30104e-18 59.3197
1 36.8619
0.293687 66.6523
1 38.0036
1 39.9595
1 63.0896
