222482 500.059
0.777243 284.546
0.230289 345.575
0.365596 259.812
0.249853 297.801
0.0626146 263.055
0.347881 292.282
0.122172 299.32
0.520804 432.322
0.254594 227.986
0.351724 253.941
0.204571 211.03
0.5 318.436
0.10266 252.664
0.206048 301.437
0.091484 342.906
0.0268659 522.48
0.493011 345.774
0.162468 307.608
0.126123 307.977
0.108476 296.677
0.370647 363.02
0.380272 331.101
0.0418539 330.465
0.0968265 308.734
0.485611 296.981
0.0544011 299.199
0.330801 464.743
0.342633 479.856
0.245251 313.199
0.248122 327.34
0.146391 358.193
0.235591 438.461
0.5 339.574
0.0973739 384.051
0.457953 329.317
0.284246 298.564
0.300752 272.697
0.575003 351.638
0 293.418
0.356968 531.455
0 346.172
0.242764 362.097
0 293.414
0.142704 263.78
0.5 297.333
0.181418 328.58
0.506671 356.142
0.160737 264.783
0 317.138
0.544059 285.495
0.156525 285.688
0 310.305
0.390587 393.974
0.473425 300.333
0.327009 318.066
0.354997 360.519
0 249.388
0.189693 264.328
0.143874 369.773
0 359.309
0.331087 346.874
0.587741 285.559
0.216546 407.234
0.363572 312.599
0.0901181 232.741
0 290.065
0.439107 311.093
0 390.877
0.194651 312.761
0.0768656 282.92
0.125471 370.463
0.0878689 295.636
0.0320981 262.913
0.565168 284.325
0.113515 301.624
0.340397 349.067
0.0434536 377.016
0 334.564
0.227427 291.607
0.216171 330.599
0.140706 476.759
0 306.247
0.0344125 314.617
0.142183 364.613
0.11153 303.668
0.349244 383.536
0.181946 293.947
0.0710894 369.578
0.353641 562.106
0.11367 320.867
0.43371 354.942
0.284671 242.774
0 217.432
0.202423 325.394
0.5 292.731
0 265.064
0.234404 304.855
0.346021 302.202
0 316.014
0.225728 325.089
