154773 220.018
0.00698901 137.296
0.00180122 167.506
0.000379688 187.733
0.00629917 162.008
0.00588928 164.257
2.74569e-05 206.667
0.000603537 186.447
0.00024512 195.82
0.00136638 182.176
0.00155484 180.275
5.84951e-06 213.724
0.000205453 202.609
1.85423e-07 236.693
3.13681e-06 226.263
2.4168e-08 283.39
5.90978e-08 274.535
6.84394e-10 317.805
0.00735376 158.147
0.00468085 176.069
0.0019046 183.702
0.00570823 170.433
0.00124491 187.28
0.00645867 168.313
0.000159717 207.263
0.00367436 182.709
0.000532406 200.066
2.72238e-05 219.596
0.000846266 197.446
0.000303149 206.207
0.000103944 215.946
0.000639671 199.687
0.000992917 192.714
3.46586e-06 227.902
0.00100786 192.534
1.10308e-06 248.952
3.51408e-07 267.809
2.08263e-06 241.271
6.97739e-06 227.718
1.55609e-07 276.085
7.60303e-08 295.951
1.87754e-09 351.682
2.56994e-08 318.05
1.31981e-07 289.359
1.78329e-08 340.403
4.51907e-08 314.905
6.83062e-08 310.537
2.07767e-06 244.691
1.42901e-09 400.847
0.00259503 183.888
0.00103211 194.144
0.000195276 208.447
0.006392 175.116
0.000550023 200.561
0.00479798 180.8
0.00730801 171.577
4.06582e-05 225.553
0.00817266 171.346
4.08838e-06 243.024
0.00582896 180.098
1.74489e-06 291.892
0.00623451 179.578
2.32877e-08 355.491
1.9155e-08 356.854
0.00155462 421.394
0.0091626 411.821
0.0119447 384.886
0.00545963 432.926
0.0017881 383.428
0.00995957 341.788
0.00965397 351.472
0.0125606 394.033
0.0118738 410.198
0.00678747 358.829
0.00740457 483.261
0.00527508 401.14
0.00568782 463.421
0.00366579 303.936
0.0071113 437.006
0.00813106 381.095
0.00643513 413.32
0.00599496 415.56
0.00997451 412.384
0.00700134 368.409
0.00537531 475.783
0.00533755 385.77
0.00439232 387.404
0.0104637 361.004
0.00489925 440.234
0.00275791 442.175
0.00197051 350.888
0.00546278 451.759
0.00554311 370.257
0.0117292 389.907
0.00622924 414.199
0.00910782 401.717
0.00747589 407.796
0.00733145 486.46
0.0105631 346.572
0.00599804 391.976
0.00419582 339.757
