26 0.0622886
0.5 503.747
0.467956 410.313
0.459237 448.395
0.190172 341.021
0 388.921
0.260544 302.164
0.0967829 394.422
0.476909 358.41
0.5 513.477
0.352329 473.666
0.326704 350.853
0.740423 459.022
0.0512375 578.06
0.0110733 414.013
0.00518095 452.388
0.00255409 394.557
0.3512 467.251
0.117879 431.339
0.121713 394.371
0.561377 496.246
0.389977 511.389
0.565625 354.412
0.287403 433.954
0.543669 402.56
0 395.041
0.544856 519.359
0 326.046
0 543.009
0 666.736
0.116759 421.906
0.524768 555.156
0.0805479 331.594
0.518242 423.817
0.211704 537.801
0.413334 450.75
0.298535 619.287
0.182954 363.684
0 297.9
0.396555 470.872
0.696329 489.645
0.176025 588.77
0.260365 504.422
0.610013 413.73
0.506947 573.295
0.597033 321.408
0.298317 510.405
0 595.9
0.186403 434.927
0 501.39
0.719564 358.776
0 395.146
0.561623 414.049
0.539573 395.398
0.555729 463.334
0.5 331.239
0.736748 519.05
0 378.406
0.0900173 458.866
0 355.375
0.5 345.766
0.5 424.75
0.163069 529.355
0.5 336.356
0.547801 493.522
0.636947 393.676
0.7308 468.884
0 451.667
0.0251477 466.685
0.721874 335.149
0.316707 408.388
0.374999 395.67
0.479672 378.676
0.664054 380.606
0.0898023 546.285
0.476487 412.99
0.950921 357.789
0.438612 403.685
0.5 462.579
0.5 388.514
0.594635 347.905
0 517.914
0 514.094
0.0909835 390.18
0.678897 351.789
0.176384 355.38
0.29747 377.53
0 470.707
0.579994 436.165
0.0985858 498.004
0.5 515.354
0.979545 529.994
0.107474 392.367
0.251502 332.891
0.63405 327.939
0.879552 367.238
0.429773 415.72
0.249218 564.653
0.752801 508.289
0 444.103
0.0761006 475.041
