1070016 500.012
2.4044e-09 89.768
2.4044e-09 89.768
1.36646e-08 27.2391
2.4044e-09 89.768
0.189935 1.7549
0.402019 1.4448
0.489892 1.33769
0.621092 1.19482
0.116837 1.89285
0.838128 1.01728
0.737161 1.09065
3.70517e-07 17.1719
3.70517e-07 17.1719
0.838128 1.01728
0.402019 1.4448
0.489892 1.33769
3.1183e-07 23.103
0.489884 1.35497
0.442937 1.40328
0.442937 1.40328
1.01896e-06 7.10958
0.663766 1.14839
0.621092 1.19482
0.705568 1.11701
0.663766 1.14839
1.36646e-08 27.2391
3.1183e-07 23.103
0.442936 1.42359
0.402019 1.4448
0.838128 1.01728
3.1183e-07 23.103
0.705568 1.11701
0.737161 1.09065
0.872023 0.989828
0.621092 1.19482
3.70517e-07 17.1719
0.489884 1.35497
0.621092 1.19482
3.78422e-07 7.15384
0.442937 1.40328
0.402019 1.4448
0.442936 1.42359
0.442937 1.40328
0.489892 1.33769
1.99807e-06 2.42511
1.99807e-06 2.42511
1.57212e-06 2.43586
0.489892 1.33769
0.442936 1.42359
3.1183e-07 23.103
0.442937 1.40328
2.4044e-09 89.768
3.78422e-07 7.15384
3.1183e-07 23.103
2.4044e-09 89.768
3.1183e-07 23.103
1.36646e-08 27.2391
0.442936 1.42359
0.705568 1.11701
0.838128 1.01728
3.1183e-07 23.103
0.663766 1.14839
1.57212e-06 2.43586
0.189935 1.7549
0.189935 1.7549
0.737161 1.09065
1.01896e-06 7.10958
0.489892 1.33769
0.621092 1.19482
1.57212e-06 2.43586
0.838128 1.01728
0.737161 1.09065
1.36646e-08 27.2391
0.442936 1.42359
0.402019 1.4448
0.442937 1.40328
3.78422e-07 7.15384
1.99807e-06 2.42511
1.57212e-06 2.43586
3.1183e-07 23.103
0.621092 1.19482
2.4044e-09 89.768
3.78422e-07 7.15384
0.872023 0.989828
0.116837 1.89285
3.1183e-07 23.103
1.36646e-08 27.2391
1.36646e-08 27.2391
0.737161 1.09065
0.838128 1.01728
3.1183e-07 23.103
0.663766 1.14839
1.57212e-06 2.43586
0.189935 1.7549
0.189935 1.7549
0.737161 1.09065
0.705568 1.11701
0.621092 1.19482
0.838128 1.01728
8.99035e-06 2.41078
