33292 70.0077
1 0
1.38238e-18 1
0.0612519 0.752509
0.255241 0.494786
0.049161 0.778277
0.0804097 0.716434
0.679581 0.175633
0.0222839 0.850722
0.534298 0.269043
0.600805 0.224887
0.628765 0.207053
0.659931 0.187639
0.00988554 0.900574
0.14157 0.623743
0.161919 0.597609
0.959389 0.0205162
0.338417 0.418263
0.499345 0.293357
0.521071 0.278148
0.551292 0.25751
0.705639 0.159977
0.584177 0.235685
0.036825 0.808102
0.804584 0.103014
0.481649 0.305991
0.393023 0.373085
0.101975 0.680664
0.92117 0.0402237
0.0969023 0.688709
0.326641 0.428474
0.402174 0.365828
0.05526 0.764926
0.507847 0.287366
0.855702 0.0749582
0.17285 0.584248
0.448505 0.330295
0.350852 0.407674
0.00207376 0.954461
0.318041 0.436048
0.203879 0.548471
0.298249 0.453878
0.357355 0.40221
0.276104 0.474544
0.739484 0.140068
0.276104 0.474544
0.659931 0.187639
0.980237 0.00993071
0.36861 0.39287
0.125248 0.646096
0.112581 0.664469
0.721177 0.150778
0.774578 0.119899
0.843519 0.0815673
0.75701 0.129937
0.00569858 0.924511
0.901621 0.050463
0.232465 0.517854
0.036825 0.808102
0.0290844 0.829458
0.901621 0.050463
0.88267 0.0604946
0.995961 0.00202151
0.779811 0.116931
0.179189 0.576693
0.00207376 0.954461
0.000353945 0.981187
0.0290844 0.829458
0.00569858 0.924511
0.74123 0.139053
0.760262 0.12807
0.379814 0.383709
0.112581 0.664469
0.132427 0.636098
0.223177 0.527584
0.47582 0.310203
0.433787 0.341375
0.0872121 0.704683
0.830287 0.0887989
0.453979 0.32622
0.949722 0.0254631
0.242825 0.507227
0.720059 0.151437
0.16279 0.596527
0.212771 0.538729
0.0170174 0.869549
0.195576 0.55776
0.88267 0.0604946
0.867178 0.0687761
0.980237 0.00993071
0.574881 0.241791
0.614925 0.215828
0.819452 0.0947643
0.937809 0.0315945
0.614925 0.215828
0.287658 0.463662
0.414321 0.356322
0.463134 0.31946
0.21544 0.535845
0.141248 0.62417
0.79288 0.109562
