355099 560.046
7.67551e-05 1.03481
0.998902 0.0165135
0.572651 0.900748
0.155388 1.37035
0.866899 0.669619
0.0249023 4.98477
0.538451 0.687564
0.700303 0.737143
0.395463 0.778851
0.0306911 3.24544
0.0306911 3.24544
0.292828 0.616131
0.493279 0.829365
0.946876 0.067945
0.292828 0.616131
0.337365 0.849916
0.309778 0.713857
0.756387 1.2189
0.426228 0.671427
0.175772 3.45045
0.407342 0.774538
0.309778 0.713857
0.407342 0.774538
0.5236 1.39186
0.362364 1.07412
0.296251 0.682939
0.635 2.0529
0.946876 0.067945
0.521426 0.496481
0.497314 0.929723
0.497197 1.84647
0.408106 1.07569
0.48834 0.541275
0.342816 0.541792
0.182442 1.78724
0.350358 1.38252
0.523036 0.960162
0.48834 0.541275
0.262408 0.679272
0.314408 0.729982
0.103841 1.01593
0.283211 0.887524
0.833166 1.09326
0.511367 0.793393
0.167344 2.08901
0.316202 1.20475
0.364565 1.21415
0.434399 0.679862
0.436555 2.07671
0.5236 1.39186
0.598159 0.638866
0.572651 0.900748
0.00107553 1.30163
0.192303 1.12742
0.35365 0.606458
0.262408 0.679272
0.155388 1.37035
0.673678 2.38361
0.320324 0.902742
0.297858 0.636015
0.100089 1.17795
0.497197 1.84647
0.362364 1.07412
0.522389 1.05764
0.172754 14.216
0.565017 1.10168
0.727245 0.848872
0.00107553 1.30163
0.835232 1.18657
0.283211 0.887524
0.484679 0.611175
0.835232 1.18657
0.0249023 4.98477
0.492472 0.696677
0.429998 0.613793
0.50266 0.545984
0.369261 0.748784
0.598159 0.638866
0.263797 0.918291
0.407026 0.696691
0.490662 0.732266
0.507297 1.17082
4.26135e-05 1.21496
0.508698 0.903506
0.484679 0.611175
0.501908 1.48954
0.490569 0.838654
0.371657 1.15939
0.385467 0.844691
0.429998 0.613793
0.424792 0.682284
0.554932 0.635521
0.229628 0.749512
0.172754 14.216
0.521173 0.74329
0.350519 0.713086
0.167344 2.08901
0.878327 0.787396
0.265368 0.879924
0.105253 2.02056
