41988 90.0092
0.380146 368.097
0.0480588 368.4
0.397 236.976
0.0104416 397.978
0.476755 326.299
0.372388 326.375
0.146183 320.223
0.5 347.426
0.25173 251.747
0 348.244
0.5 384.348
0 474.483
0.421745 475.858
0.175629 342.057
0.231767 421.311
0 241.548
0.157968 448.694
0.319213 280.12
0.172906 316.962
0.216568 499.653
0.371403 383.572
0.459381 382.236
0.5 453.88
0.353922 250.769
0.254891 289.915
0 314.63
0.0146137 299.492
0.270672 384.452
0.0673182 360.488
0 411.912
0.395659 318.491
0.223677 346.9
0.292309 283.049
0.207386 338.385
0.313109 395.074
0.330893 335.522
0 372.256
0.214752 430.195
0.312879 293.332
0 417.673
0 298.864
0.190257 298.668
0.482602 319.608
0 379.416
0.464239 441.974
0.206886 325.828
0.455165 338.089
0.360857 381.896
0 278.554
0.275302 380.005
0.273027 333.501
0 346.419
0.187986 328.842
0 442.024
0.18473 302.413
0 370.163
0.300208 282.12
0.256154 490.24
0.0483062 405.239
0 398.772
0.130211 379.638
0.5 314.963
0.204235 281.754
0.5 399.648
0.5 395.95
0.501335 554.958
0.0294995 333.258
0.555203 491.221
0.5 373.248
0.182483 259.782
0.24309 356.652
0 333.452
0.146809 496.899
0.5 428.429
0.321113 363.251
0.216587 369.227
0.341995 334.682
0.411791 335.841
0.384344 205.3
0.0357215 356.802
0.189536 322.259
0.32469 287.428
0 411.499
0.319329 332.317
0.426801 405.83
0.307738 306.99
0.553092 297.463
0.334861 321.283
0.382571 398.423
0.18007 414.689
0.0854611 380.645
0.164797 441.563
0.364865 344.048
0.262814 275.953
0.537314 493.51
0.518722 466.373
0.259297 316.589
0.134991 322.56
0.121706 369.072
0.0197636 379.598
