37670 60.0053
1.26129e-12 1.07518
1 0.0517691
0.40978 1.65936
0.369657 1.29494
0.286076 0.859644
0.141757 1.42826
0.392466 1.73836
0.601231 0.904168
0.0669037 2.14019
0.340071 1.06982
0.287159 0.895133
0.323554 1.26011
0.323554 1.26011
0.505752 1.10549
0.200809 1.60251
0.436954 0.677058
0.416948 1.24015
0.192504 2.83836
0.280751 1.15628
0.518127 1.02754
0.786077 0.86865
0.141757 1.42826
0.472693 1.83995
0.205753 1.8028
0.786077 0.86865
0.233852 1.71723
0.448349 1.07594
0.713838 1.09912
0.192504 2.83836
0.411058 0.93491
0.439618 0.964465
0.520548 0.981746
0.559145 0.853609
0.450343 0.766329
0.287159 0.895133
0.745553 1.01763
0.384584 0.819505
0.527399 1.32728
0.547286 0.763537
0.520548 0.981746
0.2689 1.96734
0.261205 1.26536
0.384584 0.819505
0.559145 0.853609
0.205753 1.8028
0.343824 1.1869
0.191531 1.10522
0.361948 1.2107
0.200809 1.60251
0.40978 1.65936
0.335357 1.02275
0.323748 0.801744
0.249898 1.88579
0.601221 0.999104
0.191531 1.10522
0.366005 1.32331
0.369657 1.29494
0.36307 0.7936
0.245896 1.22478
0.315261 1.34728
0.286076 0.859644
0.0395333 1.4682
0.727699 0.923246
0.630969 0.968433
0.507552 0.981628
0.193869 1.27039
0.36307 0.7936
0.269174 15.8426
0.305765 1.11765
0.109781 0.984644
0.576435 0.934457
0.630969 0.968433
0.361611 0.707969
0.245112 1.74068
0.727699 0.923246
0.269149 1.50475
0.276938 1.80928
0.546692 1.33212
0.361948 1.2107
0.438373 1.20855
0.438373 1.20855
0.547286 0.763537
0.921398 1.48644
0.245896 1.22478
0.245112 1.74068
0.511093 0.765127
0.516051 0.946423
0.546692 1.33212
0.315261 1.34728
0.411058 0.93491
0.250681 1.50709
0.335357 0.814807
0.116757 1.60686
0.233852 1.71723
0.323748 0.801744
0.270703 1.29294
0.184862 0.962555
0.745553 1.01763
0.193869 1.27039
0.527399 1.32728
