179318 280.025
7.93027e-24 1.05014
1 0.0210338
0.561047 0.861681
0.347301 0.797204
0.833531 0.586717
0.359246 1.10371
2.16261e-26 1.2305
0.510848 0.682438
0.325111 0.649703
0.422907 0.730408
0.0596224 1.75997
0.502057 0.553069
0.359378 0.62902
0.0581675 4.69924
0.248251 0.935654
0.227959 0.796523
0.326382 0.870479
0.426808 1.08482
0.333689 0.609166
0.442051 0.530468
0.482506 0.544772
0.352585 0.656392
0.184809 1.30645
0.252765 1.24255
0.743529 0.338772
0.754083 0.380288
0.415244 0.687947
0.452718 0.876176
0.259617 0.864817
0.325111 0.649703
0.405701 0.914282
0.140312 2.14381
0.179266 0.969344
0.179266 0.969344
0.306191 0.787302
0.328375 0.733153
0.216726 1.16334
8.66839e-27 7.59878
0.300936 0.889888
0.561047 0.861681
0.38234 0.703175
0.328375 0.733153
0.446676 0.788194
0.510848 0.682438
0.296344 1.36255
0.46618 0.676548
0.390336 0.676145
0.140312 2.14381
0.402292 1.23998
0.260894 0.770548
0.330535 1.15644
0.359246 1.10371
0.359378 0.62902
0.117861 20.1315
0.754083 0.380288
0.306191 0.787302
0.241944 0.920818
0.53784 0.760947
0.368554 0.733755
0.429738 1.07407
0.294679 0.955987
0.405701 0.914282
0.150372 1.13517
0.453615 0.930919
0.286847 0.714865
0.653095 0.274395
0.46618 0.676548
0.53784 0.760947
2.16261e-26 1.2305
0.510744 0.493465
0.537318 0.547341
0.260894 0.770548
0.296344 1.36255
0.300936 0.889888
0.340103 0.701142
0.493447 0.622029
0.392315 1.10672
0.184809 1.30645
0.243422 1.38141
0.29247 0.965094
0.341163 0.9815
0.422907 0.730408
0.406107 1.65515
0.419323 0.997194
0.40533 0.828192
0.453615 0.930919
0.304602 1.08856
0.5092 0.801725
0.494351 0.606613
0.0581675 4.69924
0.249368 1.00962
0.494351 0.606613
0.392315 1.10672
0.402292 1.23998
0.223373 1.44201
0.392092 0.68173
0.406107 1.65515
0.426808 1.08482
0.492808 0.605501
0.301971 0.947849
