1734470 570.011
6.80353e-10 52.9258
0.7833 0.486941
1.78183e-08 16.8971
0.7833 0.486941
0.7833 0.486941
0.341162 0.872999
2.68926e-07 12.2063
4.17783e-07 2.44365
0.341162 0.872999
2.68926e-07 12.2063
0.587884 0.6377
0.7833 0.486941
0.705952 0.539636
7.78597e-09 47.7227
0.0614776 1.31623
0.135272 1.14867
0.660287 0.58098
7.70024e-08 13.4065
1.78183e-08 16.8971
1.36373e-06 1.607
0.5394 0.673289
7.70024e-08 13.4065
1.36373e-06 1.607
0.705952 0.539636
1.78183e-08 16.8971
0.5394 0.673289
0.170122 1.09493
0.135272 1.14867
0.7833 0.486941
7.70024e-08 13.4065
0.0477307 1.34458
0.170122 1.09493
0.660287 0.58098
0.587884 0.6377
0.0477258 1.40182
0.215702 1.01685
0.0477307 1.34458
0.587884 0.6377
0.0477307 1.34458
0.587884 0.6377
0.0477258 1.40182
0.170122 1.08745
0.5394 0.673289
7.70024e-08 13.4065
1.78183e-08 16.8971
0.7833 0.486941
7.78597e-09 47.7227
7.70024e-08 13.4065
1.78183e-08 16.8971
0.0477307 1.34458
0.170122 1.09493
0.705952 0.539636
0.705952 0.539636
1.78183e-08 16.8971
0.5394 0.673289
0.5394 0.673289
7.70024e-08 13.4065
1.78183e-08 16.8971
0.7833 0.486941
0.7833 0.486941
0.53939 0.690611
1.78183e-08 16.8971
7.78597e-09 47.7227
7.78597e-09 47.7227
1.78183e-08 16.8971
7.70024e-08 13.4065
0.0477307 1.34458
7.78597e-09 47.7227
6.80353e-10 52.9258
0.170122 1.09493
0.170122 1.09493
0.660287 0.58098
0.215702 1.01685
0.0477307 1.34458
0.587884 0.6377
0.0477258 1.40182
0.170122 1.08745
0.5394 0.673289
7.70024e-08 13.4065
1.78183e-08 16.8971
0.341162 0.872999
7.78597e-09 47.7227
7.70024e-08 13.4065
1.78183e-08 16.8971
0.0477307 1.34458
1.78183e-08 16.8971
0.705952 0.539636
0.705952 0.539636
1.78183e-08 16.8971
0.5394 0.673289
0.135272 1.14867
1.78183e-08 16.8971
0.7833 0.486941
0.7833 0.486941
0.53939 0.690611
1.78183e-08 16.8971
0.5394 0.673289
1.78183e-08 16.8971
2.68926e-07 12.2063
0.341162 0.872999
