349442 500.035
0.00698901 137.296
0.00530894 149.686
0.000152795 184.392
0.00180122 167.506
0.000827072 175.339
0.00509805 161.657
6.35468e-05 198.106
5.84951e-06 213.724
0.00175039 170.214
2.74569e-05 206.667
1.85423e-07 236.693
0.00698412 140.61
3.13681e-06 226.263
2.4168e-08 283.39
5.90978e-08 274.535
6.84394e-10 317.805
0.00568129 159.044
0.00104191 177.884
0.00241231 173.63
0.00893966 157.697
0.00406728 171.381
0.00647292 158.128
0.000379688 187.733
0.00024512 195.82
2.76675e-05 210.01
6.57513e-05 198.958
0.000898681 184.204
0.000603537 186.447
0.000677546 186.193
3.46586e-06 227.902
0.0055054 171.163
7.84097e-06 224.726
1.10308e-06 248.952
1.42331e-05 223.377
0.00056407 187.333
6.45607e-05 200.744
3.51408e-07 267.809
2.08263e-06 241.271
1.55609e-07 276.085
2.72238e-05 219.596
7.60303e-08 295.951
6.97739e-06 227.718
1.31981e-07 289.359
4.51907e-08 314.905
1.78329e-08 340.403
6.83062e-08 310.537
2.30169e-08 328.065
2.56994e-08 318.05
2.07767e-06 244.691
2.79585e-08 317.427
1.36456e-09 348.225
0.00182586 179.488
0.00044105 191.802
0.00735376 158.147
0.00136638 182.176
0.00468085 176.069
0.00588928 164.257
0.000132025 203.852
0.00673369 158.604
0.00570823 170.433
0.000298157 196.852
0.00629917 162.008
2.99985e-05 218.23
0.00820815 424.331
0.00212171 422.279
0.00509453 457.974
0.000767583 504.199
0.00659859 385.638
0.00499456 366.251
0.0120551 415.688
0.00947061 404.218
0.0169392 398.679
0.00524407 548.906
0.00666354 439.644
0.0049126 437.728
0.00210329 572.598
0.00693908 399.426
0.00564638 480.613
0.00928642 322.616
0.00586754 412.683
0.0041134 434.38
0.00958389 367.403
0.00144901 451.414
0.014211 353.71
0.00588357 449.735
0.00454508 455.297
0.00568037 458.996
0.00932161 445.95
0.000265853 292.319
0.000899581 415.698
0.0019542 369.218
0.00695059 463.974
0.00398041 498.274
0.00246267 422.326
0.010188 430.239
0.000804396 450.847
0.00380297 432.431
0.00733378 409.979
0.0106865 436.67
0.00722311 456.496
