17781 40.0083
0.143419 378.605
0.367939 339.953
0.749618 267.09
0.092839 264.969
0.364745 297.161
0.82076 336.618
0.406067 356.276
0.618783 306.987
0.218924 551.363
0.686044 473.487
0.262517 309.059
0.160287 327.705
0.61758 386.877
0.588145 379.967
0.57822 374.023
0.112479 293.82
0.482283 381.132
0.106917 319.445
0.069416 360.166
0.5 363.793
0.367642 359
0.705159 366.498
0.363896 404.764
0.490247 249.261
0.1159 337.107
0.5 311.748
0.231415 285.536
0.63681 330.181
0.296601 292.952
0.511306 365.708
0.183707 344.423
0.328385 221.433
0.0881874 401.519
0.123454 414.309
0.509873 386.729
0.696305 362.371
0.5 392.666
0.5 356.249
0.5 253.924
0.609305 345.145
0.077628 370.909
0.162363 277.84
0.366343 313.782
0.435878 352.972
0 485.024
0.237498 298.509
0.177718 373.893
0.174871 288.048
0.101382 371.65
0 371.137
0.5 386.951
0.686304 477.316
0 376.082
0.109268 390.833
0.011154 400.477
0.0917809 354.211
0.5 312.643
0 357.253
0.779446 357.399
0.205477 681.833
0.172336 376.723
0.273821 360.292
0.0613269 375.9
0.164477 357.929
0.43265 352.546
0.201092 391.484
0.127731 334.159
0.376582 307.867
0.150361 410.609
0.328523 474.952
0 341.181
0.0966498 326.639
0.749667 374.363
0 367.673
0.218897 461.253
0.729688 402.915
0.5 235.807
0.391595 290.093
0.122045 388.08
0.118616 375.914
0.489955 377.982
0.0789637 367.062
0.485416 390.403
0.269418 498.286
0.113415 350.953
0.793385 395.435
0.324775 356.342
0.324449 346.719
0.151526 269.519
0.492642 443.733
0.817169 357.185
0.525665 322.976
0.0785038 390.921
0.275688 361.083
0.768742 304.077
0.41077 333.097
0.128644 374.389
0.726804 306.174
0.391413 391.628
0.545731 344.869
