343557 460.029
0.81284 0.965849
1 0.671795
0.854783 0.752984
0.47864 1.08984
0.607429 0.963619
0.196632 2.16909
0.411119 1.18032
0.239474 2.67262
0.105784 1.63858
0.206224 1.54956
0 2.11565
0.472416 4.01453
0.456207 1.73689
0.576928 0.998636
0 2.18371
0.425721 1.27665
0.139718 1.91751
0.570466 1.02127
0.493484 1.07608
0.951709 1.03195
0.871236 0.750461
0.589454 0.991363
0.5 1.07423
0.7252 0.902378
0.590428 1.13371
0.711398 0.891628
0.975252 0.682397
0.559284 1.90846
0.364149 1.32285
0 4.73554
0.45713 1.22109
1 0.933604
0.835935 14.8689
0.447791 1.14137
0.706228 0.911608
0.667199 0.977808
0.313085 2.70208
0.5 1.07041
0.184893 1.47904
0.0746087 1.97815
0.238146 2.2377
0.433238 1.22409
0.529814 1.06339
0.85485 0.75766
1 0.707518
0.5 6.79817
0.587247 1.02059
0.178205 1.63538
0.954091 3.34323
0.253178 1.38494
0.765799 0.842918
0.404335 86.2575
1 0.728403
1 0.706297
0 2.13732
0.912748 0.74197
0.221662 1.44256
0.618455 1.03221
0.22261 2.36344
0.106989 1.77459
0.182587 1.66898
0.984104 0.672165
0.305575 1.44904
0.826732 0.913941
0.482215 1.10642
0.5 1.14978
0.717771 1.65334
0.757458 0.851522
0.532815 1.08531
0.5 1.10037
0.433583 1.17128
0 2.21991
0.5 1.33695
0.5 1.1105
0.292425 3.46507
0.351194 1.8745
0.754492 0.908215
0 2.46177
0.5 1.09239
0.5 1.4467
0.560608 1.00577
0.735832 1.19706
0.149707 1.52796
0.104594 1.81752
0.710589 0.953151
0.5 1.23459
0 2.68777
0.226003 1.3965
1 0.803644
0.305719 1.29119
0.215398 1.53358
0 3.45171
0.735825 0.929994
0.098235 1.67503
0.541072 1.05501
0.84054 0.782544
0.5 1.07886
0.0668943 2.17722
0.5 1.14112
0.479908 1.50177
