183644 180.009
9.7161e-16 1.03983
0.999997 0.0289683
0.277609 1.62757
0.357344 0.835584
0.999999 0.27757
0.448213 1.1204
0.999999 0.27757
0.6711 1.16314
0.363727 1.49702
0.318241 0.825309
0.295654 1.08977
0.138894 1.09186
0.999999 0.588921
0.144487 8.93043
0.550419 1.14108
0.277609 1.62757
0.415517 1.12892
0.40377 0.793923
0.349604 0.681068
0.518552 0.879241
0.609955 0.944156
0.235868 0.736749
0.492288 0.705229
0.897481 1.0398
0.215985 0.872214
0.422278 0.69338
0.422278 0.69338
0.694623 0.701963
0.343307 0.920752
0.268473 1.60534
0.873861 0.217755
0.138894 1.09186
0.738748 1.24541
0.624026 0.631353
0.415517 1.12892
0.994278 1.18567
0.550419 1.14108
0.646867 1.18954
0.197026 1.31946
0.233317 0.91545
0.387845 0.926968
0.237844 1.07972
0.349604 0.681068
0.318241 0.825309
0.455226 0.971589
0.237357 0.971363
0.323067 1.12026
0.627831 0.561192
0.235868 0.736749
0.794171 2.77301
0.725631 0.577644
0.236553 0.690675
0.322248 0.676158
0.22086 3.96943
0.426266 0.754479
0.393014 1.15022
0.608946 1.56349
0.526112 0.692335
0.393971 0.973803
0.7571 0.681366
0.40998 1.01758
0.45821 1.99735
0.694623 0.701963
0.389142 2.1683
0.357344 0.835584
0.96869 1.01915
0.490422 0.932483
0.307307 0.783424
0.436208 0.86878
0.389142 2.1683
0.534303 0.593531
0.559116 0.982694
0.270671 0.731459
0.624026 0.631353
0.188701 0.837417
0.40998 1.01758
0.422471 0.524584
0.760481 0.24083
0.393014 1.15022
0.714169 1.11187
0.363727 1.49702
0.188701 0.837417
0.897481 1.0398
0.448213 1.1204
0.809488 1.04922
0.561019 1.07044
0.237357 0.971363
0.561019 1.07044
0.336224 0.713867
0.559116 0.982694
0.144487 8.93043
0.455226 0.971589
0.22815 0.807759
0.725631 0.577644
0.77306 0.770554
0.409663 0.876655
0.79065 0.688709
0.453606 1.45547
0.566062 0.738058
0.680294 1.04985
