228277 360.03
7.84053e-05 1.0527
0.999784 0.0199292
0.294842 0.873106
0.19849 3.17119
0.666622 0.430745
0.634667 0.564711
0.696161 0.92228
0.455291 0.555265
0.656707 1.13714
0.366037 0.554931
0.473916 0.704467
0.656707 1.13714
0.64235 1.03378
0.247178 23.4697
0.268265 2.25654
0.294842 0.873106
0.49744 0.695058
0.232294 0.811583
0.5447 0.473234
0.363939 0.750988
0.666622 0.430745
0.504522 0.439766
0.38453 0.653241
0.569082 0.770345
0.5447 0.473234
0.19849 3.17119
0.407875 0.821757
0.274096 0.981869
0.289785 0.661771
0.106789 0.995831
0.410608 0.750184
0.1356 1.0833
0.255606 0.771831
0.413164 0.860248
0.327709 0.788341
0.173941 1.15884
0.103886 1.58459
0.0244758 30.8284
0.360431 0.741238
0.151041 1.14309
0.706722 0.879936
0.473916 0.704467
0.410608 0.750184
0.407875 0.821757
0.42367 1.14507
0.744907 0.919742
0.392332 0.526537
0.365999 0.741498
0.464219 0.800923
0.54413 0.762235
0.455291 0.555265
0.38453 0.653241
0.157587 0.889075
0.263792 0.979707
0.38453 0.653241
0.157587 0.889075
0.508386 1.11328
0.462788 0.99242
0.268265 2.25654
0.362336 0.848008
0.393634 0.541212
0.256352 1.15644
0.3419 0.835323
0.464219 0.800923
0.347066 0.85487
0.496034 0.507898
0.293332 0.667269
0.392332 0.526537
0.331058 0.690832
0.347066 0.85487
0.922245 0.603406
0.342393 1.06365
0.712497 0.776718
0.509836 0.85383
0.151041 1.14309
0.41522 1.01554
0.559148 13.1275
0.347337 0.748023
0.0964178 1.22336
0.148322 0.912841
0.696161 0.92228
0.49744 0.695058
0.477404 0.764474
0.365999 0.741498
0.502951 2.23138
0.462788 0.99242
0.402701 0.653913
0.502951 2.23138
0.407875 0.821757
0.365999 0.741498
0.712497 0.776718
0.232294 0.811583
0.407875 0.821757
0.559148 13.1275
0.335713 0.671263
0.41522 1.01554
0.255606 0.771831
0.66479 0.711146
0.38453 0.653241
0.309472 0.864314
