126201 210.033
0.995409 0.00232062
0.995409 0.00232062
5.55112e-17 1.00004
5.55112e-17 1.00004
0.0203653 0.857334
0.271555 0.478924
0.0597131 0.755676
0.167207 0.591126
0.242779 0.507307
0.370711 0.391169
0.1948 0.558673
0.687951 0.170597
0.653058 0.191907
0.745943 0.136345
0.624707 0.209643
0.2156 0.535706
0.00129077 0.964116
0.882717 0.0604935
0.717743 0.152828
0.143068 0.621793
0.965394 0.017477
0.592228 0.230464
0.788362 0.112127
0.075284 0.725659
0.914268 0.0438496
0.00746473 0.913646
0.398341 0.368888
0.936154 0.0324726
0.854039 0.0758805
0.41538 0.355529
0.476736 0.309569
0.553119 0.256308
0.0885268 0.702503
0.102529 0.679836
0.0597131 0.755676
0.0113725 0.8934
0.780999 0.116283
0.494488 0.29683
0.573788 0.24254
0.476736 0.309569
0.127457 0.643025
0.529823 0.272139
0.41538 0.355529
0.116528 0.658675
0.515611 0.281968
0.833735 0.0869325
0.339107 0.417701
0.339107 0.417701
0.833735 0.0869325
0.302572 0.449966
0.302572 0.449966
0.317193 0.436833
0.317193 0.436833
0.854039 0.0758814
0.302572 0.449967
0.302572 0.449967
0.833735 0.0869334
0.833735 0.0869334
0.833735 0.0869334
0.833735 0.0869334
0.833735 0.0869334
0.302572 0.449967
0.302572 0.449967
0.302572 0.589598
0.965394 0.604066
0.302572 2.31846
0.833735 2.38868
0.302572 11.9899
0.833735 4.91078
0.302572 12.1118
0.914268 5.31244
0.302572 14.3941
0.833735 10.5868
0.965394 11.2018
0.302572 15.4696
0.833735 11.2873
0.833735 11.8647
0.833735 11.8647
0.302572 17.3923
0.317193 15.8878
0.833735 11.981
0.302572 18.3858
0.833735 13.4884
0.302572 25.4541
0.833735 13.6041
0.302572 30.1361
0.317193 25.663
0.833735 14.9415
0.302572 33.8233
0.833735 19.9492
0.302572 33.9235
0.833735 21.4665
0.302572 39.0765
0.833735 22.1967
0.302572 50.2555
0.914268 24.1198
0.833735 27.0716
0.914268 26.8143
0.833735 33.8933
0.914268 67.8264
