369860 130.002
4.61027e-11 21.3337
4.61027e-11 21.3337
0.731171 9.56931
0.553666 9.61815
0.272821 10.3957
0.170285 11.9035
0.170285 11.9035
4.61027e-11 21.3337
1.77305e-07 12.1884
2.15082e-08 15.0708
1.77305e-07 12.1884
0.235523 11.6388
1.19047e-07 12.4158
1.00054e-07 13.8581
1.19047e-07 12.4158
2.15082e-08 15.0708
1.00054e-07 13.8581
0.272811 10.4966
0.272821 10.3957
0.272811 10.4966
1.77305e-07 12.1884
0.272821 10.3957
0.272814 10.443
0.731171 9.56931
0.272814 10.443
0.272821 10.3957
2.15082e-08 15.0708
1.00054e-07 13.8581
1.77305e-07 12.1884
1.00054e-07 13.8581
4.61027e-11 21.3337
1.81819e-09 17.0712
0.731171 9.56931
1.00054e-07 13.8581
0.731171 9.56931
2.15082e-08 15.0708
2.15082e-08 15.0708
0.235523 11.6388
1.00054e-07 13.8581
0.272811 10.4966
1.00054e-07 13.8581
2.15082e-08 15.0708
1.00054e-07 13.8581
0.731171 9.56931
1.81819e-09 17.0712
0.553666 9.61815
0.731171 9.56931
0.731171 9.56931
0.235523 11.6388
0.731171 9.56931
0.235523 11.6388
0.272821 10.3957
1.00054e-07 13.8581
0.731171 9.56931
1.81819e-09 17.0712
0.731171 9.56931
1.00054e-07 13.8581
1.00054e-07 13.8581
0.731171 9.56931
4.61027e-11 21.3337
1.00054e-07 13.8581
0.731171 9.56931
0.731171 9.56931
1.00054e-07 13.8581
0.731171 9.56931
1.81819e-09 17.0712
1.00054e-07 13.8581
1.77305e-07 12.1884
2.15082e-08 15.0708
0.272821 10.3957
0.272814 10.443
2.15082e-08 15.0708
0.272814 10.443
0.272821 10.3957
1.77305e-07 12.1884
0.272811 10.4966
0.272821 10.3957
0.272811 10.4966
1.00054e-07 13.8581
2.15082e-08 15.0708
1.19047e-07 12.4158
0.731171 9.56931
1.00054e-07 13.8581
4.61027e-11 21.3337
0.731171 9.56931
1.00054e-07 13.8581
0.731171 9.56931
1.81819e-09 17.0712
0.272821 10.3957
0.235523 11.6388
0.235523 11.6388
0.731171 9.56931
0.731171 9.56931
0.235523 11.6388
1.81819e-09 17.0712
1.00054e-07 13.8581
2.15082e-08 15.0708
1.00054e-07 13.8581
1.00054e-07 13.8581
0.235523 11.6388
