215156 340.025
9.55602e-30 1.04006
0.999921 0.0163056
0.676603 0.794914
0.79188 1.1866
0.711947 0.982135
0.415887 1.66497
0.573037 1.11792
0.0835558 1.66489
0.994128 0.850581
0.595755 0.815694
0.916902 1.05987
0.617915 0.93788
0.289134 0.871957
0.568511 0.807071
0.526284 0.942717
0.472354 0.62154
0.99667 1.94976
0.773383 0.229839
0.820973 1.15195
0.526284 0.942717
0.257145 1.31119
0.85675 0.369143
0.138402 0.901751
0.21548 0.743325
0.365487 1.84469
0.581421 1.43366
0.711947 0.982135
0.500394 0.694989
0.411612 1.70237
0.525925 0.55633
0.733396 0.369972
0.723975 0.814809
0.573037 1.11792
0.00597986 4.3409
0.993467 0.927906
0.403989 1.07587
0.815243 1.09478
0.329406 9.06269
0.685887 1.0162
0.222151 1.2231
0.0973997 9.8033
0.4793 0.811053
0.235603 1.2937
0.429497 18.9125
0.617915 0.93788
0.675667 0.754194
0.52286 0.671847
0.767759 0.73863
0.0973997 9.8033
0.434347 1.20587
0.409071 0.879872
0.513422 1.35818
0.94834 0.514963
0.94834 0.514963
0.409071 0.879872
0.0835558 1.66489
0.773383 0.229839
0.676603 0.794914
0.871463 1.30123
0.683016 1.3476
0.688464 0.458468
0.44137 0.63288
0.582989 0.833147
0.788283 1.05659
0.999938 0.558876
0.689686 1.29045
0.206036 0.829677
0.21548 0.743325
0.886234 0.851627
0.122996 1.28756
0.969971 0.502052
0.411612 1.70237
0.0797158 1.48562
0.393924 1.20582
0.74566 0.529484
0.667994 0.489798
0.595755 0.815694
0.998197 0.997498
0.0797158 1.48562
0.845458 0.513246
0.520726 0.855204
0.513422 1.35818
0.985353 0.836842
0.916902 1.05987
0.627018 1.44741
0.871463 1.30123
0.346664 1.59839
0.685887 1.0162
0.421005 0.702814
0.717516 0.30264
0.675667 0.754194
0.346664 1.59839
0.472354 0.62154
0.44137 0.63288
0.257145 1.31119
0.723975 0.814809
0.138402 0.901751
0.582989 0.833147
0.378755 1.18589
0.289134 0.871957
