719825 290.007
0.993719 1.94845
1.74827e-11 25.263
3.67891e-07 3.93465
0.993719 1.94845
0.759886 2.19134
6.67614e-07 3.91134
0.399675 2.66815
0.759886 2.19134
0.685178 2.278
0.0680984 3.39463
0.509707 2.50542
0.509707 2.50542
0.624656 2.3551
0.685169 2.29506
0.310189 2.81556
0.624656 2.3551
0.56547 2.42595
0.197772 3.04515
0.685169 2.29506
0.161665 3.25911
0.104046 3.26968
0.161665 3.25911
0.0680984 3.39463
0.161665 3.25911
0.364321 2.72979
0.55631 2.45159
0.509707 2.50542
0.446013 2.60556
0.364321 2.72979
0.104035 3.35396
0.197772 3.04515
0.175208 3.088
0.161669 3.17912
0.175201 3.09515
0.55631 2.45159
0.56547 2.42595
0.252205 2.92954
0.446013 2.60556
0.685178 2.278
0.685178 2.278
0.56547 2.42595
0.104039 3.33346
0.104046 3.26968
0.175208 3.088
3.67891e-07 3.93465
0.175201 3.09515
0.364321 2.72979
0.104039 3.33346
0.624656 2.3551
0.446013 2.60556
0.104046 3.26968
0.310189 2.81556
0.759886 2.19134
0.175208 3.088
0.759886 2.19134
0.55631 2.45159
0.399675 2.66815
0.759886 2.19134
0.685178 2.278
0.685169 2.29506
0.161665 3.25911
0.56547 2.42595
0.509707 2.50542
0.624656 2.3551
0.685169 2.29506
0.759886 2.19134
0.685178 2.278
0.509707 2.50542
0.446013 2.60556
0.0680984 3.39463
0.104039 3.33346
6.67614e-07 3.91134
0.310189 2.81556
0.252205 2.92954
0.759886 2.19134
0.161669 3.17912
0.56547 2.42595
0.252205 2.92954
0.175208 3.088
0.56547 2.42595
0.104039 3.33346
0.104046 3.26968
0.175208 3.088
0.197772 3.04515
0.446013 2.60556
0.310189 2.81556
0.759886 2.19134
0.175208 3.088
0.310189 2.81556
0.399675 2.66815
0.759886 2.19134
0.685178 2.278
0.55631 2.45159
0.56547 2.42595
0.509707 2.50542
0.685169 2.29506
0.759886 2.19134
0.685178 2.278
0.0680984 3.39463
0.161665 3.25911
