187459 270.017
3.20675e-06 165.871
1.50777e-06 179.38
6.13456e-08 207.477
4.20005e-07 184.344
5.21201e-09 219.303
3.2367e-07 201.727
1.15976e-10 238.314
4.91044e-07 184.017
2.49322e-08 213.237
2.85977e-07 205.312
1.42006e-12 344.528
2.06623e-11 304.548
1.64103e-11 324.377
6.05522e-13 512.146
5.95597e-06 173.264
3.53805e-06 174.478
2.27187e-06 183.506
7.63302e-07 192.141
4.85376e-07 195.48
9.94939e-08 212.418
1.55771e-08 227.431
1.77393e-06 191.69
3.39456e-06 182.106
4.03655e-07 203.813
3.45852e-07 206.131
5.86071e-08 223.258
2.26048e-07 209.677
5.62118e-09 234.903
1.29688e-09 246.866
1.87974e-10 271.473
6.11945e-11 306.899
5.82264e-10 269.034
3.43997e-07 209.24
2.25783e-07 210.856
1.88305e-11 344.688
2.59481e-11 338.579
8.30371e-12 385.219
5.25367e-11 325.57
5.07939e-12 399.381
4.4692e-06 176.938
8.15976e-07 193.504
2.68483e-06 186.309
3.89796e-06 181.078
5.09178e-07 200.61
3.60253e-07 209.595
2.24233e-06 192.205
8.86136e-09 235.716
2.74794e-07 215.992
1.43788e-07 218.364
6.73899e-08 226.654
4.51896e-08 227.757
2.50542e-06 191.987
3.4461e-07 214.717
2.98989e-08 230.853
1.39697e-09 261.684
1.59595e-07 218.252
3.56466e-09 253.063
2.05788e-08 232.845
2.42711e-09 254.904
3.30189e-06 186.297
1.83247e-08 233.728
2.98691e-08 231.859
1.05451e-09 274.796
3.18528e-06 419.217
4.11011e-06 411.486
3.62771e-06 312.092
4.72308e-06 372.918
3.98692e-06 357.385
2.92304e-06 429.212
2.79012e-06 341.928
1.62128e-06 348.029
1.40996e-07 405.48
5.68381e-06 347.42
5.03625e-06 331.669
4.69841e-06 379.858
2.48487e-06 318.16
2.44744e-06 319.181
1.37011e-06 339.736
2.38638e-06 459.53
6.67197e-07 398.403
4.68874e-06 373.004
1.7132e-06 374.742
3.50453e-06 432.132
3.2067e-06 342.819
7.32929e-07 414.386
1.18913e-06 416.23
4.67044e-06 394.982
3.15735e-06 404.362
4.22251e-06 362.042
3.30013e-06 334.846
2.30747e-06 396.225
2.47881e-06 458.684
4.06408e-06 402.592
3.48281e-06 403.806
3.87185e-06 435.809
4.6895e-07 422.017
4.37887e-06 426.873
5.89563e-06 414.384
2.34736e-06 408.071
4.08427e-06 449.136
