130816 340.066
1 7.22538e-06
1 7.22538e-06
3.72966e-17 1.00001
3.72966e-17 1.00001
0.585325 0.234944
0.0502685 0.775807
0.754695 0.131277
0.00835293 0.90862
0.00835293 0.90862
0.0502685 0.775807
0.585325 0.234944
0.754695 0.131277
0.0954947 0.69099
0.309842 0.443376
0.788848 0.111837
0.348235 0.409897
0.862234 0.071443
0.425366 0.347809
0.383424 0.380799
0.885845 0.0588149
0.953969 0.0232946
0.521159 0.278096
0.113032 0.66381
0.279206 0.471612
0.144451 0.619946
0.127877 0.642415
0.398049 0.3691
0.553735 0.255876
0.920347 0.0406611
0.450493 0.328823
0.0954947 0.69099
0.3321 0.42373
0.505254 0.289198
0.991697 0.00416785
0.480602 0.306756
0.192634 0.56111
0.237164 0.513016
0.160573 0.599297
0.253635 0.49639
0.222122 0.528713
0.206874 0.545178
0.8255 0.0914383
0.8255 0.0914383
0.763039 0.126488
0.565704 0.247877
0.467099 0.316564
0.934745 0.0331859
0.268808 0.481543
0.176356 0.580064
0.172676 0.584468
0.9997 0.00015789
3.72966e-17 1.00001
0.999727 0.00415046
3.72966e-17 2.01047
0.9997 3.95813
3.72966e-17 21.0439
0.268808 9.04966
0.999568 7.37694
0.9997 7.0035
3.72966e-17 21.7423
0.268808 13.3253
0.172676 21.3141
0.999727 7.83743
3.72966e-17 30.1399
0.999568 16.3591
0.268808 21.5241
0.172676 23.59
0.9997 11.5033
0.9997 11.5622
3.72966e-17 32.0774
0.268808 26.3937
0.172676 31.7735
0.999727 14.7937
3.72966e-17 38.7605
0.268808 26.7419
0.999568 26.7178
0.172676 35.2862
0.9997 21.157
0.999727 16.3758
0.268808 27.1528
0.9997 24.3843
0.999727 25.9289
0.268808 31.6902
0.9997 27.3787
0.9997 27.4727
0.268808 36.8451
0.999727 31.0152
0.268808 39.1044
0.999727 31.0345
0.268808 42.5386
0.999727 39.6283
0.268808 43.0368
0.999727 40.5351
0.268808 61.8312
0.999568 44.9612
0.999727 44.8472
0.268808 67.158
0.999727 48.8114
0.268808 76.9926
0.9997 74.2524
