403242 360.017
0.000116564 171.783
1.63121e-05 182.77
7.82699e-06 192.269
2.56608e-07 222.434
0.00011319 175.689
4.84988e-06 201.821
3.55273e-06 205.986
5.54618e-09 252.792
3.33174e-06 215.444
1.74472e-07 248.097
2.77061e-06 221.916
1.65912e-09 286.996
5.13373e-10 295.121
5.27432e-09 273.571
3.01341e-10 330.344
4.05109e-10 327.607
5.027e-10 303.862
2.65148e-11 346.962
0.000126443 175.993
3.16273e-05 188.836
2.09729e-05 200.338
3.76349e-07 226.115
7.09984e-05 187.868
6.98696e-06 211.74
5.41686e-06 218.221
0.000124118 184.06
1.84894e-05 208.674
3.05629e-06 223.982
1.15511e-05 211.265
0.000121811 187.142
1.87869e-07 250.335
1.54787e-08 266.517
1.36642e-07 259.154
9.02114e-06 211.636
5.63133e-09 272.754
1.13227e-09 296.203
1.03386e-07 265.375
3.57779e-09 288.506
1.53336e-10 360.895
5.87509e-10 330.019
1.33256e-07 264.556
2.77528e-10 354.641
5.59914e-10 339.107
8.01234e-11 408.808
5.17035e-09 288.041
7.26183e-11 412.591
7.20373e-11 427.123
3.23274e-11 443.413
0.000143677 181.67
6.77789e-05 188.982
3.94012e-05 191.273
7.68024e-06 211.81
3.27864e-05 196.403
2.47232e-05 206.858
4.82816e-07 236.428
0.000134361 186.282
5.81743e-06 218.254
2.25356e-06 228.504
1.06308e-06 231.588
2.52376e-07 288.169
4.4688e-07 286.019
5.79443e-06 226.907
1.40529e-07 295.266
4.32188e-05 436.984
1.45904e-05 445.951
0.00013376 349.282
0.000115467 335.222
9.51695e-06 379.924
7.01847e-05 351.652
7.68309e-05 336.072
0.000116206 412.011
0.000133779 373.238
0.000105564 418.041
0.000110988 398.791
9.66818e-05 353.026
0.000134577 345.106
7.8355e-05 338.689
6.0321e-05 343.506
0.000140858 362.091
0.000101605 401.09
2.96465e-05 405.543
0.000153765 306.43
4.448e-05 381.987
0.000100713 458.02
7.82623e-05 450.494
0.000125213 371.715
0.000131693 456.236
8.9431e-05 320.595
0.000127553 347.776
0.00010971 391.624
0.00014147 359.101
9.50806e-05 393.227
0.000148003 382.673
0.000111085 365.619
0.000133007 508.291
6.98404e-05 380.967
1.91907e-05 410.275
0.000118789 344.235
3.24339e-05 387.432
0.00014377 420.846
