227180 420.051
1 4.68734e-05
1 4.68734e-05
0 1.00009
0 1.00009
0.64891 0.194533
0.294816 0.457132
0.64891 0.194533
0.294816 0.457132
0.97413 0.0130906
0.895293 0.0538716
0.0152329 0.876708
0.814738 0.0974229
0.270342 0.480158
0.0400569 0.799982
0.0071811 0.915391
0.768192 0.123607
0.0868258 0.705455
0.881812 0.0610241
0.792729 0.109723
0.0534278 0.768977
0.132375 0.636279
0.147901 0.615533
0.0718623 0.732048
0.176814 0.579616
0.743982 0.137529
0.0231826 0.847869
0.97413 0.0130906
0.163233 0.596089
0.0303819 0.825821
0.668254 0.182613
0.00342214 0.941635
0.247002 0.503111
0.725206 0.148489
0.238596 0.511641
0.000739378 0.972945
0.117878 0.65678
0.688862 0.170104
0.704472 0.160752
0.099973 0.68393
0.84648 0.080026
0.0622205 0.750681
0.895293 0.0538716
0.845699 0.0804554
0.288136 0.463319
0.21645 0.534864
0.108171 0.671223
0.21645 0.534864
0.194914 0.558617
0.194914 0.558617
0.998646 0.000730102
0 1.00009
4.81691e-13 1.00012
0 1.00013
4.81691e-13 1.75412
0 19.387
6.3359e-14 1.75414
4.81691e-13 1.75414
6.3359e-14 11.9561
4.81691e-13 2.16778
6.3359e-14 12.7101
6.3359e-14 12.7101
4.81691e-13 4.80643
6.3359e-14 23.7424
4.81691e-13 8.61444
6.3359e-14 26.8568
4.81691e-13 11.9561
4.81691e-13 11.9561
4.81691e-13 11.9561
4.81691e-13 11.9561
4.81691e-13 11.9561
4.81691e-13 11.9561
4.81691e-13 11.9743
4.81691e-13 12.2766
4.81691e-13 12.5204
0.000369781 12.6416
4.81691e-13 12.7101
4.81691e-13 12.7101
4.81691e-13 12.7101
4.81691e-13 12.7101
4.81691e-13 12.7101
4.81691e-13 12.7101
4.81691e-13 12.7101
4.81691e-13 12.7521
4.81691e-13 13.1238
4.81691e-13 13.2786
4.81691e-13 14.4237
4.81691e-13 15.9984
4.81691e-13 18.4445
4.81691e-13 19.541
4.81691e-13 19.8605
4.81691e-13 20.2974
0.762207 21.1859
4.81691e-13 25.629
0.998646 21.8492
4.81691e-13 25.9284
4.81691e-13 26.954
4.81691e-13 27.0463
4.81691e-13 28.291
4.81691e-13 29.9846
4.81691e-13 30.9709
