294830 290.016
1.73472e-17 1.05666
0.999839 0.0185799
0.13145 1.49098
0.382762 0.75105
0.553725 0.866653
0.0577224 0.857141
0.218816 0.641563
0.461949 1.10879
0.418685 0.816631
0.152276 0.885629
0.232743 0.78398
0.550044 0.664841
0.290763 0.765735
0.239693 0.911285
0.00914919 1.3476
0.00991486 1.82015
0.0586816 1.31769
0.357391 2.31572
0.518702 0.696682
0.818187 2.17264
0.195151 0.689122
0.527309 0.623102
0.147347 0.767229
0.501741 1.0909
0.480656 1.15668
0.000131831 6.38146
0.572489 0.967363
0.05581 1.28481
0.00991486 1.82015
0.0787806 1.27469
0.239693 0.911285
0.321857 0.949457
0.231253 0.847231
0.435072 0.828183
0.552985 0.734984
5.89066e-18 1.4644
0.440326 0.730466
0.413025 1.11325
0.720192 0.453335
0.00914919 1.3476
0.328392 0.873178
0.553725 0.866653
0.231253 0.847231
0.232743 0.78398
0.152276 0.885629
0.0262296 1.43835
0.818187 2.17264
0.472006 0.845775
0.527334 0.370092
0.466603 0.683794
0.354915 1.32008
0.218816 0.641563
0.791145 0.548469
0.733665 1.59744
0.328392 0.873178
0.999888 0.230621
0.496095 1.01097
0.30061 0.814463
0.749814 0.742039
0.35397 0.534819
0.177203 0.931951
0.233342 1.31268
0.785505 0.568268
0.496095 1.01097
0.413025 1.11325
0.923486 0.681175
0.831544 0.833377
0.177203 0.931951
0.641292 0.922493
0.493956 0.577206
0.472006 0.845775
0.999888 0.230621
5.89066e-18 1.4644
0.833322 0.640279
0.354915 1.32008
0.713754 0.776551
0.170048 0.79139
0.833322 0.640279
0.412492 1.13964
0.371546 0.762696
0.501741 1.0909
0.693093 0.388229
0.336274 1.00081
0.461949 1.10879
0.923486 0.681175
0.393694 0.803111
0.0720132 1.33786
0.290763 0.765735
0.231834 1.52117
0.693093 0.388229
0.720192 0.453335
0.336274 1.00081
0.527334 0.370092
0.231834 1.52117
0.299626 0.745978
0.0828243 0.941501
0.406197 0.717072
0.184357 1.17119
0.482821 0.570692
0.145763 0.932772
