111234 410.071
0 1
1 0
0.654898 0.190742
0.622984 0.210706
0.809581 0.100233
0.82915 0.0894231
0.240162 0.509936
0.299111 0.453089
0.0112133 0.894107
0.504138 0.289973
0.957746 0.0213552
0.140925 0.6246
0.78423 0.114433
0.895787 0.0535397
0.0319262 0.821321
0.346633 0.411244
0.220394 0.530538
0.0183879 0.864398
0.253427 0.496584
0.680378 0.17515
0.94064 0.0301338
0.198589 0.554367
0.327066 0.428103
0.265371 0.484858
0.392692 0.373349
0.765879 0.124855
0.173209 0.583816
0.908021 0.0470985
0.455723 0.324927
0.542702 0.263317
0.00555947 0.925438
0.489005 0.300711
0.182818 0.572428
0.0478731 0.781201
0.424533 0.348438
0.155096 0.606178
0.404748 0.363802
0.971411 0.0143984
0.732451 0.144166
0.560712 0.251193
0.189694 0.564461
0.147778 0.615581
0.847568 0.0793654
0.0646899 0.745658
0.0256352 0.83989
0.110759 0.667195
0.605281 0.222002
0.435455 0.34011
0.550758 0.25787
0.103411 0.678425
0.0455091 0.786671
0.980813 0.0096398
0.578377 0.239489
0.571334 0.244133
0.128605 0.641385
0.611614 0.217943
0.878826 0.062543
0.780848 0.116344
0.864435 0.0702503
0.843495 0.0815803
0.0390739 0.802329
0.285735 0.465458
7.36381e-05 0.991419
0.0731004 0.729629
0.0565529 0.762192
0.930724 0.0352598
0.311263 0.442091
0.0870025 0.705038
0.244581 0.505449
0.350647 0.407845
0.592936 0.229977
0.482673 0.305254
0.361853 0.398458
0.0372806 0.806918
0.313384 0.440193
0.000747618 0.972657
0.325034 0.429882
0.469666 0.314678
0.991263 0.00437832
0.0159608 0.873664
0.375505 0.387215
0.0256739 0.839769
0.717098 0.153184
0.448019 0.330658
0.0702782 0.7349
0.218877 0.532157
0.699973 0.163356
0.589248 0.232375
0.706938 0.159204
0.516597 0.281253
0.528719 0.272869
0.163278 0.595924
0.73881 0.140459
0.00555947 0.925438
0.00296078 0.945587
0.920959 0.0403338
0.165284 0.593449
0.0802038 0.716797
0.441706 0.33539
0.404748 0.363802
