145764 230.018
1.10618e-36 1.05653
0.999829 0.0206582
0.996531 0.134961
0.265774 2.40019
0.348795 0.788969
0.386835 0.872702
2.3375e-37 1.31705
0.308088 0.589047
0.44229 0.653957
0.349419 0.623658
0.167906 5.82745
0.348795 0.788969
0.879441 0.667709
0.370215 1.01914
0.397922 0.846093
0.999965 0.68931
2.3375e-37 1.31705
0.487822 0.78975
0.45689 0.699784
0.432221 1.53726
0.349419 0.623658
0.999956 0.455607
0.405611 0.685635
0.355653 0.693673
0.322294 0.668776
0.575728 0.74989
0.259502 1.06693
0.397922 0.846093
0.706382 0.988723
0.424802 0.644332
0.429094 0.630474
0.392198 4.58095
0.402596 0.879648
0.280427 1.00269
0.355624 0.874116
0.999965 0.68931
0.963678 0.458755
0.308088 0.589047
0.305608 0.800884
1.10618e-36 1.05653
0.259502 1.06693
0.57081 0.667608
0.346324 0.937722
0.277768 0.916706
0.561276 0.728891
0.322294 0.668776
0.469941 0.410001
0.996531 0.134961
0.00189453 1.91723
0.346324 0.937722
0.475302 0.691071
0.390125 0.689755
0.39159 0.781164
0.407256 0.640368
0.448135 0.972589
0.706382 0.988723
0.456027 0.801054
0.281648 0.864681
0.4754 1.23345
0.0958807 0.849038
0.0958807 0.849038
0.225552 1.51759
0.280427 1.00269
0.463783 3.72916
0.392198 4.58095
0.326344 0.917338
0.475302 0.691071
0.469941 0.410001
0.316874 0.884779
0.518587 1.16861
0.478994 0.578442
0.159666 6.88768
0.712876 1.11449
0.351524 0.723887
0.518587 1.16861
0.477454 1.3671
0.996518 0.619706
0.167906 5.82745
0.499557 1.15619
0.316874 0.884779
0.247665 1.25711
0.378929 0.726936
0.995121 0.731102
0.478994 0.578442
5.53818e-38 8.0523
0.448135 0.972589
0.367639 0.808445
0.386835 0.872702
0.244871 1.29529
0.487822 0.78975
0.429094 0.630474
0.996419 0.793782
0.318906 0.73503
0.298397 0.99894
0.27051 0.937094
0.996419 0.793782
0.367639 0.808445
0.465722 0.604967
0.405611 0.685635
1.10618e-36 1.05653
