0 0.000311556
0.97577 494.186
0.264472 556.321
0.803585 566.455
0.0897536 514.507
0.665439 542.505
0.0689761 544.93
0.835512 514.298
0.574045 466.68
0.127604 485.148
0.138637 520.651
0.418223 490.574
0.797844 551.753
0.997098 558.115
0.112876 454.383
0.600603 468.86
0.708737 487.802
0.115662 571.379
0.227391 494.263
0.569223 516.709
0.638095 541.711
0.00100843 544.664
0.524152 530.336
0.225598 505.207
0.0965432 519.36
0.01941 402.75
0.273189 548.093
0.00145004 490.086
0.872863 514.017
0.689808 475.763
0.177089 588.683
0.963072 501.287
0.187747 602.169
0.911561 405.456
0.264127 467.562
0.271719 507.968
0.339532 554.731
0.206836 413.167
0.344209 530.853
0.872947 502.589
0.0328668 639.812
0.10065 581.462
0.130144 562.877
0.014681 518.872
0.231044 401.936
0.0706865 409.35
0.709018 498.657
0.905567 508.39
0.681402 543.246
0.745889 556.614
0.0961756 473.54
0.73958 457.532
0.920519 526.389
0.374298 598.977
0.894337 447.566
0.953643 513.487
0.402464 519.044
0.361674 527.805
0.56315 530.634
0.689754 585.958
0.672116 445.703
0.816285 507.258
0.399241 437.95
0.781829 533.729
0.442427 466.802
0.840035 458.154
0.358308 475.574
0.0149084 503.661
0.459497 513.808
0.470177 440.856
0.70803 518.139
0.339768 614.502
0.659665 451.991
0.872996 504.287
0.872407 446.952
0.381024 476.914
0.933291 413.327
0.852201 505.377
0.0136612 513.289
0.243517 500.179
0.753768 497.972
0.817417 504.437
0.205957 456.521
0.361662 512.075
0.651977 439.214
0.699982 523.197
0.65528 606.538
0.305648 563.239
0.591636 575.971
0.666433 580.554
0.222835 607.935
0.698598 569.123
0.905787 498.19
0.848549 546.095
0.511401 445.683
0.369829 429.31
0.850266 559.906
0.30013 588.025
0.840186 437.951
0.778413 526.264
0.405471 527.773
