150025 560.104
0 1
1 0
0.896737 0.0530379
0.920398 0.0406264
0.50166 0.291721
0.976096 0.0120241
0.28262 0.46838
0.520283 0.278694
0.179719 0.576067
0.0489049 0.778855
0.00991646 0.900419
0.00402047 0.936593
0.019969 0.858688
0.263767 0.486418
0.0289611 0.82982
0.771231 0.124248
0.599599 0.225662
0.189722 0.564429
0.0721419 0.731407
0.167236 0.591055
0.199189 0.553695
0.637565 0.201523
0.228422 0.522065
0.24716 0.502848
0.0384611 0.803885
0.722979 0.149718
0.270966 0.479456
0.106095 0.674278
0.401847 0.366086
0.0950876 0.691637
1 0
0.434181 0.341076
0.131573 0.63727
0.147795 0.615558
0.614667 0.215993
0.87794 0.0630153
0.488295 0.301231
0.383192 0.380975
0.695565 0.165995
0.322289 0.432295
0.329266 0.426183
0.158043 0.602454
0.24716 0.502848
0.785414 0.113775
0.118177 0.656231
0.942458 0.0291972
0.58853 0.232843
0.481901 0.305809
0.0827055 0.712414
0.750184 0.133868
0.356593 0.402846
0.34003 0.416879
0.656245 0.189911
0.118177 0.656231
0.0898105 0.700316
0.62093 0.212009
0.42783 0.345912
0.448114 0.330587
0.873918 0.065164
0.859239 0.0730486
0.302327 0.450157
0.686119 0.171677
0.811029 0.0994286
0.296805 0.455202
0.470042 0.314404
0.632712 0.204568
0.062555 0.74989
0.46617 0.317234
0.450706 0.328654
0.207731 0.544225
0.958623 0.0209069
0.00339719 0.941715
0.93664 0.0321986
0.403405 0.364858
0.416091 0.354949
0.369647 0.392014
0.217988 0.533108
0.707263 0.159011
0.779532 0.119601
0.383031 0.381105
0.965428 0.017438
0.0595412 0.755989
0.00158195 0.960226
0.735515 0.142378
0.369074 0.392485
0.530813 0.271431
0.544978 0.261773
0.824504 0.0919779
0.666832 0.183402
0.147795 0.615558
0.0331751 0.81786
0.73805 0.140902
0.00029448 0.98284
0.356593 0.402846
0.798777 0.106257
0.578748 0.239245
0.0179124 0.866163
0.678231 0.176452
0.103614 0.678109
0.228422 0.522065
