326313 560.146
8.26704e-17 1
8.26704e-17 1
0 1
0 1
0 1
0 1
0 1
0 1
0 1
0 1
0 1
0 1
0 1
0 1
0 1
0 1
0 1
0 1
0 1
0 1
0 1
0 1
0 1
0 1
0 1
0 1
-2.83519e-17 -nan
-2.83519e-17 -nan
-2.83519e-17 -nan
-2.83519e-17 -nan
-2.83519e-17 -nan
-2.83519e-17 -nan
-2.83519e-17 -nan
-2.83519e-17 -nan
-2.83519e-17 -nan
-2.83519e-17 -nan
-2.83519e-17 -nan
-2.83519e-17 -nan
-2.83519e-17 -nan
-2.83519e-17 -nan
-2.83519e-17 -nan
-2.83519e-17 -nan
-2.83519e-17 -nan
-2.83519e-17 -nan
-2.83519e-17 -nan
-2.83519e-17 -nan
-2.83519e-17 -nan
-2.83519e-17 -nan
-2.83519e-17 -nan
-2.83519e-17 -nan
-2.83519e-17 -nan
-2.83519e-17 -nan
-2.83519e-17 -nan
-2.83519e-17 -nan
-2.83519e-17 -nan
-2.83519e-17 -nan
-2.83519e-17 -nan
-2.83519e-17 -nan
-2.83519e-17 -nan
-2.83519e-17 -nan
-2.83519e-17 -nan
-2.83519e-17 -nan
0 1
0 1
0 1
0 1
0 1
0 1
0 1
0 1
0 1
0 1
0 1
0 1
0 1
0 1
0 1
0 1
0 1
0 1
0 1
0 1
0 1
0 1
0 1
0 1
0 1
0 1
0 1
0 1
0 1
0 1.63811
0 2.1513
0 2.34746
0 5.88604
0 7.56052
0 10.4715
0 11.8187
0 12.3014
0 17.2302
