121037 110.006
0.000506535 172.47
0.000314744 177.915
9.72852e-05 184.147
0.000126276 181.14
3.22498e-05 211.335
9.36883e-06 215.065
2.38271e-06 226.185
5.24335e-06 220.633
8.61892e-05 209.037
1.15986e-06 234.607
9.45536e-05 203.969
5.50982e-07 244.502
1.09651e-07 253.791
1.13002e-08 268.384
2.93042e-09 289.932
1.94411e-09 370.144
9.85779e-08 266.574
9.81606e-09 279.965
7.38827e-10 420.945
9.45454e-05 207.657
2.7016e-09 352.63
1.09459e-07 266.201
2.5881e-10 431.538
0.000723124 179.054
0.000503069 179.185
3.55827e-05 215.267
0.000236172 198.233
7.58858e-05 211.698
0.000360274 195.824
7.04137e-06 221.62
0.000197794 199.56
0.000424156 190.302
0.000121725 204.812
0.000484278 187.148
0.000180675 202.283
0.000416537 191.757
1.60648e-05 220.353
4.48157e-06 234.127
0.000120003 206.113
1.23819e-07 254.466
6.95347e-07 250.707
1.58065e-08 268.912
3.16708e-06 241.181
2.29963e-06 244.845
0.000502504 183.852
6.65289e-09 334.959
3.02999e-06 244.497
1.16278e-08 325.308
1.37522e-08 313.814
6.20827e-09 350.216
5.26046e-09 370.281
1.47296e-08 310.817
3.26954e-09 378.548
2.25207e-09 379.436
0.000588497 183.048
7.7175e-05 214.117
0.000213962 202.224
1.9742e-05 224.743
0.000454063 191.656
0.000292215 199.097
0.000536356 183.738
1.03723e-05 237.146
6.36282e-07 260.347
0.000246399 418.092
0.000296466 358.068
0.000486723 373.709
0.000570343 353.893
0.000558895 363.996
0.000697312 361.428
0.000227183 270.849
0.000440674 385.217
0.00055962 336.177
0.000617259 359.085
0.000408665 320.142
0.000605455 363.155
0.000245419 373.844
0.000579094 329.446
0.000186725 378.402
0.000509992 364.499
0.00065825 416.651
0.000395294 427.323
0.00055272 320.035
0.000463035 326.573
0.000429316 365.289
0.000477047 306.977
0.000551227 387.606
0.000502755 374.756
0.000414553 387.223
0.000494209 423.112
0.000449722 383.021
0.000450879 301.043
0.000353237 345.273
0.000573871 366.677
0.000521066 388.241
0.000214835 433.988
0.000388247 313.728
0.00064415 363.974
0.000711238 345.78
0.000567749 409.89
0.000481367 308.865
