271873 430.033
2.48295e-12 1.04445
1 0.0182738
0.695783 0.922938
0.388212 0.677998
0.806183 0.315691
0.447787 0.774114
0.406857 0.751479
0.244407 7.34273
0.6848 1.21396
0.578779 0.685289
0.730481 0.667623
0.362517 0.860909
0.532675 1.01404
0.734493 0.569861
0.779686 0.420829
0.302422 1.00346
0.5406 0.801648
0.253113 3.30284
0.214442 2.01741
0.254435 0.913931
0.0389078 0.895878
0.274271 1.29298
0.418718 0.683386
0.358782 3.63227
0.568127 0.613777
0.806183 0.315691
0.434317 0.76275
0.244407 7.34273
0.68461 0.549502
0.884518 0.680184
0.253113 3.30284
0.274204 0.915594
0.625409 0.778252
0.451316 0.518533
0.625409 0.778252
0.545184 0.550674
0.0676136 1.00152
0.412054 0.481398
0.254435 0.913931
0.447787 0.774114
0.131029 4.39263
0.224688 1.18064
0.660847 0.68494
0.329678 1.40743
0.225128 1.16565
0.303211 0.793998
0.406081 0.731382
0.302422 1.00346
0.576847 0.788741
0.779686 0.420829
0.530086 0.830006
0.295628 1.01811
0.184485 0.919152
0.341255 12.6108
0.329678 1.40743
0.284979 0.899337
0.522439 0.711847
0.343939 1.52872
0.309398 0.619739
0.389379 1.25293
0.513708 0.681904
0.179111 0.934591
0.38579 1.02925
0.580265 0.527956
0.5406 0.801648
0.605033 0.448247
0.660847 0.68494
0.831396 0.889287
0.276828 1.02463
0.388212 0.677998
0.406552 0.814317
0.49991 0.613407
0.389379 1.25293
0.605033 0.448247
0.580265 0.527956
0.434317 0.76275
0.302724 1.20675
0.435777 0.809943
0.805641 1.36432
0.0633585 1.09175
0.468287 0.945766
0.757342 0.923842
0.530966 0.504892
0.374394 1.14173
0.483978 1.64613
0.554246 0.649907
0.297647 1.05666
0.545184 0.550674
0.321982 0.830441
0.532675 1.01404
0.378418 0.913991
0.179111 0.934591
0.6848 1.21396
0.730481 0.667623
0.0633585 1.09175
0.6973 0.620047
0.386928 0.826816
0.573005 0.964536
0.417298 0.696368
0.757342 0.923842
