72991 70.0068
1 2.70603e-06
1 2.70603e-06
1.11022e-16 1.00001
1.11022e-16 1.00001
0.202528 0.549973
0.435964 0.339728
0.202528 0.549973
0.435964 0.339728
0.627537 0.207831
0.808497 0.100838
0.627537 0.207831
0.808497 0.100838
0.0864118 0.706046
0.558792 0.25248
0.0507388 0.774752
0.489032 0.300695
0.128565 0.641445
0.153075 0.608756
0.51928 0.279393
0.471642 0.313242
0.87774 0.0631253
0.0278271 0.83319
0.107798 0.671679
0.587098 0.23378
0.0177061 0.866941
0.532996 0.269938
0.97291 0.0136408
0.850219 0.0779298
0.178007 0.578095
0.446493 0.331802
0.897432 0.052674
0.140044 0.62578
0.0996861 0.684274
0.17324 0.583783
0.00753743 0.913187
0.0634538 0.748105
0.0379952 0.805082
0.835286 0.086063
0.0634538 0.748105
0.00434283 0.934105
0.917654 0.0420603
0.585646 0.234728
0.00074271 0.972753
0.00190663 0.95634
0.816457 0.0964231
0.952303 0.0241428
0.0352109 0.812359
0.0127161 0.887239
0.956445 0.0220226
0.929011 0.0361507
0.99995 2.78577e-05
0.929011 0.0361507
0.0128063 0.88684
0.99995 2.78577e-05
0.0128063 0.88684
0.99995 2.78577e-05
0.99995 2.78577e-05
0.99995 2.78577e-05
0.929011 0.0361507
0.929011 0.0361507
0.929011 0.0361507
0.929011 0.0361507
0.929011 0.0361507
0.929011 0.0361507
0.929011 0.0361507
0.929011 0.0361507
0.0128063 0.88684
0.0128063 0.88684
0.0128063 0.88684
0.0128063 0.88684
0.0128063 0.88684
1.11022e-16 1.00001
1.11022e-16 1.00001
0.99995 0.00967698
1.11022e-16 5.3118
0.0128063 0.886841
0.929011 0.0361508
0.929011 0.0361508
0.929011 0.112692
1.11022e-16 6.59573
0.0128063 0.904965
0.929011 0.216334
1.11022e-16 16.6506
0.0128063 1.0041
0.929011 1.09029
0.0128063 2.33767
0.929011 2.96917
0.0128063 20.372
0.99995 3.00712
0.99995 3.00712
0.0128063 20.4315
0.929011 3.09037
0.929011 3.97691
0.0128063 37.5994
0.929011 10.273
0.929011 15.3358
0.99995 27.9251
0.929011 32.1624
0.929011 34.5369
0.99995 45.1024
