1003016 410.01
2.17287e-07 15.316
5.73055e-07 5.13982
2.17287e-07 15.316
0.369883 1.4126
0.473752 1.30774
1.20951e-05 2.34041
0.473752 1.30774
0.0449294 2.08756
0.705063 1.09167
0.60661 1.154
0.155608 1.75803
0.240688 1.61116
0.603934 1.17659
0.525034 1.24947
0.301954 1.509
0.369879 1.43312
0.240688 1.61116
0.301951 1.51352
0.734187 1.04362
0.473762 1.29953
0.240688 1.61116
0.0449248 2.28405
0.705066 1.07117
0.734184 1.06151
0.139929 1.80896
0.155608 1.75803
1.20951e-05 2.34041
0.155608 1.75803
0.606596 1.17105
0.734187 1.04362
0.0449294 2.08756
1.20951e-05 2.34041
1.20951e-05 2.34041
0.525034 1.24947
0.473752 1.30774
0.734184 1.06151
0.734187 1.04362
0.606596 1.17105
0.36988 1.42847
2.17287e-07 15.316
0.240688 1.61116
0.36988 1.42847
0.369879 1.43312
0.473752 1.30774
0.301951 1.51352
1.20951e-05 2.34041
1.20951e-05 2.34041
0.369879 1.43312
0.155608 1.75803
0.606596 1.17105
0.301954 1.509
0.60661 1.154
0.60661 1.154
0.301954 1.509
0.705063 1.09167
0.473752 1.30774
0.240688 1.61116
0.473752 1.30774
0.369879 1.43312
0.369883 1.4126
0.240688 1.61116
0.603934 1.17659
0.606596 1.17105
0.301954 1.509
0.473752 1.30774
0.473762 1.29953
0.734184 1.06151
0.139929 1.80896
0.155608 1.75803
0.734187 1.04362
0.240688 1.61116
1.20951e-05 2.34041
1.20951e-05 2.34041
0.525034 1.24947
0.734184 1.06151
0.369879 1.43312
0.240688 1.61116
0.36988 1.42847
0.369879 1.43312
0.606596 1.17105
0.301951 1.51352
5.73055e-07 5.13982
0.155608 1.75803
0.301954 1.509
0.301954 1.509
0.301954 1.509
0.473752 1.30774
0.525034 1.24947
0.473752 1.30774
0.369879 1.43312
0.603934 1.17659
0.240688 1.61116
3.14658e-11 25.0785
5.73055e-07 5.13982
2.17287e-07 15.316
0.0449248 2.28405
0.60661 1.154
0.603934 1.17659
0.734184 1.06151
2.17287e-07 15.316
