494327 440.021
1.21612e-06 143.902
7.34722e-08 162.051
4.79262e-09 202.132
2.04987e-09 205.178
2.70043e-10 220.642
7.05449e-08 198.661
2.85114e-12 259.029
2.41472e-10 243.609
1.97913e-13 299.782
1.05822e-12 297.111
1.39079e-13 361.443
1.6949e-06 148.117
1.34116e-07 177.33
1.29392e-06 157.969
1.38888e-06 155.377
8.1117e-08 180.318
1.195e-06 167.178
7.08058e-07 175.273
1.60312e-06 152.772
2.57469e-09 205.264
1.07616e-06 173.257
1.1502e-06 170.772
8.69291e-07 174.837
1.05377e-08 203.443
7.86374e-08 189.384
3.81891e-10 236.135
5.3278e-08 202.846
1.37817e-09 230.088
4.0783e-11 259.96
2.29937e-09 226.725
2.98271e-10 252.394
3.19766e-11 270.982
1.0871e-11 279.331
1.81924e-12 315.744
1.59607e-11 277.123
4.19001e-12 291.812
5.71612e-12 289.294
2.29106e-13 372.353
1.43809e-12 347.873
3.10709e-12 310.583
1.44529e-13 382.046
1.89419e-06 160.886
1.13517e-07 182.951
3.52089e-07 179.678
1.30625e-06 165.149
1.23924e-06 167.472
6.77418e-09 207.563
1.12009e-06 174.34
7.72784e-07 178.693
1.00061e-06 176.971
3.23177e-08 204.728
1.68593e-06 164.577
9.67305e-08 195.888
2.31042e-07 182.175
2.75173e-09 220.807
9.22905e-10 238.2
9.41079e-08 202.563
2.12516e-10 261.411
1.11182e-07 194.79
1.69372e-10 268.769
8.43245e-10 246.892
8.6312e-11 297.649
3.87449e-11 303.868
3.74027e-06 379.911
3.19717e-08 464.283
7.72226e-08 442.486
1.1413e-06 404.423
1.64035e-06 425.068
1.46882e-06 579.662
2.03474e-06 407.677
9.45711e-07 389.587
4.84918e-07 391.93
1.14111e-06 386.926
6.70717e-07 518.943
4.52636e-07 453.81
1.0351e-06 317.355
1.88063e-06 474.103
2.20304e-06 464.48
1.50713e-06 422.687
7.14932e-07 470.982
1.178e-06 408.486
9.49465e-08 429.978
6.69698e-07 374.309
1.15882e-06 400.531
1.53421e-06 499.069
8.54846e-07 397.322
7.4702e-07 477.085
2.39924e-06 410.347
1.78594e-06 418.02
4.71087e-07 381.506
1.66051e-06 331.533
2.04951e-06 470.103
1.02659e-06 454.915
1.52292e-06 400.534
3.55415e-06 457.906
3.36575e-06 434.557
3.74315e-06 464.646
4.6367e-07 382.319
8.61137e-07 548.338
7.72379e-07 406.317
