1389408 380.006
1.55627e-09 39.7174
1.55627e-09 39.7174
0.886707 0.564085
6.2422e-09 18.6523
1.51033e-07 1.85386
4.2784e-08 13.1055
0.675271 0.720029
0.816813 0.610491
4.2784e-08 13.1055
6.2422e-09 18.6523
0.393981 0.987763
0.288893 1.1085
0.224235 1.19494
0.129801 1.3424
0.468597 0.904678
0.468597 0.904678
0.555271 0.826139
0.638846 0.764968
0.0544102 1.53136
0.129801 1.3424
0.468589 0.919328
0.393988 0.984021
0.816821 0.610237
1.55627e-09 39.7174
6.79666e-06 1.83409
0.0544102 1.53136
0.232035 1.17726
0.393981 0.987763
0.638846 0.764968
0.675271 0.720029
0.224235 1.19494
0.232035 1.17726
0.224235 1.19494
0.816813 0.610491
0.555264 0.828386
0.468597 0.904678
0.638846 0.764968
6.79666e-06 1.83409
1.51033e-07 1.85386
0.468589 0.919328
0.468589 0.919328
0.288893 1.1085
0.555271 0.826139
0.288893 1.1085
1.23589e-06 1.83549
0.555271 0.826139
0.468597 0.904678
0.555264 0.828386
1.55627e-09 39.7174
0.232035 1.17726
0.224235 1.19494
0.638846 0.764968
0.0544102 1.53136
1.23589e-06 1.83549
0.0544102 1.53136
0.393981 0.987763
4.2784e-08 13.1055
0.816813 0.610491
0.886707 0.564085
0.816821 0.610237
0.393981 0.987763
0.816813 0.610491
6.2422e-09 18.6523
0.468597 0.904678
0.468597 0.904678
0.468597 0.904678
0.468597 0.904678
0.393981 0.987763
0.468597 0.904678
0.129801 1.3424
0.468589 0.919328
0.638846 0.764968
0.555271 0.826139
0.393981 0.987763
0.224235 1.19494
0.816813 0.610491
0.468597 0.904678
0.638846 0.764968
6.79666e-06 1.83409
0.468589 0.919328
0.288893 1.1085
1.23589e-06 1.83549
0.468597 0.904678
0.468597 0.904678
1.55627e-09 39.7174
0.232035 1.17726
0.468589 0.919328
0.0544102 1.53136
0.0544102 1.53136
0.675271 0.720029
0.816813 0.610491
0.886707 0.564085
0.393981 0.987763
0.816813 0.610491
6.2422e-09 18.6523
0.0544102 1.53136
0.468597 0.904678
0.468597 0.904678
0.468597 0.904678
0.393981 0.987763
