27423 40.0028
0.000142488 203.256
1.15434e-05 233.619
8.9933e-05 219.146
7.79877e-05 222.992
1.22547e-06 262.659
4.8774e-06 261.982
1.21122e-09 347.39
3.65426e-07 292.278
5.42628e-07 288.233
9.83734e-08 318.438
2.64145e-07 306.211
1.14566e-05 249.4
2.34703e-08 329.672
2.35888e-06 262.385
1.06608e-06 285.101
2.11917e-08 342.37
4.19471e-10 472.279
0.00016993 218.913
0.00135942 214.076
0.00116059 214.174
2.112e-05 245.542
0.000137486 234.574
4.6628e-05 243.168
5.77956e-06 267.604
1.47141e-05 255.374
0.000113751 242.109
2.52843e-06 280.05
8.89114e-07 288.617
1.22293e-05 265.931
1.4631e-06 286.228
6.44801e-07 302.996
3.79736e-08 338.935
4.21769e-07 307.865
8.26414e-07 298.373
1.96972e-07 327.724
2.66662e-07 321.811
1.10614e-07 332.252
5.34831e-09 352.395
3.44717e-07 318.919
4.07552e-07 310.614
2.99795e-07 320.333
1.10228e-08 347.852
3.78203e-09 389.61
1.35299e-07 331.742
4.05095e-07 315.413
9.52286e-09 349.664
5.1172e-09 374.878
1.75461e-09 426.012
0.0011535 219.879
0.000232866 224.331
4.85781e-05 246.094
0.000158298 236.199
1.82124e-05 260.68
1.05274e-06 297.767
4.29107e-05 253.706
3.45949e-05 259.652
6.17828e-06 277.898
3.90634e-06 280.776
9.87373e-06 271.811
2.25848e-06 288.972
8.8645e-06 272.568
2.89698e-06 284.03
8.64118e-07 374.138
7.66841e-05 428.344
0.000152682 376.782
0.000146686 318.165
0.000464694 401.158
0.000299087 495.491
9.07813e-05 428.006
0.000448166 397.898
0.000193132 297.903
9.50075e-05 419.03
1.89428e-06 354.735
0.000148093 452.872
9.74616e-05 356.115
0.00017505 475.929
9.93037e-05 427.985
0.0003228 367.483
0.000209991 433.991
0.000133295 388.631
0.000388967 319.513
0.000444391 316.424
0.000168789 332.519
0.00041992 407.539
4.52322e-05 421.758
6.82125e-05 426.858
0.000147174 427.468
0.000415911 432.776
0.000307307 320.251
0.000316578 373.87
6.17998e-05 436.498
2.73426e-05 475.594
0.00020664 466.018
0.000368798 409.657
0.000279474 440.891
0.000243186 343.866
0.000177602 372.977
0.00019016 366.223
3.53496e-05 427.092
4.31654e-05 404.267
