74990 110.009
7.49415e-05 210.714
6.90192e-07 240.711
5.3708e-05 214.961
1.74194e-05 235.063
5.06501e-05 222.841
2.96245e-07 266.11
1.12516e-08 296.778
1.1613e-07 288.705
2.09741e-10 340.459
1.73267e-05 237.924
2.0586e-07 284.186
2.54385e-07 281.659
8.72523e-08 294.902
4.95012e-09 337.102
1.06046e-08 333.269
1.12741e-10 436.254
7.68548e-12 442.453
0.000108372 213.335
4.12898e-05 235.399
2.41416e-05 239.149
7.4427e-05 224.462
7.75437e-06 243.377
6.82611e-05 227.817
9.43117e-05 221.477
1.28494e-06 255.871
2.80663e-06 249.16
3.31246e-06 247.996
9.095e-05 223.52
4.99887e-07 268.335
9.06201e-07 261.474
6.62816e-05 234.847
6.14289e-06 247.499
2.72849e-07 282.403
1.97249e-05 243.245
2.13056e-07 286.153
6.96314e-07 266.224
5.86967e-08 297.101
4.57647e-07 275.768
1.59249e-07 294.613
2.94139e-08 308.851
2.0601e-08 315.022
3.92842e-08 300.596
1.38401e-08 320.176
6.6394e-09 337.149
8.84519e-10 360.057
1.1852e-06 261.217
4.96855e-10 378.824
3.10599e-09 341.856
1.29413e-08 325.477
2.36027e-09 346.13
2.56397e-10 422.841
3.89595e-08 302.712
4.1997e-10 421.56
1.66394e-11 443.273
0.000130214 216.494
7.77151e-06 246.775
2.65737e-05 239.459
9.13299e-05 229.73
1.58826e-06 260.903
6.83092e-05 232.415
4.79007e-05 235.847
8.23638e-07 274.724
1.85013e-07 300.727
3.47692e-05 392.916
7.2165e-05 461.188
5.43635e-05 379.155
6.99412e-05 434.975
9.37752e-05 447.548
8.90848e-06 481.24
6.10974e-06 403.227
9.23667e-05 476.828
7.46004e-05 429.22
2.06563e-06 444.543
9.81631e-05 301.081
1.5457e-05 358.284
7.56471e-05 425.164
9.03488e-05 443.721
9.0401e-05 385.992
0.000118824 462.241
7.7558e-05 417.041
8.44533e-05 434.915
2.31156e-05 424.399
7.05062e-05 416.415
8.81464e-05 386.123
9.80031e-06 342.04
8.69096e-05 395.568
8.66351e-05 386.952
8.59395e-05 370.191
5.2982e-05 420.939
1.39253e-05 395.411
8.50953e-06 445.608
2.16855e-06 499.118
6.26673e-05 423.784
9.07724e-05 447.558
0.000116991 453.344
9.00922e-05 355.717
5.8054e-05 434.082
5.83342e-05 373.149
1.47125e-06 445.23
7.75774e-05 434.906
