247336 510.054
1 0
0 1
0 1
0.594624 0.228882
0.675294 0.178237
0.641158 0.199277
0.85645 0.074554
0.759574 0.128465
0.124977 0.646479
0.0535716 0.768545
0.313248 0.440314
0.798759 0.106267
0.969024 0.0156099
0.405273 0.363389
0.483052 0.304981
0.00309663 0.944353
0.232967 0.517333
0.175612 0.580939
0.0679154 0.739394
0.494713 0.296641
0.0214707 0.853471
0.558778 0.252485
0.0143999 0.880001
0.296883 0.45513
0.0304772 0.825423
0.894354 0.0542972
0.695902 0.165793
0.0475313 0.781983
0.731609 0.144659
0.872568 0.0658867
0.612695 0.217251
0.766171 0.124688
0.814008 0.0977762
0.249219 0.500781
0.916388 0.0427186
0.0763399 0.723703
0.261185 0.488938
0.731609 0.144659
0.836935 0.0851584
0.000932004 0.969471
0.422837 0.349741
0.162298 0.597137
0.0387538 0.80314
0.705413 0.160111
0.576007 0.241049
0.0881181 0.703153
0.0133551 0.884436
0.0400554 0.799861
0.379373 0.384067
0.363037 0.397474
0.949508 0.025573
0.185868 0.568876
0.933846 0.0336428
0.46837 0.315624
0.45156 0.328018
0.57697 0.240415
0.0976201 0.687558
0.209727 0.54204
0.140516 0.625145
0.342778 0.414528
0.681616 0.1744
0.0881181 0.703153
0.437958 0.338216
0.00115747 0.965978
0.422891 0.349699
0.782814 0.115232
0.916388 0.0427186
0.623763 0.210213
0.520444 0.278582
0.715242 0.15428
0.984969 0.00754426
0.00557525 0.925332
0.108413 0.670738
0.118671 0.655514
0.196014 0.557266
0.161445 0.598198
0.46837 0.315624
0.196014 0.557266
0.383965 0.380351
0.532165 0.270504
0.150442 0.612131
0.783115 0.115062
0.334288 0.421824
0.00909374 0.904639
0.00613561 0.92167
0.222169 0.528652
0.140516 0.625145
0.981411 0.00933791
0.22071 0.530202
0.438393 0.337887
0.814008 0.0977762
0.0750957 0.725964
0.45156 0.328018
0.146986 0.616612
0.836935 0.0851584
0.209727 0.54204
0.998588 0.000706047
0.354865 0.404294
0.182351 0.572974
0.287494 0.463815
