654373 150.002
0.977211 1.17253
0.977211 1.17253
8.15584e-11 3.91039
0.552497 1.59298
0.342977 1.85486
0.112387 2.28331
3.95849e-08 3.35847
4.22505e-07 2.85382
3.95849e-08 3.35847
0.342977 1.85486
0.0219592 2.59528
9.29257e-06 2.83384
0.370338 1.81405
0.181299 2.12273
0.0219592 2.59528
0.18129 2.12276
0.0219592 2.59528
0.445611 1.74343
0.445613 1.72012
0.130263 2.23218
0.552497 1.59298
0.130263 2.23218
0.498593 1.66099
0.509434 1.63768
0.370331 1.82368
0.342977 1.85486
0.112387 2.28331
0.498593 1.66099
0.445611 1.74343
0.130263 2.23218
0.509434 1.63768
0.509425 1.65945
0.552497 1.59298
0.445611 1.74343
9.29257e-06 2.83384
5.93136e-07 2.85312
0.509426 1.65199
0.370331 1.82368
0.509425 1.65945
0.509426 1.65199
0.498593 1.66099
4.22505e-07 2.85382
5.93136e-07 2.85312
3.95849e-08 3.35847
0.445613 1.72012
0.509434 1.63768
8.15584e-11 3.91039
0.445611 1.74343
0.130263 2.23218
0.509434 1.63768
4.22505e-07 2.85382
0.509434 1.63768
0.498593 1.66099
0.445613 1.72012
0.0219592 2.59528
0.112387 2.28331
0.370331 1.82368
9.29257e-06 2.83384
9.29257e-06 2.83384
0.112387 2.28331
8.15584e-11 3.91039
9.29257e-06 2.83384
0.130263 2.23218
0.552497 1.59298
0.112387 2.28331
0.552497 1.59298
0.445613 1.72012
8.15584e-11 3.91039
0.112387 2.28331
0.498593 1.66099
0.509425 1.65945
0.509426 1.65199
5.93136e-07 2.85312
9.29257e-06 2.83384
0.509434 1.63768
0.370338 1.81405
0.498593 1.66099
0.445613 1.72012
0.370331 1.82368
0.509434 1.63768
0.130263 2.23218
0.445611 1.74343
0.0219592 2.59528
0.18129 2.12276
0.0219592 2.59528
3.95849e-08 3.35847
8.15584e-11 3.91039
0.445611 1.74343
0.130263 2.23218
4.22505e-07 2.85382
0.509434 1.63768
9.29257e-06 2.83384
0.0219592 2.59528
0.112387 2.28331
0.370331 1.82368
0.181299 2.12273
9.29257e-06 2.83384
0.112387 2.28331
0.130263 2.23218
0.552497 1.59298
