119186 440.092
1 0
4.18105e-18 1
4.18105e-18 1
0.436322 0.339453
0.393791 0.372473
0.616967 0.214527
0.555135 0.254926
0.658313 0.188635
0.480725 0.306657
0.230817 0.519566
0.0681362 0.738971
0.0354642 0.811681
0.373861 0.388558
0.814524 0.0974904
0.0159409 0.873743
0.534276 0.269058
0.764965 0.125377
0.322045 0.43251
0.0478744 0.781198
0.353044 0.405825
0.24936 0.50064
0.702833 0.161648
0.139109 0.627027
0.96383 0.0182515
0.977917 0.0111032
0.575497 0.241385
0.689569 0.169597
0.161259 0.598429
0.461393 0.320741
0.053901 0.767834
0.172585 0.584566
0.341516 0.415607
0.00953236 0.902366
0.508028 0.287239
0.592221 0.230441
0.836448 0.0854247
0.518955 0.279615
0.67819 0.176477
0.599355 0.22582
0.470394 0.314147
0.95171 0.0244435
0.0910912 0.698187
0.293789 0.457977
0.0879478 0.70344
0.658313 0.188635
0.0783401 0.720107
0.285145 0.46601
0.000910691 0.969822
0.00285762 0.946543
0.796801 0.107363
0.107351 0.672355
0.508028 0.287239
0.918228 0.041758
0.177702 0.578453
0.263732 0.486451
0.85998 0.0726489
0.734823 0.142782
0.122203 0.650424
0.894347 0.0543007
0.876254 0.0639158
0.5785 0.239408
0.779344 0.117195
0.802264 0.104308
0.782577 0.115366
0.0208862 0.855479
0.751139 0.133317
0.188121 0.56627
0.90705 0.0476082
0.079249 0.718488
0.845172 0.0806677
0.0258925 0.839089
0.150189 0.612457
0.527945 0.273402
0.059457 0.756162
0.747963 0.135151
0.714438 0.154756
0.382501 0.381534
0.00111495 0.966609
0.730259 0.145448
0.718983 0.152071
0.00378419 0.938484
0.274602 0.475975
0.87177 0.0663137
0.155868 0.605198
0.10046 0.683046
0.198101 0.554915
0.207446 0.544538
0.941951 0.0294582
0.302124 0.450342
0.133148 0.635106
0.853336 0.076238
0.313024 0.440515
0.00935155 0.903297
0.185665 0.569112
0.612573 0.217329
0.112549 0.664516
0.440181 0.336539
0.00613422 0.921679
0.352062 0.406652
0.0301834 0.826266
