182963 390.074
1 1.11404e-05
1 1.11404e-05
1.30104e-18 1.00002
1.30104e-18 1.00002
0.540173 0.265053
0.949856 0.0254085
0.540173 0.265053
0.949856 0.0254085
0.0374583 0.806484
0.185289 0.569569
0.0845129 0.709313
0.0374583 0.806484
0.185289 0.569569
0.0845129 0.709313
0.0774884 0.721657
0.197895 0.555168
0.483082 0.304977
0.0774884 0.721657
0.499988 0.29292
0.469021 0.315167
0.42753 0.346161
0.967571 0.0163622
0.442459 0.334842
0.453996 0.326226
0.210402 0.541325
0.499988 0.29292
0.254005 0.496029
0.243192 0.506876
0.3375 0.419072
0.348331 0.409824
0.264252 0.485966
0.981148 0.00948468
0.384999 0.379536
0.397131 0.369835
0.274092 0.476482
0.283784 0.467306
0.414261 0.356384
0.359194 0.400691
0.293687 0.458088
0.233248 0.517063
0.326761 0.428386
0.219695 0.531305
0.310597 0.442704
0.301938 0.450529
0.375589 0.387165
0.406457 0.362479
0.319432 0.434833
0.367833 0.393527
0.993784 0.00312669
0.226507 0.524093
1 1.24681e-05
1.30104e-18 1.00002
1.30104e-18 1.00002
0.293687 0.458089
1.30104e-18 1.00003
0.293687 1.34874
1.30104e-18 3.1459
0.293687 2.68068
1.30104e-18 4.86871
0.293687 2.68068
1.30104e-18 13.5721
0.319432 2.83617
1.30104e-18 15.7633
0.293687 7.45531
1 4.28997
1.30104e-18 17.5873
0.326761 13.6268
0.293687 14.1096
1 6.99138
1.30104e-18 25.9637
0.330331 16.0188
0.293687 18.5237
1 10.062
0.293687 18.7253
1 11.793
0.293687 21.1406
1 14.1902
1 14.1902
0.293687 27.6285
0.319432 27.408
1 14.3168
0.293687 27.8702
1 15.409
0.293687 33.0618
1 15.5989
0.293687 34.5141
1 16.2066
0.293687 49.7843
1 16.3581
1 17.1112
1 18.4751
1 22.8077
1 23.3342
1 24.1488
1 24.8194
1 28.485
1 29.6818
1 30.9136
1 44.0611
1 51.1892
