13760 20.0018
0.00139787 224.711
1.15434e-05 233.619
0.000467843 231.368
1.4631e-06 286.228
2.64145e-07 306.211
1.35299e-07 331.742
1.26872e-08 375.55
6.44801e-07 302.996
1.11522e-05 285.078
7.92774e-09 399.62
1.75461e-09 426.012
0.00241074 227.723
0.000164302 242.761
0.00107761 236.408
0.00167162 232.244
2.30056e-05 268.18
0.000141299 259.973
7.34212e-05 266.506
1.83028e-05 277.6
5.60661e-06 292.451
3.09556e-06 299.62
1.37962e-05 286.368
8.77566e-07 308.008
0.000131904 265.192
2.81589e-07 353.622
7.64293e-07 317.11
8.97036e-06 291.815
4.07451e-08 376.455
1.76042e-05 285.345
6.38058e-07 348.457
1.37755e-08 394.346
3.77095e-09 431.546
1.97127e-07 372.295
9.90354e-09 417.702
1.84518e-07 374.262
2.97931e-09 486.389
2.90191e-09 507.852
0.00207497 234.091
0.000486519 243.9
0.00166262 236.549
0.000162494 260.84
0.00146746 238.381
2.93479e-05 268.597
0.000419949 250.628
0.000249744 255.232
0.00137666 240.567
0.000292699 254.467
0.00128165 243.008
2.64221e-05 271.765
4.11719e-06 302.155
1.88833e-05 295.18
1.02612e-06 329.737
1.33085e-05 299.106
2.45429e-05 290.834
1.74969e-06 320.706
7.50169e-06 301.026
7.67772e-07 351.254
2.60144e-07 372.762
2.74932e-06 314.147
4.75486e-08 384.175
2.51836e-06 316.689
8.18184e-08 382.634
2.206e-08 415.566
0.00188453 402.939
0.00205223 427.35
0.00082344 388.498
0.000192703 468.668
0.00111266 504.619
0.000672578 460.991
0.00163452 401.957
0.00137101 412.081
0.00152541 403.701
0.00219676 466.044
0.0022385 467.046
0.000355466 440.053
0.00144952 402.159
0.00118949 452.945
0.00110041 468.022
0.000178386 349.655
9.64275e-05 375.61
0.000404929 425.734
0.00117824 388.692
0.000782317 411.547
0.000389124 459.828
0.00138483 407.538
0.00231101 356.195
0.00190506 445.867
0.00105979 465.162
0.000345855 438.608
6.65709e-06 431.275
0.000636644 391.532
0.00167287 449.75
0.00057217 349.379
0.00238898 429.792
0.00140141 453.098
0.000870775 532.172
0.00121897 456.445
0.00107599 386.597
0.000647341 413.235
0.00263705 510.351
