101368 160.014
5.00408e-13 1.06376
1 0.0322882
0.866671 0.527245
0.289244 0.762411
0.587274 0.53408
0.303067 0.621951
0.833277 0.558674
0.303067 0.621951
0.196333 3.28225
0.273304 0.80753
0.263397 1.07664
1 0.0611988
1 0.126711
0.432671 0.803608
0.840353 0.743192
0.509712 0.608356
3.86831e-05 3.80813
0.386005 0.972386
0.447962 0.764588
0.314364 0.760123
0.447962 0.764588
0.62379 0.825055
1.49021e-13 2.35699
0.801525 1.01775
0.544196 0.910798
0.801525 1.01775
0.728138 1.07942
0.496417 0.958719
1.49021e-13 2.35699
0.36476 0.657198
0.330348 0.821212
0.551117 0.515866
0.613773 0.511944
0.695135 0.955009
0.496417 0.958719
0.126021 1.25379
0.333477 0.760857
0.303067 0.621951
0.944897 0.417804
0.157492 1.05974
0.360971 0.916954
0.840353 0.743192
0.776489 0.718386
0.263006 0.852998
0.758965 0.739481
1 0.126711
0.162427 0.94836
0.186917 0.890794
0.551117 0.515866
0.384221 1.10369
0.646653 0.856513
0.0491946 1.4491
0.645246 1.06025
0.294484 0.822679
0.289244 0.762411
0.645246 1.06025
0.303067 0.621951
0.572545 0.889447
0.502329 0.68651
0.859057 0.222698
0.384438 1.06155
0.527281 0.959414
0.833277 0.558674
0.859057 0.222698
0.944897 0.417804
0.227044 1.209
0.0491946 1.4491
0.267683 1.27675
0.310107 0.71613
0.838505 0.146392
0.842515 0.99092
3.86831e-05 3.80813
0.473795 0.91413
0.509661 0.522632
0.321697 0.860708
0.340893 0.709871
0.00991568 2.21024
0.420869 0.650111
0.587274 0.53408
0.341551 0.648531
0.583468 0.68219
0.509661 0.522632
0.226953 1.1992
0.126021 1.25379
0.310107 0.71613
0.270264 1.46843
0.386005 0.972386
0.263397 1.07664
1 0.0611988
0.509712 0.608356
0.186917 0.890794
0.366115 0.694269
0.357863 1.33432
0.354973 0.724038
0.296889 1.22327
0.842515 0.99092
0.321697 0.860708
0.239243 0.773427
0.267683 1.27675
0.00991568 2.21024
