131634 270.027
1 0
0 1
0.0341161 0.815295
0.00675663 0.917801
0.855947 0.0748261
0.00105629 0.967499
0.545626 0.261335
0.021419 0.853648
0.474103 0.311448
0.738553 0.140609
0.205536 0.546639
0.706238 0.15962
0.51745 0.28066
0.244737 0.505291
0.149616 0.613197
0.635582 0.202766
0.503194 0.290639
0.157444 0.603208
0.661059 0.186945
0.0672567 0.740661
0.119718 0.653997
0.168918 0.589003
0.234167 0.516091
0.969424 0.0154069
0.943448 0.0286873
0.0982682 0.686522
0.390285 0.375272
0.382828 0.381269
0.369764 0.391918
0.057638 0.759921
0.870112 0.0672021
0.601298 0.224566
0.0713924 0.732806
0.0166004 0.871157
0.833944 0.0867945
0.621368 0.211731
0.406788 0.362201
0.336207 0.420166
0.2132 0.538264
0.921332 0.0401396
0.0794472 0.718136
0.0917047 0.697172
0.0426909 0.793382
0.889433 0.0569024
0.286629 0.464622
0.270485 0.479918
0.34134 0.415757
0.0366768 0.808488
0.584421 0.235526
0.490737 0.299474
0.362972 0.397529
0.137477 0.629221
0.403729 0.364603
0.323274 0.431428
0.257669 0.492389
0.915037 0.0434244
0.0109765 0.895231
0.56759 0.246614
0.422765 0.349796
0.809687 0.100174
0.000503322 0.977565
0.438598 0.337733
0.45089 0.328517
0.721821 0.1504
0.301848 0.450593
0.691362 0.168518
0.675023 0.178402
0.82646 0.0909016
0.585943 0.234531
0.77888 0.117458
0.225249 0.525396
0.600059 0.225365
0.00917429 0.904217
0.116936 0.658041
0.106458 0.673721
0.985935 0.00705721
0.72126 0.15073
0.808208 0.100996
0.793773 0.109061
0.186485 0.568161
0.51745 0.28066
0.323274 0.431428
0.179262 0.576607
0.960312 0.0200448
0.902337 0.050086
0.691362 0.168518
0.175406 0.581186
0.661059 0.186945
0.675023 0.178402
0 1
0.021419 0.853648
0.0540151 0.767589
0.633099 0.204325
0.109529 0.669048
0.461325 0.320791
0.259351 0.490735
0.270485 0.479918
0.752405 0.132587
0.353155 0.405732
0.432577 0.342294
