158089 250.018
1.56678e-29 1.05643
0.999921 0.0173407
0.392782 1.11721
0.39478 0.742693
0.285384 0.921572
0.146642 1.33066
0.113706 1.32077
0.391446 1.05409
0.316754 0.899133
0.84229 0.605422
0.361632 0.719968
0.0489754 1.2
0.230848 1.21882
0.470274 1.03946
0.790355 0.620784
0.448847 0.686664
0.233318 9.60824
0.655231 0.552326
0.845285 0.450562
0.736034 0.480209
0.372669 0.66473
0.811062 0.691919
0.888421 0.395755
0.212803 1.40993
0.296955 1.20325
0.249135 0.968243
0.117615 9.8157
0.218849 0.805205
0.136102 3.00941
0.408655 0.640155
0.251358 0.873751
0.108682 0.819971
0.171803 1.35816
0.16543 1.0388
0.391446 1.05409
0.452738 11.8746
0.736034 0.480209
0.251358 0.873751
0.181244 1.06569
0.134763 1.11753
0.340656 0.871297
0.39478 0.742693
0.161661 0.772398
0.274691 19.5697
0.242123 0.811967
0.0977055 2.69792
0.181244 1.06569
0.417765 0.832849
0.117615 9.8157
0.372669 0.66473
0.9458 0.952435
0.52959 0.673259
0.361632 0.719968
0.876398 0.416588
0.391446 1.05409
0.639975 0.855112
0.194804 0.965876
0.383039 0.616921
0.482636 0.996137
0.52707 4.7727
0.206839 0.954566
0.392782 1.11721
0.999936 0.217032
0.9458 0.952435
0.195 1.46209
0.279574 1.48262
0.233318 9.60824
0.482636 0.996137
0.784525 0.565516
0.863131 0.377107
0.845285 0.450562
0.876398 0.416588
0.343797 7.11909
0.206839 0.954566
0.315553 1.10194
0.285384 0.921572
0.296955 1.20325
0.412211 0.669483
0.343797 7.11909
0.33633 0.833929
0.00707296 1.38644
0.112032 1.02174
0.863131 0.377107
0.146642 1.33066
0.242123 0.811967
0.0743706 1.48997
0.639975 0.855112
0.113706 1.32077
0.448847 0.686664
0.411508 0.782507
0.999964 0.795301
0.555996 0.598933
0.202444 1.18114
0.655231 0.552326
0.456888 0.664503
0.285384 0.921572
0.838638 0.551422
0.502639 0.763617
0.790355 0.620784
9.93697e-30 37.7058
