311111 580.099
0.953891 0.023341
0.953891 0.023341
5.55112e-17 1.00003
5.55112e-17 1.00003
0.746462 0.136036
0.650217 0.193656
0.258724 0.491373
0.804344 0.103163
0.560885 0.251095
0.0248982 0.842234
0.474478 0.311195
0.701985 0.162171
0.527993 0.273387
0.44004 0.336664
0.148334 0.61488
0.614077 0.216387
0.230804 0.519601
0.499991 0.292918
0.0377281 0.805788
0.778556 0.117657
0.592144 0.230508
0.876481 0.0638093
0.286216 0.465029
0.179674 0.576142
0.10232 0.680149
0.681881 0.174255
0.0723132 0.731113
0.415963 0.355067
0.904351 0.0490408
0.92645 0.0374916
0.00150215 0.96127
0.396019 0.37072
0.119615 0.65417
0.303858 0.448788
0.340229 0.416729
0.201346 0.551307
0.161177 0.598554
0.324786 0.43012
0.0564486 0.762436
0.363707 0.396938
0.0503263 0.77569
0.213039 0.538461
0.847329 0.0795102
0.374344 0.388183
0.00498857 0.929397
0.847329 0.0795102
0.0126639 0.887493
0.00776427 0.911912
0.0844653 0.709395
0.0844653 0.709395
0.0126639 0.887493
0.11701 0.657955
0.11701 0.657955
0.0844653 0.709395
0.0126639 0.887493
0.0126639 0.887493
0.847329 0.168877
0.00776427 0.931908
0.0844653 0.830636
0.0126639 1.02088
0.00776427 3.18201
0.0844653 2.41985
0.0844653 2.41985
0.00776427 3.40728
0.0126639 2.72398
0.0126639 2.72398
0.0844653 2.41985
0.0126639 3.33166
0.00776427 17.4334
0.00776427 17.4334
0.0844653 4.94907
0.00776427 23.3673
0.0126639 9.45692
0.0844653 7.98053
0.0126639 17.3304
0.847329 13.9211
0.0126639 17.4504
0.0844653 16.5789
0.0844653 16.5789
0.0844653 17.4774
0.0126639 19.3827
0.0844653 18.4071
0.0126639 21.2054
0.0844653 19.2908
0.0126639 21.947
0.0844653 19.6293
0.0126639 23.1857
0.0844653 21.4537
0.0126639 24.0222
0.0844653 22.1625
0.0126639 36.3044
0.0844653 22.3181
0.0126639 37.4637
0.0844653 28.3811
0.0126639 39.0568
0.0844653 34.2333
0.0126639 45.487
0.847329 35.4458
0.0844653 35.9466
0.0844653 38.8558
