560165 550.028
9.82524e-32 1.03034
1 0.010446
0.753798 0.305451
0.0740158 1.14081
0.0877867 1.21355
0.202199 2.53779
0.278083 0.900537
0.965497 1.04136
0.427249 0.703178
0.298733 1.51005
0.337811 1.26674
0.522012 0.576588
0.466743 0.493437
0.343377 0.90122
0.686747 0.790438
0.193866 0.896806
0.265554 2.3534
0.459017 1.1393
0.574639 0.571183
0.620813 0.854885
0.0877867 1.21355
0.559819 1.14845
0.696078 0.936914
0.553347 1.55291
6.90343e-32 21.8104
0.454334 1.39893
0.758529 0.388453
0.604717 0.641688
0.392557 0.92696
0.758632 0.436208
0.44622 1.1426
0.541798 1.0594
0.193866 0.896806
0.0289886 1.68625
0.575582 1.25715
0.665679 2.64909
0.182453 0.923989
6.90343e-32 21.8104
0.567417 0.634198
0.705501 1.07861
0.159073 1.11167
0.278083 0.900537
0.705501 1.07861
0.487346 0.588548
0.159073 1.11167
0.622145 0.960702
0.543886 0.53763
0.543886 0.53763
0.606235 1.1408
0.454334 1.39893
0.528472 0.515
0.337811 1.26674
0.604165 0.774011
0.62945 0.812908
1 0.304392
0.575582 1.25715
0.162142 1.4204
0.284788 2.15476
0.466743 0.493437
0.259857 1.14063
0.116897 1.17527
0.370395 1.50795
0.435828 1.0004
0.223369 1.64566
0.403697 0.818568
0.431358 1.20497
0.628707 0.82296
0.499205 1.20699
0.487346 0.588548
0.41672 0.989647
0.571262 0.975883
0.691823 0.479678
0.604717 0.641688
0.545406 0.594941
0.327689 4.49034
0.0249316 1.95112
0.571262 0.975883
0.298733 1.51005
0.454334 3.5266
0.604165 0.774011
0.346811 0.998314
0.364191 0.714096
1 0.304392
0.388226 0.56526
0.758529 0.388453
0.346811 0.998314
0.448691 1.18142
0.739132 0.924965
0.428729 0.682801
0.0757486 0.950266
0.965497 1.04136
0.265554 2.3534
0.401541 0.632271
0.448691 1.18142
0.602069 0.820556
0.467406 0.718443
0.327689 4.49034
0.543886 0.53763
0.202199 2.53779
0.119925 1.5697
