15457 20.0039
0.999999 4.64116e-05
0.999999 4.64116e-05
3.72966e-17 1.00009
3.72966e-17 1.00009
0.140888 0.624748
0.140888 0.624748
0.162496 0.596988
0.236173 0.514107
0.702998 0.161621
0.935913 0.0326315
0.805217 0.102722
0.393005 0.373217
0.568056 0.246381
0.210596 0.541186
0.417291 0.354136
0.182004 0.573477
0.368803 0.392793
0.910636 0.0457856
0.438159 0.338179
0.460057 0.321813
0.29068 0.460941
0.732612 0.144142
0.255484 0.494629
0.625696 0.209064
0.750142 0.133961
0.499921 0.293061
0.272796 0.477791
0.481362 0.306309
0.523816 0.276358
0.646781 0.195845
0.886625 0.0584513
0.31165 0.44184
0.197338 0.555859
0.96825 0.0160593
0.677299 0.17709
0.35125 0.40743
0.853178 0.0763732
0.339208 0.417679
0.322815 0.431955
0.8691 0.0678039
0.666393 0.183743
0.602326 0.223978
0.538903 0.265985
0.552801 0.25657
0.975778 0.0122382
0.602326 0.223978
0.778634 0.117649
0.778634 0.117649
0.834725 0.0864172
0.834725 0.0864172
0.999996 5.77679e-05
0.999996 5.77679e-05
0.999996 5.77679e-05
3.72966e-17 1.00009
0.853178 0.0763905
3.72966e-17 1.0001
3.72966e-17 1.0001
0.834725 0.92333
0.853178 0.0862744
3.72966e-17 2.31276
0.853178 0.100127
3.72966e-17 6.69528
0.834725 2.97924
0.999996 1.02081
3.72966e-17 7.34004
0.853178 3.34116
0.999996 1.25993
3.72966e-17 13.9551
0.853178 7.2782
0.999996 1.66085
3.72966e-17 16.1761
0.853178 15.5147
0.999999 2.42547
3.72966e-17 19.6045
0.778634 17.1161
0.853178 15.7128
0.853178 15.9902
3.72966e-17 20.2621
0.834725 17.2025
0.853178 17.9318
3.72966e-17 21.5931
0.778634 20.8539
0.853178 18.109
3.72966e-17 22.8038
0.975778 18.6276
3.72966e-17 26.278
0.853178 19.1677
0.975778 19.9668
3.72966e-17 27.4108
0.853178 21.9344
0.853178 22.1982
3.72966e-17 32.0314
0.999999 23.5954
3.72966e-17 34.9685
0.999996 26.9701
0.999996 30.3186
0.853178 43.7152
0.999998 36.9766
0.853178 51.256
0.999996 56.9672
