162548 590.096
1 0
4.9133e-17 1
4.9133e-17 1
0.00020229 0.985777
0.939727 0.030605
0.00428558 0.934536
0.0409718 0.797585
0.906157 0.0480772
0.887176 0.0580995
0.961772 0.0193002
0.0984748 0.686193
0.477668 0.308865
0.50523 0.289205
0.0128553 0.886619
0.166895 0.591472
0.371408 0.390567
0.272102 0.478366
0.154756 0.60661
0.293673 0.458084
0.636921 0.201927
0.308946 0.44417
0.113622 0.662922
0.080653 0.716005
0.669591 0.181714
0.0315337 0.822423
0.0712622 0.73305
0.817711 0.0976875
0.0857915 0.707098
0.147005 0.616588
0.718944 0.152094
0.0180583 0.865619
0.793918 0.108979
0.520515 0.278533
0.250922 0.499079
0.387069 0.377851
0.34356 0.41386
0.95136 0.024623
0.434382 0.340924
0.193621 0.559976
0.606653 0.221121
0.983001 0.00853589
0.836977 0.0851353
0.650162 0.193674
0.587585 0.233459
0.0670789 0.741004
0.138499 0.627846
0.703005 0.161546
0.324737 0.430143
0.402908 0.36525
0.462038 0.320266
0.210413 0.541292
0.803087 0.103849
0.905652 0.0483426
0.00580106 0.923835
0.241442 0.508633
0.331248 0.424459
0.218035 0.533058
0.236565 0.513621
0.383864 0.380432
0.35865 0.401126
0.0551721 0.765113
0.726247 0.147799
0.450206 0.329026
0.686149 0.171659
0.466981 0.31664
0.551267 0.257526
0.0481313 0.780612
0.69999 0.163346
0.431233 0.343317
0.760608 0.127871
0.511337 0.284922
0.858472 0.0734623
0.545314 0.261546
0.227406 0.523129
0.122589 0.649872
0.622456 0.211041
0.599475 0.225742
0.419389 0.352397
0.994198 0.00290523
0.622456 0.211041
0.0946837 0.692293
0.178782 0.577174
0.00819116 0.909495
0.874246 0.0649889
0.030372 0.825724
0.35865 0.401126
0.175536 0.58103
0.340138 0.416786
0.564824 0.248452
0.260099 0.490001
0.0230779 0.848086
0.0203203 0.857451
0.0490099 0.778618
0.203728 0.548637
0.779982 0.116834
0.736453 0.141831
0.674367 0.178802
0.648666 0.194602
0.533139 0.269837
0.532607 0.2702
