217519 320.023
0.0020495 199.647
0.000565493 204.51
0.000155822 215.433
0.0013337 201.353
3.69989e-05 225.382
5.55621e-07 239.474
0.000485767 210.745
9.94028e-06 237.231
2.18496e-07 288.212
4.76253e-08 293.916
2.01113e-09 338.644
4.25158e-07 285.499
7.21728e-09 326.24
2.06258e-08 317.602
2.93382e-08 314.61
4.51857e-08 298.187
1.24271e-09 463.889
1.8856e-09 442.739
1.58995e-09 463.054
4.79386e-10 529.336
0.00247259 200.695
0.000737248 206.399
0.00196125 202.066
0.000169803 220.875
0.000620092 211.523
4.45814e-05 228.796
2.88548e-06 248.157
0.000482489 219.089
8.72693e-05 227.671
2.04586e-05 241.85
1.51071e-05 245.078
9.42818e-07 281.466
1.52593e-06 269.355
6.50112e-05 228.633
8.36901e-08 298.944
2.20228e-07 295.314
4.46132e-08 318.607
3.90253e-07 294.823
1.50323e-06 274.322
1.31669e-08 329.355
3.48045e-09 375.404
2.66999e-08 326.587
7.20302e-09 369.646
2.37607e-09 396.66
1.26223e-08 345.896
2.6671e-09 388.231
2.18755e-08 328.752
2.14107e-09 461.14
6.56285e-09 374.786
1.83366e-09 470.501
0.00292644 200.819
0.00120861 208.727
0.00249525 202.195
0.000916806 211.645
0.000253127 223.323
9.33921e-05 231.492
0.000797403 217.738
0.000184381 226.844
0.00224947 207.878
4.83166e-05 241.726
0.000648034 222.318
4.69915e-05 246.137
4.516e-06 256.136
0.0022162 405.605
0.00256999 438.381
0.00022712 439.78
0.000955308 356.133
0.00201481 462.496
0.00108117 365.707
0.00198293 412.302
0.000592061 403.982
0.00163391 365.186
0.00228028 399.291
0.000147563 455.469
0.00166146 342.23
0.00134636 395.764
0.00245862 424.863
0.00251007 350.173
0.00148561 352.898
0.00132113 405.594
0.00191473 409.311
0.000430832 418.925
0.000872255 414.781
0.00184533 396.988
0.00183599 440.517
0.000724095 426.304
0.00227617 416.942
0.00208293 382.264
0.00235948 404.063
0.000152743 440.104
0.00218817 381.762
0.00169915 361.923
0.00208394 443.691
0.00200389 401.902
0.000663408 383.432
0.00248551 408.744
0.000632523 404.284
0.00178581 433.432
0.00099094 451.517
0.00227605 426.629
