402013 420.053
0.845928 0.0802655
0.845928 0.0802655
0 1.00002
0 1.00002
0.170517 0.587076
0.389877 0.375615
0.170517 0.587076
0.389877 0.375615
0.0110687 0.894808
0.0329881 0.818389
0.00429598 0.934478
0.802196 0.104355
0.565767 0.247835
0.0632783 0.748463
0.540971 0.264503
0.493719 0.29736
0.828867 0.0895876
0.0742258 0.72757
1.67312e-07 0.999607
0.441427 0.335612
0.106909 0.673044
0.0496992 0.777081
0.779424 0.117159
0.0874633 0.704272
0.587179 0.233734
0.144014 0.620521
0.473152 0.312151
0.421136 0.351061
0.0423673 0.794182
0.408269 0.361052
0.76246 0.12682
0.458698 0.322738
0.513835 0.283188
0.0973984 0.687927
0.702594 0.162875
0.717919 0.152708
0.602897 0.22355
0.6869 0.171219
0.744471 0.137186
0.143346 0.621403
0.52354 0.27645
0.65108 0.193114
0.616328 0.214944
0.124017 0.647853
0.124017 0.647853
0.732805 0.143973
0.629744 0.206446
0.639399 0.200386
0.667122 0.183235
0.67233 0.180052
0.670628 0.181091
8.41688e-08 0.999726
0 1.00002
0.670628 0.183502
0 3.27575
0.670628 0.227728
0 10.8796
8.41688e-08 3.76451
0.670628 2.54337
0 21.0621
8.41688e-08 6.23578
0.670628 4.19142
8.41688e-08 9.40719
0.744379 4.94656
8.41688e-08 9.48514
0.670628 6.96381
0.670628 6.96381
0.744379 7.1325
8.41688e-08 10.2399
0.670628 8.11017
0.670628 8.17843
8.41688e-08 11.2406
0.744379 8.66206
8.41688e-08 11.3264
8.41688e-08 11.5278
0.670628 13.2701
8.41688e-08 18.9946
0.670628 16.7562
8.41688e-08 19.0972
0.744379 17.577
8.41688e-08 19.0972
0.670628 19.1081
8.41688e-08 19.183
8.41688e-08 20.3826
0.670628 20.5657
8.41688e-08 22.2773
0.670628 20.854
8.41688e-08 25.1986
0.670628 20.9264
8.41688e-08 28.0705
8.41688e-08 28.1338
8.41688e-08 28.2586
8.41688e-08 34.0179
8.41688e-08 36.6816
8.41688e-08 38.7293
8.41688e-08 39.5884
0.749794 41.698
8.41688e-08 44.2989
8.41688e-08 48.3664
8.41688e-08 51.5261
