111302 160.01
5.95597e-06 173.264
3.53805e-06 174.478
4.20005e-07 184.344
6.13456e-08 207.477
4.91044e-07 184.017
2.49322e-08 213.237
2.85977e-07 205.312
5.62118e-09 234.903
1.29688e-09 246.866
1.55771e-08 227.431
1.87974e-10 271.473
4.03655e-07 203.813
2.06623e-11 304.548
8.30371e-12 385.219
1.64103e-11 324.377
8.20672e-12 441.253
1.10041e-05 177.03
4.85376e-07 195.48
5.87021e-06 178.945
4.58733e-06 182.413
2.50542e-06 191.987
9.94939e-08 212.418
2.26048e-07 209.677
3.06155e-06 191.789
8.86136e-09 235.716
4.51896e-08 227.757
3.43997e-07 209.24
2.20762e-10 277.049
6.73899e-08 226.654
2.98989e-08 230.853
1.39697e-09 261.684
2.05788e-08 232.845
3.25533e-09 257.492
7.16163e-11 314.157
1.88305e-11 344.688
5.25367e-11 325.57
2.59481e-11 338.579
1.21475e-09 276.281
9.68692e-12 431.219
7.66155e-06 180.751
1.52955e-06 195.994
6.80503e-07 201.388
5.37165e-06 189.706
3.12915e-06 192.893
4.66464e-06 191.823
1.89092e-07 221.274
1.08877e-07 228.8
2.74794e-07 215.992
5.20205e-07 210.381
4.38877e-07 212.394
3.4461e-07 214.717
2.26539e-08 235.963
3.42141e-08 235.023
1.12349e-08 243.931
5.91613e-09 258.775
6.66386e-07 207.77
3.64308e-09 266.566
9.71053e-08 234.295
1.95079e-08 241.933
1.09654e-08 249.618
1.07849e-08 255.728
2.15333e-08 241.772
3.45337e-09 271.884
3.4994e-06 333.298
2.09554e-06 357.288
6.91125e-06 388.321
4.21247e-06 498.117
1.23995e-05 492.386
1.37092e-06 406.234
7.727e-06 513.706
8.10483e-06 443.321
7.77011e-06 420.772
2.50039e-06 454.697
9.4414e-06 409.346
6.27888e-06 369.58
5.95467e-07 383.69
1.14477e-05 405.091
9.19574e-07 351.667
1.09807e-05 446.009
8.62493e-06 363.018
5.14866e-06 388.499
3.37899e-06 443.331
4.85353e-06 341.503
7.92054e-06 415.009
6.92732e-06 457.934
9.4659e-06 356.171
4.71358e-06 441.928
4.26632e-06 345.096
3.8679e-06 463.836
4.13887e-06 433.383
1.98865e-06 395.647
7.89828e-06 401.556
3.7713e-06 376.844
2.2353e-06 423.624
8.11061e-06 425.909
5.90389e-06 426.727
7.36221e-06 421.46
5.01587e-06 359.777
8.65888e-06 423.53
3.9481e-06 365.11
