52 0.156031
11 11
9 12.1111
11 7.81818
5 23.8
4 28.25
7 16.1429
11 8.90909
9 12.4444
14 7.14286
12 8.75
16 6.0625
16 6.9375
14 8.85714
13 8
9 10.6667
6 19.5
9 11
10 10.2
10 10.4
16 6.125
24 4.91667
16 5.9375
7 14.1429
16 7.625
12 9.83333
11 12.0909
8 14.875
19 7
19 5.89474
14 7.57143
9 11.8889
11 9.81818
8 12.875
22 5
14 9.42857
15 7
12 9.16667
16 7.5
22 6.18182
19 5.52632
10 11.9
13 7.61538
18 6
20 6
22 4.40909
15 7.2
16 7.25
6 22.3333
8 13.5
13 8.38462
5 21.6
9 11.7778
9 13.5556
12 10.0833
8 12.625
14 7.85714
18 5.66667
13 9.76923
9 12.4444
7 14.4286
16 7.375
9 10.8889
15 7
12 10.9167
12 10.4167
6 17.6667
14 8.64286
15 7.66667
15 7.6
9 12
22 4.81818
7 15.7143
7 14.4286
13 9.07692
11 10.3636
21 4.2381
6 16.3333
10 11.1
9 10.8889
12 9.33333
13 9.07692
26 4.38462
17 5.64706
5 21.4
7 16
9 12.5556
21 4.7619
12 9.16667
9 11.8889
8 14.75
8 14.25
7 15.4286
13 8
13 9.61538
15 6.66667
10 10.3
12 8.91667
21 4.85714
14 7.78571
17 7.23529
