420621 540.034
1 43
1 43
31 1.3871
2 21.5
3 14.3333
2 21.5
3 14.3333
4 10.75
4 10.75
5 8.6
5 8.6
6 7.16667
7 6.14286
6 7.16667
8 5.375
8 5.375
10 4.3
9 4.77778
10 4.3
11 3.90909
12 3.58333
12 3.58333
13 3.30769
14 3.07143
13 3.30769
15 2.86667
15 2.86667
16 2.6875
17 2.52941
16 2.6875
18 2.38889
17 2.52941
18 2.38889
19 2.26316
19 2.26316
20 2.15
20 2.15
21 2.04762
21 2.04762
22 1.95455
23 1.86957
24 1.79167
23 1.86957
24 1.79167
25 1.72
25 1.72
27 1.59259
26 1.65385
28 1.53571
27 1.59259
29 1.48276
28 1.53571
30 1.43333
29 1.48276
30 1.43333
31 1.3871
1 43
7 6.14286
9 4.77778
11 3.90909
26 1.65385
14 3.07143
22 1.95455
4 10.75
7 6.14286
9 4.77778
11 3.90909
14 3.07143
22 1.95455
26 1.65385
26 1.65385
8 5.375
8 5.375
8 5.375
10 4.3
19 2.26316
14 3.07143
19 2.26316
19 2.26316
1 43
14 3.07143
8 5.375
4 10.75
26 1.65385
11 3.90909
22 1.95455
19 2.26316
6 7.16667
27 1.59259
28 1.53571
29 1.48276
2 21.5
3 14.3333
5 8.6
28 1.53571
16 2.6875
19 2.26316
16 2.6875
4 10.75
1 43
