898366 590.022
8 15.5
27 3.55556
9 14.5556
10 10.8
14 6.35714
12 8.41667
13 7.84615
11 10.0909
25 3.72
27 3.55556
23 4.08696
16 5.625
11 10.0909
16 5.625
17 5.58824
11 10.0909
11 10.0909
8 15.5
21 4.33333
20 4.55
22 4.13636
11 10.0909
19 4.73684
17 5.58824
24 4
10 10.8
22 4.13636
16 5.625
25 3.72
11 10.0909
8 15.5
18 5.11111
24 4
10 10.8
18 5.11111
24 4
16 5.625
16 5.625
22 4.13636
19 4.73684
25 3.72
8 15.5
25 3.72
16 5.625
17 5.58824
8 15.5
11 10.0909
16 5.625
24 4
8 15.5
25 3.72
22 4.13636
10 10.8
16 5.625
25 3.72
16 5.625
17 5.58824
24 4
16 5.625
18 5.11111
25 3.72
8 15.5
21 4.33333
24 4
18 5.11111
8 15.5
11 10.0909
24 4
19 4.73684
11 10.0909
22 4.13636
20 4.55
10 10.8
8 15.5
11 10.0909
23 4.08696
27 3.55556
25 3.72
13 7.84615
12 8.41667
10 10.8
9 14.5556
24 4
25 3.72
18 5.11111
16 5.625
17 5.58824
16 5.625
25 3.72
10 10.8
25 3.72
8 15.5
8 15.5
16 5.625
17 5.58824
16 5.625
8 15.5
22 4.13636
16 5.625
16 5.625
