471761 320.01
28 3.71429
7 18.8571
7 18.8571
8 15.5
8 15.5
8 15.5
23 3.82609
10 11.4
26 3.73077
9 12.8889
26 3.73077
20 4.65
15 6.6
14 7.5
11 9.81818
26 3.73077
28 3.71429
20 4.65
13 7.69231
20 4.65
11 9.81818
11 9.81818
18 5.16667
22 4.18182
21 4.47619
22 4.18182
18 5.16667
19 4.89474
19 4.89474
17 5.76471
14 7.5
21 4.47619
11 9.81818
23 3.82609
17 5.76471
11 9.81818
12 8.41667
13 7.69231
19 4.89474
13 7.69231
11 9.81818
17 5.76471
17 5.76471
11 9.81818
13 7.69231
23 3.82609
18 5.16667
20 4.65
12 8.41667
12 8.41667
15 6.6
8 15.5
11 9.81818
26 3.73077
13 7.69231
11 9.81818
28 3.71429
15 6.6
28 3.71429
26 3.73077
11 9.81818
10 11.4
11 9.81818
26 3.73077
17 5.76471
9 12.8889
13 7.69231
14 7.5
10 11.4
19 4.89474
23 3.82609
8 15.5
7 18.8571
15 6.6
17 5.76471
17 5.76471
11 9.81818
12 8.41667
12 8.41667
12 8.41667
15 6.6
8 15.5
14 7.5
26 3.73077
13 7.69231
11 9.81818
17 5.76471
11 9.81818
19 4.89474
26 3.73077
11 9.81818
10 11.4
21 4.47619
17 5.76471
9 12.8889
13 7.69231
22 4.18182
18 5.16667
19 4.89474
23 3.82609
