51246 140.024
1 76
30 2.73333
14 8.78571
8 15.375
9 13.1111
11 12.6364
15 8.53333
20 5.6
17 6.88235
13 8.92308
7 16
22 5.13636
9 13.8889
11 12.6364
8 15.375
7 15.8571
15 7.53333
8 15.25
9 12.3333
11 10.5455
7 13.8571
19 6.21053
14 8.71429
7 16
8 14.375
8 15.25
7 16.4286
16 7.3125
16 7.3125
9 12
11 11.7273
18 6.44444
11 11.8182
7 17.4286
20 5.7
15 7.53333
4 25.25
8 13.625
7 14.5714
8 14.875
25 3.92
9 12
17 6.76471
8 15.75
7 16
7 17.4286
9 12.3333
8 13.75
8 16.375
24 4.66667
20 5.9
17 6.76471
9 13.1111
8 13.75
13 10
18 6.44444
4 25.25
20 5.7
7 16
8 15.25
11 12.6364
21 5.09524
5 24
8 15.25
22 5.04545
8 15.25
8 15.625
14 8.28571
14 8.78571
20 5.7
22 5.04545
8 13.625
7 17.4286
24 4.66667
15 8.53333
16 7.8125
13 8.61538
9 14
9 14.3333
16 7.4375
16 8.125
8 14.375
8 15.5
17 7.41176
8 16.375
8 14.125
12 11.8333
7 17.5714
8 15.25
8 14.875
5 22.4
25 3.92
17 7.41176
8 14.125
8 15.375
16 7.3125
7 17.4286
7 17.5714
8 15.375
7 16.4286
