26330 160.054
3 38.6667
4 26.75
5 20.8
6 16.6667
7 14
9 10.6667
8 12.375
12 7.75
13 7.23077
15 6.13333
16 5.75
18 5.22222
21 4.57143
22 4.45455
20 4.85
19 5.05263
2 62.5
24 4.125
14 6.64286
17 5.52941
10 9.6
11 8.63636
11 8.63636
10 9.6
17 5.52941
17 5.52941
14 6.64286
4 27.25
5 21.4
6 17
7 14.2857
24 4.25
11 8.72727
12 7.91667
22 4.5
13 7.30769
14 6.71429
15 6.2
18 5.38889
19 5.15789
3 39.3333
28 4.17857
20 5
17 5.64706
17 5.64706
10 9.7
10 9.7
10 9.7
9 10.8889
9 10.8889
8 12.5
20 5
9 10.8889
21 4.80952
21 4.80952
16 5.9375
16 5.9375
8 12.5
7 16.2857
12 8
10 10.5
9 13.4444
8 15.375
13 9.46154
15 9.13333
16 7.75
19 6.42105
15 8.46667
15 7.53333
16 7.0625
10 13.2
17 6.94118
16 8.0625
13 9.38462
12 10
16 7.5625
16 7.9375
15 8.13333
15 8.53333
7 17.5714
11 11.4545
16 7.1875
14 8.85714
16 8.25
15 8.2
15 7.66667
18 6.88889
11 11.9091
14 10
14 8.85714
18 6.72222
17 6.94118
16 7.125
14 7.92857
16 7.5625
11 11.2727
11 10.7273
12 10.5833
14 9.14286
13 9
