124684 550.111
4 26.75
5 20.6
7 13.5714
9 10.4444
11 8.36364
12 7.41667
15 5.93333
13 6.92308
14 6.5
24 4.08333
16 5.625
18 5.16667
19 4.89474
20 4.65
23 4.26087
21 4.57143
2 61
26 4.03846
3 38.3333
22 4.45455
17 5.47059
10 9.6
8 12.125
6 16.6667
17 5.47059
10 9.6
10 9.6
22 4.45455
10 9.6
3 38.3333
3 38.3333
3 38.3333
17 5.47059
6 16.6667
8 12.125
3 38.6667
4 27
5 20.8
7 14
8 12.25
9 10.5556
11 8.45455
12 7.75
13 7.15385
14 6.57143
24 4.20833
16 5.6875
15 6.13333
18 5.22222
19 5
20 4.8
21 4.61905
17 5.52941
22 4.5
23 4.43478
2 62
26 4.11538
6 16.8333
6 16.8333
6 16.8333
10 9.7
10 9.7
10 9.7
7 18.4286
18 6.66667
16 8
14 8.92857
12 10
13 10.3077
15 7.86667
18 6.77778
12 10.5
14 9.07143
14 9.07143
18 7.11111
12 10.6667
15 8.46667
14 8.57143
15 8.2
8 16.25
13 9.38462
13 9.07692
20 6.3
9 14.4444
15 8.4
18 6.61111
12 10.75
11 11.3636
14 8.21429
18 6.27778
13 10.8462
18 6.83333
13 9.61538
10 12.8
18 6
15 8.73333
17 7.94118
9 14.3333
17 7.47059
12 10.3333
