193573 530.074
1 53
31 2.29032
3 23.3333
17 6.88235
18 5.83333
7 11.2857
5 11.4
14 6.64286
7 11.2857
7 9.71429
3 23.3333
9 9.66667
14 9
3 28
5 12
9 7.55556
11 8.63636
17 6.88235
4 14.5
11 6.72727
4 14.5
8 9.625
10 8.6
8 9.625
11 8.45455
11 8.45455
20 5.3
9 7.44444
16 7.875
15 7.33333
6 12.5
13 6.61538
18 5.83333
17 6.35294
10 9.3
24 4.125
4 18.5
9 8.66667
30 2.9
4 15.75
5 11.4
4 16.25
10 8.5
9 7.55556
9 7.44444
10 8.5
9 7.22222
4 15.5
9 7.77778
12 7.66667
7 9.71429
7 11.4286
16 7.375
21 5.7619
6 12.1667
4 14
9 7.88889
24 4.125
5 12.2
2 28
30 2.9
8 8
10 6.8
5 11.4
4 15.5
9 7.22222
10 8.7
5 12.6
5 11.4
9 7.55556
13 6.46154
5 11.4
19 5.15789
4 17.25
9 9.66667
11 6.27273
7 11.4286
4 15.25
5 12.2
21 5.7619
8 8
13 7.07692
9 8.22222
7 8
2 28
9 7.55556
19 5.15789
4 17.5
9 7.66667
13 7.23077
11 7.63636
14 6.64286
5 11.6
18 6.16667
8 8.75
6 9.33333
7 11.4286
13 7.07692
8 8
11 7.63636
