38 0.06974
5 23.6
27 4.51852
6 18.5
10 12.1
12 8.75
8 14.5
21 5.19048
9 12
8 14.25
23 4.52174
13 8.38462
16 7.3125
16 7.0625
21 5.47619
16 8.3125
19 6.21053
16 6.9375
24 5.375
16 7
10 10.7
11 10.6364
7 17.1429
25 4.36
18 6.11111
14 9.5
20 5.95
25 4.28
10 12
11 11.3636
14 8.5
16 7.6875
23 5.30435
18 6.16667
12 9.25
6 16.8333
7 15.5714
11 9.72727
22 5.68182
13 8.38462
22 5.22727
24 4.25
16 7.125
17 6.88235
20 5.15
9 12.2222
26 3.92308
14 8.57143
26 4.69231
19 6.05263
11 10.5455
12 8.91667
14 8
15 9.06667
23 4.86957
21 5.57143
11 9
22 6.13636
19 5.78947
17 7.64706
13 10.6923
22 6.31818
23 5.52174
14 8.07143
12 9.5
28 3.64286
11 9.18182
26 4.19231
14 9
20 5.4
8 14.75
24 4.75
20 5.7
10 10.4
13 9.46154
20 6.35
21 5.57143
18 6.88889
10 11.2
16 7.0625
21 5.42857
22 6.45455
17 6.64706
12 10.1667
28 4.39286
27 4.40741
22 5.68182
22 4.59091
12 10.0833
21 6.2381
20 5.45
17 6.76471
8 13.375
22 5.59091
8 14.125
20 5.3
18 6.55556
10 10.7
13 7.69231
26 4.92308
9 12.4444
