776914 290.008
6 22.6667
26 3.61538
26 3.61538
11 9.54545
14 7.14286
13 7.76923
6 22.6667
9 12.6667
26 3.61538
12 8.5
24 3.79167
15 6.4
12 8.5
10 11
9 12.6667
18 5.11111
10 11
17 5.64706
17 5.64706
15 6.4
16 6.0625
18 5.11111
10 11
9 12.6667
16 6.0625
21 4.38095
21 4.38095
10 11
17 5.64706
10 11
21 4.38095
24 3.79167
9 12.6667
26 3.61538
13 7.76923
8 14.125
10 11
9 12.6667
12 8.5
21 4.38095
14 7.14286
6 22.6667
24 3.79167
10 11
9 12.6667
16 6.0625
21 4.38095
9 12.6667
12 8.5
24 3.79167
10 11
24 3.79167
10 11
21 4.38095
16 6.0625
9 12.6667
10 11
18 5.11111
15 6.4
17 5.64706
10 11
18 5.11111
9 12.6667
24 3.79167
15 6.4
13 7.76923
8 14.125
10 11
9 12.6667
12 8.5
21 4.38095
11 9.54545
14 7.14286
24 3.79167
9 12.6667
16 6.0625
21 4.38095
9 12.6667
13 7.76923
9 12.6667
9 12.6667
18 5.11111
20 4.5
26 3.61538
8 14.125
9 12.6667
22 4
10 11
10 11
9 12.6667
9 12.6667
9 12.6667
9 12.6667
19 4.84211
17 5.64706
24 3.79167
10 11
10 11
9 12.6667
10 11
