266284 600
1 47
31 1.51613
2 23.5
1 47
3 15.6667
2 23.5
4 11.75
3 15.6667
5 9.4
5 9.4
6 7.83333
7 6.71429
6 7.83333
8 5.875
4 11.75
8 5.875
9 5.22222
9 5.22222
10 4.7
11 4.27273
12 3.91667
11 4.27273
13 3.61538
14 3.35714
13 3.61538
15 3.13333
15 3.13333
16 2.9375
17 2.76471
16 2.9375
17 2.76471
19 2.47368
19 2.47368
20 2.35
20 2.35
22 2.13636
22 2.13636
23 2.04348
23 2.04348
24 1.95833
24 1.95833
25 1.88
26 1.80769
26 1.80769
27 1.74074
27 1.74074
28 1.67857
29 1.62069
28 1.67857
29 1.62069
30 1.56667
31 1.51613
30 1.56667
10 4.7
18 2.61111
7 6.71429
1 47
14 3.35714
25 1.88
21 2.2381
12 3.91667
4 11.75
21 2.2381
18 2.61111
7 6.71429
10 4.7
12 3.91667
14 3.35714
18 2.61111
18 2.61111
21 2.2381
21 2.2381
25 1.88
19 2.47368
4 11.75
3 15.6667
19 2.47368
9 5.22222
31 1.51613
8 5.875
21 2.2381
4 11.75
4 11.75
20 2.35
15 3.13333
7 6.71429
31 1.51613
2 23.5
5 9.4
2 23.5
7 6.71429
15 3.13333
13 3.61538
12 3.91667
19 2.47368
23 2.04348
16 2.9375
13 3.61538
10 4.7
21 2.2381
