17775 40.0038
22 2.31818
22 2.31818
3 17
3 17
4 12.75
5 10.2
4 12.75
6 8.5
5 10.2
7 7.28571
6 8.5
8 6.375
7 7.28571
20 2.55
9 5.66667
8 6.375
10 5.1
9 5.66667
11 4.63636
10 5.1
12 4.25
11 4.63636
13 3.92308
12 4.25
14 3.64286
13 3.92308
15 3.4
14 3.64286
20 2.55
16 3.1875
15 3.4
17 3
16 3.1875
18 2.83333
17 3
19 2.68421
18 2.83333
19 2.68421
22 2.31818
22 2.31818
22 2.31818
22 2.31818
22 2.31818
20 2.55
20 2.55
19 2.68421
19 2.68421
19 2.68421
19 2.68421
19 2.68421
19 2.68421
19 2.68421
19 2.68421
19 2.68421
18 2.83333
18 2.83333
18 2.83333
18 2.83333
18 2.83333
18 2.83333
18 2.83333
17 3
17 3
16 3.1875
16 3.1875
16 3.1875
15 3.4
14 3.64286
14 3.64286
14 3.64286
14 3.64286
13 3.92308
13 3.92308
13 3.92308
13 3.92308
12 4.25
12 4.25
11 4.63636
11 4.63636
11 4.63636
11 4.63636
10 5.1
10 5.1
10 5.1
9 5.66667
9 5.66667
8 6.375
8 6.375
8 6.375
7 7.28571
6 8.5
6 8.5
5 10.2
5 10.2
4 12.75
3 17
12 4.66667
10 5.2
11 4.72727
11 4.72727
