222062 290.021
1 43
31 1.3871
2 21.5
1 43
3 14.3333
2 21.5
4 10.75
3 14.3333
6 7.16667
5 8.6
7 6.14286
6 7.16667
8 5.375
5 8.6
4 10.75
8 5.375
9 4.77778
10 4.3
11 3.90909
11 3.90909
12 3.58333
13 3.30769
12 3.58333
13 3.30769
14 3.07143
14 3.07143
15 2.86667
15 2.86667
17 2.52941
16 2.6875
17 2.52941
18 2.38889
19 2.26316
19 2.26316
20 2.15
20 2.15
21 2.04762
21 2.04762
22 1.95455
22 1.95455
23 1.86957
23 1.86957
24 1.79167
24 1.79167
25 1.72
25 1.72
26 1.65385
27 1.59259
27 1.59259
28 1.53571
29 1.48276
29 1.48276
30 1.43333
31 1.3871
30 1.43333
26 1.65385
7 6.14286
4 10.75
18 2.38889
9 4.77778
5 8.6
16 2.6875
1 43
28 1.53571
10 4.3
7 6.14286
10 4.3
9 4.77778
16 2.6875
18 2.38889
26 1.65385
28 1.53571
14 3.07143
26 1.65385
19 2.26316
26 1.65385
5 8.6
17 2.52941
7 6.14286
19 2.26316
4 10.75
1 43
4 10.75
5 8.6
8 5.375
7 6.14286
4 10.75
3 14.3333
3 14.3333
2 21.5
22 1.95455
8 5.375
7 6.14286
9 4.77778
9 4.77778
10 4.3
1 43
22 1.95455
11 3.90909
2 21.5
