2 0.00862471
13 10.1538
24 5.29167
13 9.07692
11 11.7273
23 5.78261
17 7.88235
22 5.54545
22 5.68182
20 6.25
21 5.80952
18 6.83333
17 7.11765
20 6.6
15 8.6
21 5.71429
18 6.66667
21 6.04762
19 6
25 4.36
14 9.71429
12 10.1667
16 7.9375
16 7.4375
16 7.5
18 6.72222
20 6.2
18 6.66667
17 6.94118
24 5.41667
19 6.15789
20 6.2
20 6.2
22 5.63636
16 7.625
20 6.05
15 8.66667
20 6.45
18 6.94444
22 6.04545
16 8.125
25 5.12
20 6.8
16 8.3125
22 5.5
19 6.36842
13 9.76923
17 7.35294
19 6.78947
18 7.5
19 6.89474
19 6.73684
16 7.625
15 8.86667
20 6.65
19 6.52632
18 6.94444
18 7.77778
17 8.11765
26 5.15385
20 6.35
16 7.75
16 8
22 6.36364
19 6.31579
18 7.38889
18 6.44444
19 6.36842
14 8.28571
22 6.18182
13 10.5385
24 5.5
16 7.5
21 6.19048
18 7.38889
20 6.75
15 9.4
17 7.82353
19 6.63158
21 6.19048
23 5.34783
20 6.1
21 6.04762
17 7.88235
12 9.66667
17 7.47059
12 11.5
18 7
16 8.125
19 6.89474
15 8.73333
18 7.38889
24 5.58333
17 7.47059
20 6.5
18 7.94444
19 7.26316
22 6.54545
11 12.0909
16 8.25
19 6.78947
