184634 510.075
1 35
31 1.67742
4 8.75
6 5.83333
7 5
6 5.83333
1 35
6 5.83333
9 3.88889
5 8.2
4 8.75
6 5.83333
3 11.6667
3 11.6667
1 35
8 4.375
7 5
9 4
1 41
3 11.6667
1 36
6 5.83333
6 5.83333
9 4
3 11.6667
6 5.83333
8 4.375
1 35
7 5
4 8.75
28 1.85714
9 4
3 11.6667
8 4.375
6 5.83333
4 8.75
3 12
2 20.5
3 11.6667
18 7.05556
8 4.5
3 11.6667
2 17.5
5 7
3 11.6667
3 11.6667
5 8.2
5 8.2
1 39
6 5.83333
6 6.83333
4 8.75
4 8.75
6 5.83333
3 11.6667
6 6.66667
1 40
4 8.75
9 4
6 6.83333
4 8.75
7 5
5 8.2
3 11.6667
5 7.2
9 4
8 4.375
9 4
28 1.85714
9 3.88889
1 40
1 36
3 11.6667
8 4.5
6 6.83333
5 7
2 17.5
3 11.6667
3 11.6667
5 7.2
6 5.83333
9 4
6 6.66667
7 5
3 11.6667
5 7
6 5.83333
8 4.375
8 4.5
5 7
8 4.375
5 8.2
9 4
6 5.83333
5 7.2
6 5.83333
9 4
6 6.66667
5 8.2
5 8.2
