37890 230.071
3 37.3333
4 27
5 20.2
6 16.3333
8 12.125
9 10.3333
11 8.27273
16 5.5625
18 5.05556
21 4.52381
17 5.35294
20 4.85
22 4.36364
25 4.2
13 7.30769
14 6.78571
7 14.2857
7 14.2857
2 60.5
15 6.26667
23 4.30435
23 4.30435
14 6.78571
12 7.83333
15 6.26667
12 7.83333
12 7.83333
2 60.5
7 14.2857
10 9.6
10 9.6
15 6.26667
13 7.30769
4 27.25
5 21
6 16.8333
8 12.375
9 10.5556
11 8.72727
10 9.7
13 7.38462
17 5.47059
16 5.9375
21 4.61905
18 5.22222
20 4.9
23 4.34783
19 5.10526
22 4.54545
24 4.33333
3 37.6667
25 4.24
12 7.91667
12 7.91667
15 6.33333
15 6.33333
15 6.33333
15 6.33333
7 14.5714
7 14.5714
14 6.85714
14 6.85714
14 6.85714
7 19
17 7.35294
16 7.875
12 11.3333
14 8.64286
13 8.61538
12 11.0833
13 8.76923
13 9.38462
18 7.05556
9 13.6667
9 13.8889
11 10.1818
12 9.33333
10 12.4
17 7.52941
12 9.08333
17 7.58824
13 9.84615
8 16.125
17 7.94118
16 7.375
18 6.72222
15 8.53333
18 7.83333
16 6.5
13 9.61538
18 6.55556
12 10.9167
12 10.25
10 12.5
10 12.4
11 11
15 8.2
15 8.8
14 8.42857
10 12.1
