141744 90.0038
27 3.74074
7 19.1429
27 3.74074
9 13.4444
11 9.45455
10 11.5
10 11.5
21 4.14286
24 3.95833
9 13.4444
13 8.15385
25 3.92
14 7.21429
21 4.14286
7 19.1429
9 13.4444
16 6.3125
16 6.3125
19 5.15789
7 19.1429
11 9.45455
13 8.15385
10 11.5
19 5.15789
13 8.15385
19 5.15789
14 7.21429
27 3.74074
21 4.14286
9 13.4444
9 13.4444
10 11.5
14 7.21429
25 3.92
13 8.15385
27 3.74074
14 7.21429
16 6.3125
14 7.21429
10 11.5
9 13.4444
19 5.15789
24 3.95833
7 19.1429
14 7.21429
9 13.4444
10 11.5
16 6.3125
25 3.92
14 7.21429
7 19.1429
9 13.4444
9 13.4444
21 4.14286
11 9.45455
21 4.14286
14 7.21429
13 8.15385
19 5.15789
10 11.5
19 5.15789
16 6.3125
13 8.15385
9 13.4444
14 7.21429
24 3.95833
9 13.4444
14 7.21429
16 6.3125
9 13.4444
18 5.33333
16 6.3125
15 6.53333
24 3.95833
17 5.82353
19 5.15789
16 6.3125
12 9.08333
11 9.45455
9 13.4444
14 7.21429
9 13.4444
14 7.21429
21 4.14286
13 8.15385
15 6.53333
24 3.95833
19 5.15789
11 9.45455
14 7.21429
15 6.53333
25 3.92
20 4.85
21 4.14286
14 7.21429
10 11.5
9 13.4444
17 5.82353
9 13.4444
21 4.14286
