90660 400.07
4 26.75
5 20.8
6 16.6667
7 13.5714
9 10.4444
12 7.41667
11 8.54545
15 5.93333
13 6.92308
14 6.5
24 4.08333
18 5.16667
19 4.89474
16 5.6875
20 4.65
23 4.26087
22 4.45455
21 4.57143
26 4.03846
17 5.47059
8 12.25
8 12.25
3 38.3333
3 38.3333
3 38.3333
10 9.6
2 62
10 9.6
3 38.3333
10 9.6
8 12.25
2 62
17 5.47059
3 38.6667
4 27.25
5 21
6 16.8333
7 14
9 10.5556
11 8.63636
12 7.75
10 9.7
14 6.57143
15 6.13333
16 5.75
18 5.22222
19 5
20 4.8
21 4.61905
22 4.5
23 4.43478
24 4.41667
2 62.5
26 4.11538
25 4.24
25 4.24
13 7.15385
13 7.15385
8 12.375
8 12.375
17 5.52941
17 5.52941
11 10.4545
12 10.1667
12 10
13 9.92308
15 8.8
13 9.46154
17 7
17 8.17647
18 7.22222
11 12.4545
10 13.1
12 10.9167
13 9
14 9
15 8.2
14 9.28571
16 7.875
18 6.44444
14 9.5
12 10.3333
17 7.41176
14 8.78571
14 9.35714
16 7.75
16 7.75
13 10.0769
11 11.1818
16 7.125
18 7.27778
10 12.1
15 8.2
16 7.5625
18 7.05556
12 10.8333
12 10.9167
17 7.70588
18 7.11111
15 8.93333
