16260 10.0022
24 3.95833
12 9.08333
11 11.3636
11 11.3636
14 8.07143
10 12
12 9.08333
10 12
11 11.3636
14 8.07143
23 4.47826
16 6.5
17 5.58824
17 5.58824
15 7
13 8.61538
9 12.7778
10 12
13 8.61538
11 11.3636
24 3.95833
17 5.58824
18 5.55556
21 4.71429
13 8.61538
11 11.3636
17 5.58824
16 6.5
10 12
9 12.7778
19 5.42105
17 5.58824
19 5.42105
17 5.58824
19 5.42105
17 5.58824
13 8.61538
10 12
19 5.42105
14 8.07143
23 4.47826
23 4.47826
10 12
17 5.58824
16 6.5
11 11.3636
17 5.58824
13 8.61538
17 5.58824
13 8.61538
13 8.61538
10 12
17 5.58824
15 7
10 12
12 9.08333
9 12.7778
10 12
16 6.5
11 11.3636
13 8.61538
21 4.71429
18 5.55556
24 3.95833
13 8.61538
19 5.42105
13 8.61538
15 7
16 6.5
23 4.47826
12 9.08333
14 8.07143
11 11.3636
15 7
17 5.58824
10 12
13 8.61538
13 8.61538
13 8.61538
17 5.58824
11 11.3636
17 5.58824
23 4.47826
14 8.07143
19 5.42105
10 12
17 5.58824
19 5.42105
20 5.1
13 8.61538
17 5.58824
13 8.61538
11 11.3636
21 4.71429
17 5.58824
20 5.1
9 12.7778
28 3.89286
12 9.08333
24 3.95833
