39 0.115983
3 41.3333
12 8.66667
17 6.94118
5 21.8
12 11.25
19 5.26316
12 9.25
10 12.2
14 7.92857
21 5.47619
18 5.66667
13 9.30769
8 14.625
7 16.7143
17 6.17647
19 5.42105
5 25.6
18 6.94444
15 7.13333
25 4.92
20 5.95
18 5.22222
20 5.25
16 6.25
10 11.3
11 10.1818
17 7.35294
9 12.5556
11 11.6364
14 9.07143
6 19.1667
26 3.53846
21 6.04762
18 6.44444
20 4.55
11 11.3636
17 6.88235
16 6.3125
14 8.14286
27 5.14815
7 17.8571
11 10
16 7.0625
18 6.05556
21 6.04762
8 15.375
11 10.5455
13 8.69231
7 17.5714
20 6.2
21 5.28571
14 8.92857
19 5.94737
16 5.875
18 6.33333
5 25
7 17.1429
27 4.14815
22 5.27273
4 31.5
7 14.8571
12 8.58333
11 10.1818
6 18.1667
8 15.625
13 7.92308
17 6.64706
16 6.1875
12 8.75
19 7.10526
13 10.2308
7 17.8571
28 3.92857
15 8.46667
24 5
13 9.61538
13 8.61538
14 8
10 11.4
6 20.3333
14 9.57143
18 5.83333
17 7.41176
13 8.30769
14 7.85714
8 16.5
14 8.42857
12 9.41667
12 9.25
17 6.70588
12 10.0833
20 5.3
18 6.16667
11 11.4545
19 6.31579
19 4.47368
16 7.875
17 6.94118
10 13.4
18 6.16667
