56766 150.02
22 3.27273
1 48
25 2.04
5 9.6
7 10.1429
10 5.7
5 13.2
26 1.57692
7 13
23 2.30435
6 6.66667
10 8
4 13.5
6 10.1667
3 23.6667
11 6.27273
8 9.375
6 10.3333
9 4.44444
11 4.18182
15 3.33333
7 11.8571
25 1.56
16 3.625
19 2.36842
11 5.36364
11 7.63636
10 3.9
22 4.22727
6 14.6667
9 9.77778
12 5.41667
3 18.3333
29 1.37931
23 1.78261
24 2.08333
9 6.33333
8 6.875
29 1.41379
18 3.55556
14 4.28571
22 3.59091
15 4.2
7 7.57143
13 4.38462
21 3.14286
21 3.7619
14 4.35714
20 3.3
25 1.6
24 2.70833
27 1.85185
11 6.36364
13 5.84615
21 2.95238
15 3.53333
17 4.05882
12 4.75
29 1.37931
9 6.88889
19 2.68421
7 8.14286
16 4.3125
24 1.625
20 2.25
22 1.86364
20 2.05
14 2.85714
18 1.88889
17 2.94118
8 7.625
18 3.22222
4 12.25
2 24
13 3.92308
23 2.6087
10 7
1 48
2 26.5
4 15.5
25 1.6
1 50
3 16.3333
16 3.125
16 2.5
21 2.19048
15 4.13333
6 8
14 4
2 26.5
26 1.11538
13 3.69231
2 25.5
19 2.15789
20 2
15 4.46667
15 3.4
24 1.83333
23 1.78261
28 1.60714
