31265 190.066
3 38.6667
4 26.75
5 20.4
6 16.6667
7 14
9 10.6667
8 12.375
12 7.66667
15 6.13333
16 5.75
18 5.22222
21 4.57143
22 4.45455
19 5.05263
2 62.5
24 4.125
20 4.85
13 7.23077
14 6.64286
17 5.52941
10 9.6
11 8.63636
11 8.63636
10 9.6
17 5.52941
17 5.52941
14 6.64286
13 7.23077
14 6.64286
20 4.85
4 27.25
5 20.8
6 17
7 14.2857
8 12.5
11 8.72727
24 4.25
14 6.71429
15 6.2
13 7.30769
22 4.5
16 5.9375
18 5.38889
20 4.95
23 4.47826
3 39.3333
28 4.17857
9 10.8889
9 10.8889
9 10.8889
17 5.64706
17 5.64706
10 9.7
10 9.7
10 9.7
21 4.80952
12 7.75
19 5.15789
19 5.15789
12 7.75
21 4.80952
11 9.27273
9 12.8889
17 7.23529
19 6.68421
19 6.73684
18 6.72222
11 11.9091
11 11.0909
11 11.6364
8 15.25
21 5.71429
17 7.11765
21 5.95238
16 8.25
14 9.42857
19 6.68421
11 11.9091
18 6.83333
17 6.88235
14 7.92857
13 10.0769
13 10
13 9.69231
12 11.0833
11 11.2727
19 6.57895
14 8.85714
13 9.84615
13 9.38462
19 6.52632
14 9.14286
15 8.2
13 9.84615
17 7.29412
9 14
13 8.69231
12 10.1667
12 10.1667
15 8.26667
