16394 100.035
4 26.75
5 21
6 17.1667
8 12.125
10 9.4
9 10.8889
15 6.06667
23 4.26087
11 8.81818
14 6.78571
22 4.5
21 4.7619
26 4.19231
3 38.6667
27 4.18519
7 14.4286
20 4.9
17 5.64706
13 7.15385
13 7.15385
12 8
12 8
13 7.15385
18 5.33333
17 5.64706
20 4.9
19 5.15789
19 5.15789
16 5.8125
16 5.8125
18 5.33333
17 5.64706
17 5.64706
7 14.4286
4 28
5 21.4
6 17.5
7 14.5714
8 12.25
10 9.7
9 11
12 8.08333
13 7.23077
15 6.13333
14 6.85714
20 4.95
19 5.21053
3 39
25 4.28
16 5.875
17 5.70588
17 5.70588
18 5.44444
18 5.44444
16 5.875
21 4.80952
21 4.80952
22 4.54545
24 4.5
22 4.54545
24 4.5
11 9
11 9
14 9.14286
17 6.70588
16 7.625
13 9.76923
17 7.58824
11 11.7273
18 6.72222
15 7.93333
14 8.64286
16 7.75
14 8.42857
11 11.1818
10 13.4
17 7.17647
12 11.4167
16 7.6875
13 8.61538
14 9.28571
12 10.4167
14 8.42857
13 10
15 8.6
15 9.2
14 9.21429
11 11.6364
18 6.38889
14 8.78571
10 12.8
10 13.7
17 7.94118
14 7.78571
15 8.06667
15 8.2
15 9.13333
13 9.92308
15 8.33333
15 8.26667
