577962 400.015
7 20.8571
7 20.8571
29 3.58621
9 12.3333
12 8.91667
13 8
27 3.7037
15 6.13333
10 11.4
11 10.0909
20 4.55
23 3.91304
25 3.72
15 6.13333
14 7.07143
25 3.72
10 11.4
14 7.07143
29 3.58621
20 4.55
17 5.47059
17 5.47059
18 5.05556
11 10.0909
21 4.38095
17 5.47059
14 7.07143
19 4.89474
18 5.05556
11 10.0909
23 3.91304
22 4.13636
10 11.4
27 3.7037
19 4.89474
22 4.13636
27 3.7037
25 3.72
22 4.13636
19 4.89474
19 4.89474
10 11.4
19 4.89474
14 7.07143
25 3.72
25 3.72
23 3.91304
7 20.8571
11 10.0909
19 4.89474
19 4.89474
11 10.0909
11 10.0909
19 4.89474
11 10.0909
13 8
23 3.91304
18 5.05556
23 3.91304
22 4.13636
15 6.13333
19 4.89474
11 10.0909
21 4.38095
22 4.13636
18 5.05556
19 4.89474
10 11.4
22 4.13636
18 5.05556
14 7.07143
17 5.47059
21 4.38095
11 10.0909
22 4.13636
17 5.47059
20 4.55
29 3.58621
14 7.07143
15 6.13333
23 3.91304
11 10.0909
10 11.4
19 4.89474
11 10.0909
15 6.13333
23 3.91304
18 5.05556
13 8
15 6.13333
19 4.89474
11 10.0909
22 4.13636
11 10.0909
25 3.72
25 3.72
14 7.07143
19 4.89474
10 11.4
19 4.89474
