81386 140.013
1 38
31 1.58065
3 12.6667
7 5.42857
2 21.5
2 19
7 5.42857
7 5.42857
28 1.75
8 5.375
7 5.42857
6 6.33333
4 9.5
6 6.33333
7 5.42857
2 21.5
4 9.5
4 9.5
7 5.42857
7 5.42857
7 5.42857
7 5.42857
7 5.42857
4 12
7 5.42857
4 9.75
8 4.75
5 9.6
5 9.4
25 2.4
6 6.33333
5 7.6
5 7.6
7 5.42857
5 13.6
7 5.42857
7 5.42857
4 9.5
4 9.5
4 9.5
5 7.6
4 9.5
7 5.42857
6 8
7 5.42857
4 9.5
7 5.42857
8 4.75
8 4.75
2 19
6 6.33333
6 6.33333
8 5.375
6 6.33333
4 9.5
7 5.42857
5 9.4
27 1.81481
6 6.33333
8 4.75
6 6.33333
4 10.75
3 21.6667
7 5.42857
25 2.4
7 5.42857
4 9.5
4 10.75
4 11
7 5.42857
7 5.42857
4 12
6 6.33333
4 9.5
5 7.6
29 1.7931
28 1.75
7 5.42857
4 12
7 5.42857
4 9.75
5 7.6
4 11.75
7 5.42857
3 12.6667
4 10.75
23 4
28 2.25
7 5.42857
9 4.22222
3 16
4 9.5
2 24
7 5.42857
6 6.33333
7 5.42857
4 9.5
27 1.81481
7 5.42857
4 9.5
