113843 250.028
19 2.89474
19 2.89474
1 55
1 55
2 27.5
3 18.3333
2 27.5
4 13.75
3 18.3333
5 11
4 13.75
6 9.16667
5 11
7 7.85714
6 9.16667
8 6.875
7 7.85714
9 6.11111
8 6.875
10 5.5
9 6.11111
11 5
10 5.5
12 4.58333
11 5
13 4.23077
12 4.58333
14 3.92857
13 4.23077
15 3.66667
14 3.92857
16 3.4375
15 3.66667
17 3.23529
16 3.4375
18 3.05556
17 3.23529
18 3.05556
17 3.23529
16 3.4375
16 3.4375
15 3.66667
15 3.66667
15 3.66667
15 3.66667
15 3.66667
15 3.66667
15 3.66667
13 4.23077
13 4.23077
13 4.23077
12 4.58333
12 4.58333
11 5
11 5
11 5
11 5
11 5
10 5.5
9 6.11111
9 6.11111
9 6.11111
8 6.875
8 6.875
8 6.875
8 6.875
8 6.875
8 6.875
7 7.85714
6 9.16667
6 9.16667
6 9.16667
6 9.16667
5 11
5 11
3 18.3333
2 27.5
17 3.41176
3 20
5 11.2
6 9.33333
7 8.57143
5 11.2
15 3.73333
9 6.22222
10 5.7
11 5.09091
12 4.75
13 4.30769
14 4
8 7
8 7
15 3.86667
6 10.1667
12 5
8 7.5
10 6.2
9 6.66667
11 5.27273
8 7.5
