90406 400.057
3 37.3333
4 26.25
5 19.6
6 16.1667
8 11.875
9 10.2222
12 7.41667
14 6.28571
16 5.75
18 5.05556
13 7.07692
17 5.47059
22 4.40909
19 4.89474
24 4.25
23 4.34783
21 4.66667
2 58.5
25 3.96
20 4.7
10 9.3
15 6.2
11 8.45455
11 8.45455
7 14
7 14
15 6.2
10 9.3
20 4.7
3 37.6667
4 26.5
5 20.8
6 16.3333
8 12.125
9 10.6667
10 9.4
12 7.66667
11 8.54545
13 7.15385
14 6.64286
16 5.8125
18 5.27778
25 4.08
19 5
20 4.75
22 4.5
2 60.5
26 4.07692
15 6.26667
21 4.71429
15 6.26667
21 4.71429
21 4.71429
21 4.71429
7 14.1429
7 14.1429
24 4.375
23 4.3913
24 4.375
24 4.375
23 4.3913
17 5.58824
17 5.58824
11 11.3636
17 7.29412
12 10.6667
17 7.17647
16 8.1875
14 8.71429
18 6.88889
18 7.16667
8 15.375
15 8.26667
12 9.91667
12 10.0833
14 9.07143
16 7.1875
15 7.93333
10 11.4
15 7.8
12 9.83333
15 9
15 8.13333
14 8.64286
13 9.15385
15 8.33333
13 9.38462
18 6.5
13 9.30769
12 11.3333
12 10.25
12 9.41667
12 11
9 14.2222
9 13.1111
10 12.1
19 6.26316
12 10.0833
13 9.92308
15 8.4
