85341 520.161
3 36
4 25
5 19
6 16.6667
9 10.2222
10 9
12 7.5
23 4.17391
11 8.45455
13 7.07692
19 4.84211
15 6.2
17 5.58824
26 4.15385
2 56.5
27 4.07407
7 13.8571
18 5.22222
8 12
8 12
21 4.57143
14 6.57143
14 6.57143
14 6.57143
20 4.7
16 5.8125
22 4.40909
22 4.40909
18 5.22222
21 4.57143
18 5.22222
16 5.8125
20 4.7
21 4.57143
18 5.22222
7 13.8571
3 37.3333
4 25.75
5 20.2
6 16.8333
7 14.1429
8 12.125
9 10.6667
10 9.5
11 8.54545
12 7.75
13 7.15385
24 4.20833
15 6.26667
14 6.71429
19 4.89474
16 5.875
17 5.64706
20 4.75
23 4.47826
21 4.71429
2 58.5
26 4.19231
22 4.54545
22 4.54545
22 4.54545
18 5.33333
18 5.33333
12 10.3333
17 7.70588
14 8.85714
13 9.30769
18 7.5
12 10.3333
11 10.7273
11 11
12 10.5833
13 9.61538
13 9.46154
17 7.35294
11 11.2727
12 10
9 14.6667
18 7
11 11.2727
15 7.06667
13 9.38462
12 11.8333
11 11.7273
16 7.5
13 9.61538
14 9.07143
14 8.5
19 6.94737
11 11.0909
13 9.30769
14 8.64286
13 10.1538
16 7.5625
15 8.6
10 12.2
11 12
13 9.92308
15 7.93333
12 10.1667
