51818 140.021
17 6.70588
16 4.6875
31 2.06452
14 3.57143
22 2.59091
13 4.30769
5 11.2
8 6.125
11 6.09091
24 2.79167
9 7
2 27.5
22 2.18182
8 9.875
7 7.71429
11 4.72727
17 3.82353
19 2.78947
10 5.8
10 6.9
17 4.05882
26 2.61538
11 5.63636
29 1.68966
16 5.8125
20 2.75
16 4.3125
7 12
12 4.25
8 11.25
13 5.46154
7 9.57143
26 2.46154
14 6
20 2.4
21 2.52381
15 4.06667
24 4.125
26 3.19231
13 6.84615
22 3.18182
8 6
12 4.58333
25 2.08
17 5.64706
28 1.96429
7 10
17 4.88235
24 2.75
11 5.81818
26 2.57692
14 7.5
13 4.30769
30 1.66667
9 7.33333
2 29.5
7 12.4286
13 6.07692
17 3.29412
23 2.17391
21 3
20 3.35
8 7.875
14 6.21429
25 2.96
4 12.5
17 2.82353
16 4.1875
23 2.30435
30 1.93333
30 2.5
25 1.96
3 18.6667
24 2.625
8 10.75
15 3.46667
11 8
8 9.25
8 6.75
10 7
30 1.93333
3 23
13 4.53846
10 7.3
25 3.08
16 3.1875
6 11.8333
18 3.88889
14 6.64286
9 6.44444
12 5.66667
26 2.42308
12 7.25
22 2.59091
25 2.28
23 2.73913
19 4.47368
20 2.4
14 3.92857
20 3
