15 0.0465039
12 9.75
8 14.875
9 14.7778
14 9.64286
7 15.4286
9 11.2222
15 9.2
20 5.85
11 11.6364
7 16
14 9.5
17 6.70588
18 6.88889
8 16.25
8 14
14 8.21429
18 6.11111
18 6.72222
7 16.2857
10 11.9
10 12.7
6 21.6667
17 7.70588
3 38
19 6.42105
15 8.66667
15 8.26667
13 9.69231
19 6.94737
19 5.89474
7 17
15 7.86667
19 6.42105
22 5.31818
21 5.71429
8 14.5
23 6.30435
6 19.5
15 8.53333
14 9.28571
16 7.75
15 8.13333
12 9.41667
24 5.25
17 7.52941
15 9
25 4.84
11 11.5455
10 12.1
16 8.0625
14 8.57143
11 11.0909
17 7.23529
21 6.38095
14 9.5
14 7.35714
10 11.9
12 10.9167
23 5.34783
11 11.6364
15 7.93333
19 6.05263
8 13.875
18 6.83333
10 11.1
14 7.92857
14 7.92857
11 11.2727
10 13
15 9.2
12 10.25
15 8.73333
17 6.76471
10 12.1
16 6.375
19 7.21053
11 10.4545
10 12.1
5 25.2
24 5.04167
11 12.3636
14 9.42857
15 7.86667
12 9.08333
5 21.8
15 7.13333
19 6.21053
14 7.35714
14 9.07143
16 7.5625
6 18.8333
8 14.875
19 6.31579
11 11.3636
8 15.75
10 11.4
17 7
16 7
12 10.0833
7 16.5714
