228063 390.033
1 42
31 1.45161
5 9.6
5 8.6
8 5.5
8 6.875
10 7
4 10.5
4 10.75
8 6.25
4 11
2 25
7 6.28571
6 7.16667
7 6.28571
3 14.3333
7 6.28571
3 14.3333
7 6.28571
4 10.75
8 7
8 5.5
5 9.6
6 7.33333
4 10.5
6 7.16667
26 3.69231
3 14
7 6.28571
10 7
6 7.33333
6 7.33333
6 7.33333
5 8.8
8 7
8 5.5
8 5.5
5 8.6
7 6.28571
3 14.3333
7 6.28571
4 10.75
7 6.85714
7 6.28571
8 5.5
5 9.4
4 10.5
8 5.5
6 7.16667
5 8.8
4 10.75
7 6.28571
6 7.33333
7 6.28571
9 5.11111
4 10.5
5 9.4
2 25
4 10.5
4 10.75
7 6.14286
9 5.11111
4 10.5
7 6.85714
6 7.33333
5 8.8
7 6.28571
8 5.5
7 6.28571
4 10.75
7 6.28571
6 7.16667
8 6.875
5 8.8
3 16
6 7.33333
4 10.75
30 1.66667
3 14
5 8.8
30 1.66667
7 6.28571
5 9.6
3 14
5 9.6
6 7.33333
30 1.66667
3 14.3333
4 10.75
30 1.66667
3 14.3333
5 8.4
5 8.8
7 6.14286
6 7.33333
6 7.33333
8 5.5
4 11
4 10.5
8 5.5
