176544 310.029
1 78
31 2.77419
15 7.4
3 40.6667
15 7.4
26 4.57692
8 13.125
5 21.8
3 31
5 22.8
12 8.08333
5 23.6
11 9.18182
9 13.5556
6 19.3333
10 10.4
3 39
10 12.2
11 9.18182
6 20.5
9 12.2222
12 9.91667
26 4.57692
24 4.33333
12 8.83333
19 5.26316
25 4.76
10 10.3
12 9.58333
9 12.3333
15 8.4
10 12.6
12 9.91667
5 20.6
10 10.4
9 13.7778
5 24.8
10 9.9
10 11.1
9 11.4444
21 5.09524
7 13.4286
29 3.68966
6 16.8333
6 18
6 16.8333
9 11.8889
7 15.7143
23 5.6087
28 4.21429
8 12.25
6 21.1667
9 12.3333
8 13.125
5 21.8
3 31
11 9.54545
5 23.6
19 5.26316
4 30
4 30
7 13.4286
2 58.5
10 10.7
9 12.2222
10 10.7
5 20.6
4 28
5 20.6
16 6.875
10 12.2
3 39
21 5.09524
10 10.7
29 3.68966
5 22.6
25 5.08
25 4.76
13 7.84615
5 20.6
10 12.6
15 7.2
29 3.68966
29 3.68966
18 6.05556
12 8.08333
5 20.6
13 8.46154
4 30.75
7 16.2857
7 16.2857
30 3.43333
9 13.2222
3 40.6667
6 19.3333
16 6.875
9 13.2222
7 15.7143
9 11.8889
6 18
