49049 30.0024
9 13.4444
9 13.4444
28 4.03571
10 11.5
10 11.5
11 10
9 13.4444
26 4.07692
28 4.03571
12 9.16667
24 4.125
21 4.14286
13 8.15385
13 8.15385
16 6.3125
28 4.03571
18 5.44444
26 4.07692
14 7.21429
16 6.3125
17 5.94118
11 10
24 4.125
20 4.95
15 7
14 7.21429
20 4.95
19 5.15789
15 7
14 7.21429
24 4.125
12 9.16667
11 10
18 5.44444
19 5.15789
14 7.21429
9 13.4444
20 4.95
14 7.21429
19 5.15789
19 5.15789
11 10
28 4.03571
14 7.21429
9 13.4444
28 4.03571
19 5.15789
25 4.08
19 5.15789
11 10
10 11.5
14 7.21429
9 13.4444
21 4.14286
14 7.21429
12 9.16667
14 7.21429
14 7.21429
9 13.4444
11 10
28 4.03571
18 5.44444
9 13.4444
16 6.3125
24 4.125
11 10
9 13.4444
18 5.44444
12 9.16667
14 7.21429
15 7
19 5.15789
15 7
20 4.95
14 7.21429
11 10
17 5.94118
16 6.3125
26 4.07692
18 5.44444
28 4.03571
16 6.3125
21 4.14286
10 11.5
18 5.44444
28 4.03571
11 10
9 13.4444
14 7.21429
14 7.21429
12 9.16667
14 7.21429
16 6.3125
11 10
19 5.15789
19 5.15789
28 4.03571
9 13.4444
14 7.21429
28 4.03571
