126807 330.041
1 48
2 24
6 7.83333
28 1.5
20 2.45
31 1.51613
2 29
2 24.5
11 4.45455
5 8.4
10 4.2
7 7.71429
2 24
5 11.4
7 6
8 5.875
7 6.71429
5 9.6
14 3.71429
2 27
1 48
24 1.75
9 4.66667
5 11
24 2.125
15 3.4
14 2.92857
11 4.90909
5 9.8
24 2.16667
12 4.33333
1 53
21 2
10 4.2
22 1.86364
3 18.6667
17 3.11765
2 24.5
18 2.88889
9 5.33333
8 6.375
26 1.96154
7 7
2 26.5
19 2.89474
12 4.5
7 6.85714
13 3.23077
12 4.83333
9 4.66667
19 2.73684
10 5.4
12 4.83333
3 14.6667
13 4.07692
7 8
17 3.11765
8 6.625
5 8.4
11 4.63636
3 16
12 3.5
27 1.51852
18 3.72222
6 8.66667
3 16.3333
1 51
10 4.2
1 52
1 49
3 17.6667
8 6.125
16 3.1875
1 48
4 14.25
6 9.5
1 50
6 8.16667
6 8.66667
4 13
15 2.26667
5 10.4
1 48
3 17.6667
7 6
19 2.73684
21 2.47619
9 3.22222
3 16.6667
6 8.66667
2 25
1 53
1 53
7 7.57143
5 9.8
21 2.66667
3 20.6667
20 2.35
13 2.23077
2 29
