72310 320.044
3 37.6667
4 26.5
5 20.8
6 16.1667
8 11.875
9 10.2222
12 7.41667
14 6.28571
18 5.05556
16 5.8125
22 4.40909
20 4.7
19 4.89474
23 4.34783
21 4.66667
2 58.5
25 3.96
13 7.15385
17 5.58824
17 5.58824
17 5.58824
10 9.3
15 6.2
11 8.45455
17 5.58824
17 5.58824
11 8.45455
7 14
7 14
15 6.2
10 9.3
13 7.15385
3 38.6667
4 27.25
6 16.3333
8 12.125
10 9.4
12 7.66667
11 8.54545
14 6.64286
16 5.875
15 6.26667
18 5.27778
25 4.08
19 5
20 4.75
17 5.64706
22 4.54545
23 4.3913
24 4.375
2 60.5
26 4.07692
21 4.71429
9 10.7778
21 4.71429
9 10.7778
9 10.7778
7 14.1429
7 14.1429
5 21
5 21
13 7.23077
13 7.23077
15 8.8
16 8.0625
16 7.5625
11 11.0909
13 10.2308
13 10.3846
13 9.84615
16 7.875
14 8.5
14 8.71429
15 9.06667
11 11.0909
16 7.5625
13 10.1538
13 10.4615
13 8.84615
9 14.8889
15 7.73333
17 6.64706
17 7.76471
17 8
10 12.8
15 8.13333
18 6.61111
16 7.4375
12 10.0833
16 7.625
15 8.2
16 8.25
17 7.35294
16 7.75
13 9.76923
15 7.4
16 8.1875
15 8.26667
15 8.06667
15 8.33333
