208377 470.058
1 47
31 1.51613
1 47
2 23.5
3 15.6667
2 23.5
3 15.6667
4 11.75
4 11.75
6 7.83333
6 7.83333
7 6.71429
8 5.875
7 6.71429
5 9.4
9 5.22222
9 5.22222
11 4.27273
10 4.7
11 4.27273
13 3.61538
14 3.35714
13 3.61538
15 3.13333
16 2.9375
16 2.9375
17 2.76471
17 2.76471
18 2.61111
19 2.47368
19 2.47368
20 2.35
20 2.35
22 2.13636
21 2.2381
23 2.04348
22 2.13636
23 2.04348
24 1.95833
24 1.95833
25 1.88
25 1.88
26 1.80769
27 1.74074
28 1.67857
27 1.74074
29 1.62069
28 1.67857
30 1.56667
29 1.62069
5 9.4
31 1.51613
30 1.56667
2 23.5
26 1.80769
18 2.61111
8 5.875
15 3.13333
10 4.7
21 2.2381
12 3.91667
5 9.4
12 3.91667
5 9.4
1 47
14 3.35714
8 5.875
10 4.7
12 3.91667
12 3.91667
14 3.35714
15 3.13333
18 2.61111
21 2.2381
26 1.80769
10 4.7
6 7.83333
14 3.35714
13 3.61538
17 2.76471
12 3.91667
2 23.5
31 1.51613
16 2.9375
11 4.27273
2 23.5
1 47
15 3.13333
8 5.875
4 11.75
6 7.83333
7 6.71429
11 4.27273
17 2.76471
7 6.71429
24 1.95833
6 7.83333
20 2.35
2 23.5
29 1.62069
