67346 410.128
3 36
4 25
5 19
7 13.8571
6 16.6667
8 12
9 10.2222
10 9
12 7.5
13 7.07692
19 4.84211
15 6.2
17 5.58824
2 56.5
23 4.17391
21 4.57143
14 6.57143
14 6.57143
11 8.54545
14 6.57143
20 4.7
20 4.7
18 5.22222
11 8.54545
22 4.40909
22 4.40909
18 5.22222
21 4.57143
18 5.22222
16 5.8125
16 5.8125
3 37.3333
4 25.75
5 20.2
6 16.8333
7 14.1429
8 12.25
9 10.6667
10 9.5
12 7.75
13 7.15385
24 4.20833
15 6.26667
14 6.71429
16 5.875
19 5
20 4.85
21 4.71429
23 4.47826
2 63
26 4.19231
17 5.64706
22 4.54545
22 4.54545
18 5.33333
18 5.33333
17 5.64706
11 8.72727
11 8.72727
11 8.72727
11 8.72727
17 5.64706
17 5.64706
17 6.76471
11 11.6364
11 11.9091
12 10.5833
13 10.2308
17 7.70588
15 7.8
12 10.25
18 7.33333
16 8.0625
17 7.58824
13 10.6154
18 7.33333
17 7.58824
15 8.93333
15 9.06667
10 13
11 11.6364
16 7.8125
12 10.75
14 9.42857
15 8.4
12 9.75
14 9.42857
16 7.8125
15 7.86667
18 7
13 10.1538
15 7.93333
16 7.625
20 6.35
12 11.5
18 6.61111
11 10.1818
15 8.6
10 12.1
14 8.71429
