312293 460.031
31 1.3871
1 43
1 43
2 21.5
2 21.5
3 14.3333
3 14.3333
4 10.75
5 8.6
5 8.6
6 7.16667
7 6.14286
8 5.375
7 6.14286
4 10.75
9 4.77778
8 5.375
9 4.77778
11 3.90909
10 4.3
12 3.58333
11 3.90909
13 3.30769
14 3.07143
13 3.30769
14 3.07143
15 2.86667
16 2.6875
15 2.86667
16 2.6875
17 2.52941
17 2.52941
18 2.38889
19 2.26316
18 2.38889
20 2.15
21 2.04762
20 2.15
22 1.95455
23 1.86957
22 1.95455
24 1.79167
24 1.79167
25 1.72
26 1.65385
26 1.65385
28 1.53571
27 1.59259
28 1.53571
29 1.48276
29 1.48276
30 1.43333
6 7.16667
30 1.43333
31 1.3871
4 10.75
10 4.3
6 7.16667
21 2.04762
27 1.59259
23 1.86957
4 10.75
2 21.5
1 43
25 1.72
19 2.26316
12 3.58333
10 4.3
12 3.58333
19 2.26316
21 2.04762
23 1.86957
25 1.72
27 1.59259
26 1.65385
2 21.5
25 1.72
8 5.375
29 1.48276
1 43
15 2.86667
23 1.86957
4 10.75
6 7.16667
27 1.59259
24 1.79167
14 3.07143
15 2.86667
26 1.65385
7 6.14286
7 6.14286
23 1.86957
18 2.38889
11 3.90909
2 21.5
20 2.15
12 3.58333
5 8.6
20 2.15
14 3.07143
