114310 260.036
1 46
1 46
31 1.48387
2 23
3 15.3333
2 23
3 15.3333
4 11.5
5 9.2
5 9.2
6 7.66667
6 7.66667
7 6.57143
8 5.75
4 11.5
9 5.11111
8 5.75
11 4.18182
10 4.6
11 4.18182
12 3.83333
12 3.83333
13 3.53846
13 3.53846
14 3.28571
15 3.06667
16 2.875
15 3.06667
17 2.70588
17 2.70588
18 2.55556
19 2.42105
20 2.3
19 2.42105
20 2.3
21 2.19048
22 2.09091
21 2.19048
22 2.09091
23 2
24 1.91667
25 1.84
24 1.91667
25 1.84
26 1.76923
27 1.7037
27 1.7037
28 1.64286
28 1.64286
29 1.58621
29 1.58621
30 1.53333
31 1.48387
30 1.53333
4 11.5
1 46
23 2
4 11.5
7 6.57143
16 2.875
10 4.6
14 3.28571
9 5.11111
26 1.76923
2 23
18 2.55556
7 6.57143
9 5.11111
10 4.6
14 3.28571
16 2.875
18 2.55556
23 2
26 1.76923
6 7.66667
25 1.84
12 3.83333
21 2.19048
31 1.48387
11 4.18182
15 3.06667
3 15.3333
2 23
7 6.57143
14 3.28571
2 23
18 2.55556
2 23
31 1.48387
6 7.66667
11 4.18182
17 2.70588
4 11.5
14 3.28571
2 23
5 9.2
2 23
9 5.11111
22 2.09091
6 7.66667
