27982 170.043
4 27
6 16.8333
7 14.4286
15 5.66667
9 10.4444
20 4.55
12 7.75
13 7.23077
24 4.33333
22 4.45455
23 4.43478
2 57
25 4.2
18 5.44444
14 6.71429
18 5.44444
18 5.44444
17 5.52941
10 9.6
19 5.05263
8 12.375
3 37.3333
5 21.4
3 37.3333
18 5.44444
8 12.375
8 12.375
18 5.44444
11 8.63636
14 6.71429
18 5.44444
5 21.4
18 5.44444
5 21.4
14 6.71429
19 5.05263
17 5.52941
10 9.6
11 8.63636
3 39
4 27.75
5 21.6
6 17
7 14.5714
8 12.5
9 10.7778
11 8.72727
12 7.83333
13 7.30769
14 6.78571
15 6.26667
19 5.15789
22 4.59091
16 5.9375
17 5.64706
21 4.7619
18 5.5
2 59
24 4.41667
20 5
10 9.7
10 9.7
20 5
15 9.06667
17 7.70588
15 8.2
15 8.33333
11 10.1818
12 11.4167
11 10.6364
12 10.6667
14 8.42857
11 11.2727
14 9.28571
12 9.91667
8 16.875
14 8.85714
19 6.36842
16 7.125
16 7.8125
16 8
12 10.5
12 9.33333
12 10.5
13 10.0769
13 9.84615
12 11.0833
10 12.2
13 8.92308
15 8.46667
11 11.7273
18 6.61111
17 7.11765
13 9.46154
9 12.5556
15 8.46667
14 8.21429
13 8.92308
16 8
11 11.4545
