46162 280.072
3 36.3333
4 25.25
5 20.8
6 16.6667
8 11.875
9 10.4444
10 9.4
11 8.36364
12 7.58333
14 6.42857
16 5.875
22 4.36364
18 5.11111
26 4.11538
15 6.2
19 4.89474
20 4.75
24 4.25
21 4.66667
23 4.30435
2 58
28 4.10714
17 5.41176
7 14.1429
13 7.15385
13 7.15385
7 14.1429
17 5.41176
4 26.5
5 21
6 17
7 14.2857
8 12.125
9 10.6667
10 9.5
11 8.45455
14 6.5
12 7.75
13 7.23077
18 5.22222
16 5.9375
20 4.8
15 6.26667
22 4.59091
25 4.28
26 4.26923
2 65.5
27 4.25926
23 4.34783
19 5.05263
17 5.58824
17 5.58824
17 5.58824
23 4.34783
21 4.71429
21 4.71429
21 4.71429
3 39
19 5.05263
3 39
14 6.64286
8 14.375
9 12.6667
16 7.875
6 22.3333
19 6.84211
17 8.05882
12 10.25
18 7.22222
16 7.8125
10 13.2
15 8.73333
12 10.6667
16 8.3125
11 12.0909
20 6.65
17 7.29412
15 7.8
12 9.58333
12 9.91667
13 9.46154
11 11
16 8
19 6.73684
15 7.86667
16 7.1875
14 9.21429
16 8.375
14 8.42857
16 7.75
19 6.94737
15 7.86667
16 8.25
13 9.38462
15 8.4
13 9.69231
15 7.73333
16 7.125
16 8.25
10 11.5
