52534 120.015
1 47
1 47
31 1.51613
2 23.5
3 15.6667
2 23.5
3 15.6667
4 11.75
4 11.75
5 9.4
5 9.4
6 7.83333
7 6.71429
7 6.71429
8 5.875
9 5.22222
10 4.7
9 5.22222
11 4.27273
10 4.7
12 3.91667
12 3.91667
13 3.61538
13 3.61538
14 3.35714
14 3.35714
15 3.13333
15 3.13333
16 2.9375
17 2.76471
17 2.76471
19 2.47368
19 2.47368
21 2.2381
20 2.35
21 2.2381
22 2.13636
22 2.13636
24 1.95833
23 2.04348
24 1.95833
25 1.88
25 1.88
26 1.80769
27 1.74074
26 1.80769
28 1.67857
28 1.67857
29 1.62069
30 1.56667
29 1.62069
30 1.56667
31 1.51613
8 5.875
18 2.61111
4 11.75
20 2.35
6 7.83333
18 2.61111
1 47
16 2.9375
23 2.04348
27 1.74074
11 4.27273
6 7.83333
8 5.875
11 4.27273
16 2.9375
18 2.61111
18 2.61111
20 2.35
23 2.04348
27 1.74074
3 15.6667
10 4.7
10 4.7
28 1.67857
15 3.13333
12 3.91667
26 1.80769
12 3.91667
24 1.95833
8 5.875
2 23.5
26 1.80769
7 6.71429
22 2.13636
7 6.71429
5 9.4
4 11.75
13 3.61538
31 1.51613
18 2.61111
5 9.4
6 7.83333
9 5.22222
26 1.80769
10 4.7
13 3.61538
24 1.95833
