82441 140.011
1 45
31 1.35484
6 7.66667
7 6.57143
5 9.6
5 10.2
2 23.5
8 5.75
4 13.25
5 9.2
9 5.22222
4 12.25
5 9.2
9 5.22222
9 5.22222
4 11.75
7 6.85714
29 1.62069
9 5.11111
8 5.75
8 5.875
5 10.4
29 1.62069
28 4.14286
9 5.33333
5 10.2
6 7.83333
7 6.71429
7 6.57143
8 5.875
7 6.57143
2 23.5
1 47
1 47
9 5.22222
7 6.57143
5 10.4
29 1.62069
9 5.22222
8 5.875
5 10.2
5 9.4
9 5.22222
24 4.16667
7 6.85714
5 12
7 6.71429
7 6.57143
6 8.83333
5 10.2
5 9.2
5 9.4
8 5.75
4 13.25
6 9
4 12.25
9 5.22222
7 6.71429
5 9.4
8 5.875
4 11.75
6 7.66667
29 1.44828
5 9.4
9 5.22222
7 6.57143
6 7.83333
8 5.875
5 10.8
9 5.22222
9 5.22222
9 5.22222
9 5.22222
6 7.66667
29 1.62069
5 9.2
6 10
5 10.2
9 5.22222
6 8
6 7.66667
29 1.44828
7 6.57143
6 7.83333
6 7.83333
8 5.875
24 4.16667
8 5.875
9 5.22222
9 5.22222
9 5.22222
5 10.2
4 11.75
5 9.2
7 6.71429
8 5.875
5 9.2
9 5.22222
9 5.22222
5 9.2
