8304 50.0153
3 39.3333
4 26.75
5 21
6 17
7 14.7143
9 10.4444
8 12.625
23 4.30435
13 7.15385
11 8.72727
10 9.6
12 8.08333
17 5.41176
14 6.64286
16 6
20 4.95
15 6.4
18 5.33333
2 58
28 4.10714
21 4.85714
19 5.21053
22 4.68182
22 4.68182
19 5.21053
21 4.85714
4 27.5
5 22
6 17.3333
7 14.8571
9 10.6667
8 12.875
10 9.7
11 8.90909
14 6.71429
12 8.16667
13 7.46154
22 4.72727
25 4.36
23 4.56522
24 4.54167
3 40.6667
26 4.34615
15 6.46667
18 5.44444
18 5.44444
18 5.44444
18 5.44444
19 5.26316
19 5.26316
21 4.95238
21 4.95238
15 6.46667
20 5.05
20 5.05
20 5.05
20 5.05
20 5.05
16 6.0625
16 6.0625
16 6.0625
17 5.76471
17 5.76471
16 8.0625
15 8.13333
15 8.8
19 6.47368
16 7.5
18 6.77778
11 9.90909
13 9.76923
16 8.3125
14 9.5
13 9.61538
17 7.17647
11 11.3636
16 7.375
12 10.5
15 7.93333
10 11.9
10 12
12 11.25
10 11.9
15 8.33333
15 8.2
11 11.5455
17 7.23529
16 7.4375
14 8.92857
13 8.53846
12 10.5
18 7.05556
12 10.6667
14 9.21429
15 8.46667
13 9.76923
13 9.38462
15 8.26667
16 7.875
15 7.66667
