266330 600
31 1.51613
1 47
1 47
2 23.5
3 15.6667
2 23.5
4 11.75
3 15.6667
6 7.83333
5 9.4
7 6.71429
6 7.83333
8 5.875
4 11.75
5 9.4
8 5.875
9 5.22222
10 4.7
9 5.22222
11 4.27273
11 4.27273
12 3.91667
13 3.61538
14 3.35714
13 3.61538
14 3.35714
15 3.13333
16 2.9375
15 3.13333
17 2.76471
17 2.76471
19 2.47368
19 2.47368
20 2.35
20 2.35
21 2.2381
22 2.13636
22 2.13636
23 2.04348
24 1.95833
24 1.95833
25 1.88
25 1.88
27 1.74074
26 1.80769
27 1.74074
28 1.67857
29 1.62069
30 1.56667
29 1.62069
30 1.56667
31 1.51613
16 2.9375
5 9.4
23 2.04348
21 2.2381
10 4.7
26 1.80769
18 2.61111
7 6.71429
18 2.61111
3 15.6667
12 3.91667
1 47
28 1.67857
4 11.75
7 6.71429
10 4.7
12 3.91667
16 2.9375
18 2.61111
18 2.61111
21 2.2381
23 2.04348
26 1.80769
28 1.67857
15 3.13333
8 5.875
9 5.22222
1 47
21 2.2381
4 11.75
12 3.91667
25 1.88
23 2.04348
3 15.6667
10 4.7
15 3.13333
24 1.95833
5 9.4
20 2.35
5 9.4
5 9.4
8 5.875
27 1.74074
7 6.71429
27 1.74074
16 2.9375
11 4.27273
21 2.2381
