36644 100.013
1 56
31 2.45161
10 9.2
9 9.33333
14 9.42857
9 8.77778
14 9.64286
5 14.8
4 23.75
10 8.5
5 16.2
8 11
5 19.4
11 8
14 9.64286
7 12
4 14.75
14 8.28571
31 2.58065
31 2.58065
23 4.69565
9 10.1111
10 9.2
4 14.75
6 13.5
10 7.8
5 13.8
10 8.5
19 5.68421
6 12.3333
8 9.625
10 9.2
8 11.875
10 7.6
3 32
23 4.69565
20 6
18 6.5
6 15.1667
18 6.5
6 13.5
6 15.5
9 10.6667
3 32
10 7.5
9 9.44444
5 14.4
6 14.8333
7 13.7143
5 16.2
6 12.3333
9 8.77778
7 12.4286
9 8.66667
4 14.75
4 23.75
10 7.8
10 8.5
5 13.8
21 5.42857
4 20.75
10 8.1
10 9.2
6 14.1667
12 10.6667
7 13.1429
5 20.8
10 10.1
7 9.85714
9 8.66667
7 10.8571
9 9.33333
13 8.76923
7 13.7143
6 17
7 12.1429
9 9.44444
6 12.3333
10 7.6
9 10.5556
5 19.4
10 10.5
4 20.75
15 6.8
9 10.1111
19 5.68421
9 10.5556
10 8.5
4 14.75
7 9.85714
20 6
7 14.2857
9 8.66667
7 12.4286
7 12
16 6.375
7 12.1429
5 14.8
6 13
5 20.8
