123658 340.051
1 42
31 1.45161
6 7.33333
6 7.5
26 1.96154
8 5.5
29 1.75862
3 15
5 10
5 8.8
4 12.25
5 10
5 8.8
8 5.625
8 5.5
5 9.2
5 9.8
6 7.5
5 8.6
2 21
8 6.125
4 11
6 7.16667
5 8.8
3 14.6667
10 4.5
2 21
5 8.8
5 9.8
5 9
5 9
5 9
5 9
7 6.14286
5 9
8 5.625
5 8.8
5 8.6
9 5.22222
8 5.5
6 8.5
8 5.625
4 12.25
8 6.875
7 6.28571
6 7.16667
4 13.75
5 8.6
5 9.8
8 5.5
6 7.16667
7 6.14286
7 6.14286
4 11.25
5 9
11 4
9 5.22222
5 8.8
5 9.2
27 1.88889
26 1.96154
8 6.125
11 4
6 7.33333
8 6.75
7 6.14286
5 10
5 9.8
8 5.375
5 8.8
25 2.04
5 8.8
27 1.88889
5 8.6
5 8.8
8 5.625
7 6.14286
10 4.4
8 5.5
9 4.88889
7 7
6 7.16667
7 6.14286
4 13.75
6 7.33333
10 5.4
8 5.625
4 11.25
6 7.33333
7 6.28571
7 6.28571
5 8.8
7 6.85714
6 7.33333
7 7.28571
6 7.33333
8 5.375
25 2.04
7 6.14286
5 10
