208691 360.032
1 38
31 1.58065
3 12.6667
3 12.6667
6 7.16667
6 6.33333
4 9.5
9 4.22222
9 4.22222
4 9.5
26 4
4 10.75
3 12.6667
4 9.5
3 14.3333
9 4.22222
2 19
6 7.16667
15 3.93333
7 5.42857
3 12.6667
6 7.16667
9 4.77778
9 4.22222
10 4.7
4 9.5
7 6.14286
7 6.14286
7 5.42857
7 5.42857
4 9.5
6 6.33333
4 10.75
6 7.16667
7 6.14286
3 12.6667
9 4.77778
6 6.33333
6 6.33333
2 19
8 4.75
4 9.5
4 9.5
7 6.14286
6 7.16667
12 4
3 14.3333
6 6.33333
3 12.6667
26 1.88462
28 1.75
3 12.6667
27 1.81481
6 6.33333
3 12.6667
28 1.78571
3 12.6667
4 9.5
4 10.75
4 10.75
9 4.22222
12 4
15 3.93333
2 19
25 1.96
7 5.42857
4 9.5
2 19
29 1.72414
3 12.6667
8 4.75
7 6.14286
6 6.33333
7 6.14286
6 6.33333
8 4.75
4 9.5
3 12.6667
6 9.66667
4 9.5
3 12.6667
3 12.6667
6 6.33333
8 4.75
8 4.75
3 13
3 12.6667
2 19
10 3.8
3 12.6667
3 12.6667
3 12.6667
10 4.7
3 12.6667
4 9.5
7 5.42857
4 12
9 4.22222
4 9.5
27 1.81481
