82187 500.144
3 37
4 26.25
5 19.8
6 16
8 11.75
7 14
10 9.2
9 10.5556
11 8.18182
14 6.5
18 5
16 5.6875
15 6.13333
19 4.78947
2 58
24 4.16667
22 4.45455
17 5.47059
22 4.45455
22 4.45455
13 7.15385
20 4.7
21 4.52381
23 4.34783
13 7.15385
17 5.47059
12 7.75
23 4.34783
21 4.52381
12 7.75
20 4.7
13 7.15385
20 4.7
4 27
5 20.8
6 16.3333
8 11.875
7 14.1429
10 9.4
9 10.6667
12 7.83333
14 6.64286
15 6.2
19 4.84211
23 4.3913
20 4.75
21 4.66667
24 4.20833
17 5.52941
13 7.23077
13 7.23077
16 5.875
17 5.52941
22 4.54545
22 4.54545
16 5.875
3 39
18 5.11111
18 5.11111
11 8.63636
11 8.63636
11 8.63636
3 39
14 8.92857
14 9
13 8.61538
13 10.3077
16 8.1875
11 11.1818
19 6.63158
14 9.35714
14 9.42857
16 7.0625
9 13.1111
13 10.0769
12 10.3333
14 7.71429
13 9.92308
17 7.11765
10 13.1
17 7.05882
15 8.73333
14 8.35714
15 7.66667
13 9.61538
12 9.58333
12 9.91667
14 8.64286
13 9.84615
17 7.47059
21 5.33333
19 6.42105
16 7.8125
15 8.26667
9 13.5556
11 11.5455
9 14.6667
15 7.93333
11 11.2727
10 12.9
