26693 60.0102
31 1.45161
1 45
1 45
2 22.5
3 15
2 22.5
3 15
4 11.25
5 9
6 7.5
5 9
6 7.5
7 6.42857
7 6.42857
4 11.25
9 5
9 5
10 4.5
11 4.09091
12 3.75
13 3.46154
12 3.75
14 3.21429
15 3
14 3.21429
16 2.8125
15 3
17 2.64706
16 2.8125
18 2.5
17 2.64706
18 2.5
19 2.36842
20 2.25
19 2.36842
20 2.25
21 2.14286
22 2.04545
23 1.95652
22 2.04545
23 1.95652
24 1.875
25 1.8
26 1.73077
25 1.8
26 1.73077
27 1.66667
28 1.60714
29 1.55172
28 1.60714
29 1.55172
30 1.5
30 1.5
31 1.45161
10 4.5
21 2.14286
13 3.46154
4 11.25
24 1.875
1 45
2 22.5
27 1.66667
8 5.625
4 11.25
8 5.625
11 4.09091
8 5.625
8 5.625
10 4.5
11 4.09091
13 3.46154
21 2.14286
24 1.875
27 1.66667
8 5.625
8 5.625
3 15
7 6.42857
3 15
2 22.5
2 22.5
22 2.04545
5 9
15 3
24 1.875
12 3.75
29 1.55172
1 45
13 3.46154
4 11.25
9 5
29 1.55172
5 9
16 2.8125
5 9
8 5.625
6 7.5
27 1.66667
26 1.73077
3 15
