130249 170.014
1 47
31 1.51613
1 47
2 23.5
2 23.5
3 15.6667
4 11.75
3 15.6667
4 11.75
5 9.4
7 6.71429
6 7.83333
7 6.71429
5 9.4
9 5.22222
10 4.7
9 5.22222
10 4.7
11 4.27273
12 3.91667
13 3.61538
13 3.61538
14 3.35714
15 3.13333
14 3.35714
15 3.13333
16 2.9375
17 2.76471
17 2.76471
18 2.61111
19 2.47368
19 2.47368
20 2.35
21 2.2381
21 2.2381
23 2.04348
22 2.13636
23 2.04348
24 1.95833
24 1.95833
25 1.88
25 1.88
26 1.80769
27 1.74074
27 1.74074
28 1.67857
29 1.62069
28 1.67857
30 1.56667
6 7.83333
31 1.51613
30 1.56667
22 2.13636
8 5.875
3 15.6667
18 2.61111
11 4.27273
16 2.9375
8 5.875
5 9.4
20 2.35
1 47
6 7.83333
12 3.91667
26 1.80769
29 1.62069
8 5.875
8 5.875
11 4.27273
12 3.91667
16 2.9375
18 2.61111
20 2.35
22 2.13636
26 1.80769
29 1.62069
13 3.61538
11 4.27273
20 2.35
21 2.2381
24 1.95833
17 2.76471
13 3.61538
19 2.47368
14 3.35714
8 5.875
2 23.5
6 7.83333
15 3.13333
7 6.71429
4 11.75
12 3.91667
4 11.75
7 6.71429
5 9.4
7 6.71429
9 5.22222
6 7.83333
18 2.61111
5 9.4
