29108 50.006
1 78
30 2.3
30 3.86667
18 6.33333
13 8.07692
9 13.3333
4 26
30 3.96667
7 18.7143
11 10.3636
10 10.8
21 5.33333
7 15.4286
7 13.7143
16 7.5
11 9.63636
6 19.1667
8 13.875
10 11.8
17 7.47059
11 9.54545
8 13.5
7 18.7143
23 4.65217
9 11.6667
11 10.7273
9 11.7778
7 16.5714
17 6.64706
9 13.1111
6 19.1667
6 17.3333
17 7.11765
19 5.73684
6 18
6 17.3333
14 7.5
30 3.86667
10 11.2
19 5.73684
13 8.15385
9 12.4444
16 6.8125
7 15.5714
4 20.75
11 9.72727
9 11.2222
7 15.8571
7 17.1429
13 8.15385
7 14.7143
21 5.33333
6 17.3333
6 19
8 13.75
7 15.5714
8 13.875
30 3.96667
9 13.3333
9 13.4444
9 12.8889
10 10.2
10 10.2
9 11.2222
8 13.5
8 14.625
14 7.5
16 7.5
15 6.93333
7 17
13 8.15385
17 7.05882
7 15.4286
16 7.5625
3 31.6667
7 15
10 11.9
3 31.6667
18 6
17 7.05882
8 14.625
7 13.8571
3 33.6667
18 5.77778
6 18.1667
10 11.8
11 10.3636
13 8.07692
30 3.13333
17 7.05882
10 10.6
9 12.8889
11 9.72727
8 14.125
15 7.93333
9 13.1111
9 13.1111
15 8
6 18
10 11.2
