168660 360.039
31 1.48387
1 46
2 23
1 46
3 15.3333
2 23
3 15.3333
4 11.5
5 9.2
4 11.5
5 9.2
6 7.66667
7 6.57143
6 7.66667
8 5.75
7 6.57143
8 5.75
9 5.11111
10 4.6
10 4.6
11 4.18182
12 3.83333
11 4.18182
13 3.53846
12 3.83333
13 3.53846
14 3.28571
14 3.28571
15 3.06667
16 2.875
17 2.70588
16 2.875
18 2.55556
18 2.55556
20 2.3
21 2.19048
20 2.3
22 2.09091
22 2.09091
23 2
24 1.91667
25 1.84
24 1.91667
26 1.76923
27 1.7037
26 1.76923
28 1.64286
28 1.64286
29 1.58621
30 1.53333
30 1.53333
31 1.48387
21 2.19048
23 2
4 11.5
17 2.70588
9 5.11111
19 2.42105
1 46
3 15.3333
29 1.58621
15 3.06667
25 1.84
27 1.7037
19 2.42105
9 5.11111
15 3.06667
17 2.70588
19 2.42105
19 2.42105
21 2.19048
23 2
25 1.84
27 1.7037
29 1.58621
12 3.83333
4 11.5
15 3.06667
26 1.76923
20 2.3
14 3.28571
3 15.3333
3 15.3333
1 46
24 1.91667
31 1.48387
12 3.83333
2 23
2 23
10 4.6
9 5.11111
3 15.3333
8 5.75
4 11.5
3 15.3333
19 2.42105
9 5.11111
3 15.3333
31 1.48387
18 2.55556
