375020 600.001
31 1.3871
1 43
1 43
2 21.5
3 14.3333
2 21.5
4 10.75
3 14.3333
4 10.75
6 7.16667
7 6.14286
7 6.14286
5 8.6
8 5.375
9 4.77778
9 4.77778
10 4.3
11 3.90909
12 3.58333
13 3.30769
12 3.58333
13 3.30769
14 3.07143
14 3.07143
15 2.86667
16 2.6875
16 2.6875
17 2.52941
17 2.52941
18 2.38889
19 2.26316
19 2.26316
20 2.15
20 2.15
21 2.04762
21 2.04762
22 1.95455
23 1.86957
23 1.86957
24 1.79167
25 1.72
25 1.72
27 1.59259
26 1.65385
28 1.53571
27 1.59259
28 1.53571
29 1.48276
30 1.43333
29 1.48276
6 7.16667
5 8.6
30 1.43333
31 1.3871
5 8.6
8 5.375
18 2.38889
15 2.86667
24 1.79167
6 7.16667
10 4.3
22 1.95455
1 43
3 14.3333
11 3.90909
26 1.65385
5 8.6
8 5.375
10 4.3
11 3.90909
15 2.86667
18 2.38889
22 1.95455
24 1.79167
26 1.65385
14 3.07143
8 5.375
13 3.30769
9 4.77778
14 3.07143
16 2.6875
4 10.75
18 2.38889
5 8.6
11 3.90909
12 3.58333
8 5.375
28 1.53571
11 3.90909
4 10.75
25 1.72
24 1.79167
5 8.6
2 21.5
5 8.6
1 43
3 14.3333
20 2.15
20 2.15
20 2.15
