77271 470.132
4 26.25
5 19.8
6 16
8 11.75
7 14
10 9.2
9 10.5556
11 8.18182
14 6.5
16 5.6875
15 6.13333
19 4.78947
17 5.47059
2 58
24 4.16667
22 4.45455
13 7.15385
20 4.7
21 4.52381
23 4.34783
13 7.15385
20 4.7
22 4.45455
18 5.11111
12 7.75
23 4.34783
21 4.52381
3 39
3 39
12 7.75
20 4.7
18 5.11111
13 7.15385
22 4.45455
4 27
5 20.8
6 16.3333
8 11.875
7 14.1429
10 9.4
9 10.6667
12 7.83333
13 7.23077
14 6.64286
15 6.2
18 5.16667
19 4.84211
23 4.3913
21 4.66667
20 4.8
3 39.3333
24 4.20833
16 5.875
16 5.875
11 8.63636
17 5.52941
17 5.52941
11 8.63636
11 8.63636
22 4.54545
22 4.54545
12 8.5
11 10.0909
16 8.125
13 8.76923
17 8.29412
17 7.23529
12 9.58333
11 11.7273
13 9.15385
10 11.4
12 10.1667
17 7.23529
11 10.9091
10 12.1
20 6.05
15 8.06667
16 7.625
15 8.53333
18 6.38889
17 7.58824
11 11.5455
14 9.5
15 8.46667
17 7.05882
18 6.66667
15 8.46667
15 8.66667
13 9.38462
14 8.42857
16 7.125
9 13.6667
11 10.8182
13 8.84615
16 7.9375
16 7.5625
15 8.4
10 11.3
12 10.5833
12 10.5833
