37569 50.0047
1 48
31 1.54839
2 24
1 48
3 16
2 24
4 12
3 16
4 12
5 9.6
6 8
6 8
7 6.85714
8 6
9 5.33333
9 5.33333
10 4.8
11 4.36364
11 4.36364
12 4
13 3.69231
14 3.42857
13 3.69231
15 3.2
16 3
16 3
17 2.82353
17 2.82353
18 2.66667
18 2.66667
19 2.52632
19 2.52632
20 2.4
21 2.28571
21 2.28571
22 2.18182
22 2.18182
23 2.08696
24 2
24 2
25 1.92
26 1.84615
25 1.92
27 1.77778
27 1.77778
29 1.65517
28 1.71429
29 1.65517
30 1.6
5 9.6
31 1.54839
23 2.08696
10 4.8
15 3.2
5 9.6
26 1.84615
8 6
7 6.85714
1 48
30 1.6
14 3.42857
20 2.4
28 1.71429
12 4
7 6.85714
8 6
10 4.8
12 4
14 3.42857
15 3.2
20 2.4
23 2.08696
26 1.84615
28 1.71429
30 1.6
22 2.18182
29 1.65517
11 4.36364
13 3.69231
27 1.77778
14 3.42857
7 6.85714
31 1.54839
19 2.52632
27 1.77778
14 3.42857
8 6
10 4.8
4 12
5 9.6
2 24
6 8
6 8
16 3
22 2.18182
12 4
16 3
14 3.42857
21 2.28571
10 4.8
