22901 140.047
4 26.75
5 21
6 17.1667
7 14.2857
8 12.125
9 10.4444
10 9.4
15 6.06667
23 4.26087
11 8.72727
14 6.78571
22 4.5
26 4.19231
3 38.6667
27 4.18519
17 5.64706
16 5.8125
19 5.15789
16 5.8125
21 4.7619
20 4.9
17 5.64706
17 5.64706
18 5.33333
16 5.8125
16 5.8125
20 4.9
17 5.64706
18 5.33333
13 7.15385
12 8
12 8
13 7.15385
13 7.15385
17 5.64706
20 4.9
21 4.7619
19 5.15789
4 28
5 21.4
6 17.3333
7 14.4286
8 12.25
9 10.8889
10 9.7
13 7.23077
12 8.08333
15 6.13333
22 4.54545
14 6.85714
18 5.38889
20 4.95
16 5.875
19 5.21053
17 5.70588
21 4.80952
24 4.41667
3 39
25 4.28
11 8.81818
11 8.81818
8 14.625
10 10.3
16 7.4375
14 8.71429
13 9.30769
15 7.73333
13 10.7692
8 16.75
12 10.4167
20 6.35
17 7.52941
13 9.53846
18 6.88889
12 10.3333
17 8.11765
11 11.5455
14 9.42857
12 11.5
15 7.53333
17 7.41176
15 8.8
17 7.58824
13 9.69231
20 6.4
18 6.72222
12 10.1667
17 6.82353
14 9
14 9.35714
13 9.84615
7 17
10 13.1
9 13.2222
17 7.11765
10 12.6
13 9.15385
18 6.66667
13 9.07692
15 7.86667
