186315 480.062
1 66
31 2.32258
8 12.125
2 39.5
2 43
8 12.875
5 17.8
17 7.82353
7 13.1429
6 15
8 11.375
20 5.25
10 10.1
6 16.3333
9 10.8889
8 12.125
10 11.2
13 8.84615
5 19
6 16.3333
20 5.2
6 16
7 13.7143
3 32
6 15
3 32
6 16
28 3.35714
9 11.5556
17 6.94118
2 47.5
20 5.2
19 5.31579
10 10.1
5 18.8
16 7.375
10 10.3
7 14.4286
28 3.39286
6 16
28 3.35714
10 10.9
14 8.71429
7 13.2857
7 13.2857
8 11.375
15 6.8
22 4.72727
4 24
20 5.25
8 14.5
11 9.45455
8 12.5
19 5.31579
5 17.2
13 8.84615
7 13.2857
11 8.63636
7 14.2857
13 8.38462
5 17.2
4 22.5
9 11.2222
7 14.4286
14 7.14286
6 16.6667
14 8.92857
20 5.2
7 14.2857
10 12.7
7 13.1429
8 11.375
5 18.4
13 8.07692
9 12.5556
17 7.82353
9 9.66667
7 13.2857
24 3.79167
16 7.0625
4 21
11 8.09091
9 9.66667
16 7.1875
11 8.63636
6 13.8333
15 6.8
11 9.45455
13 8.38462
6 19.8333
15 7.13333
2 43
10 12.7
6 16.6667
2 47.5
6 16.6667
10 10.1
14 7.71429
22 4.72727
14 7.71429
