49828 220.038
4 27.25
6 17
7 14
9 10.4444
11 8.63636
24 4.08333
14 6.5
16 5.6875
20 4.65
15 6.2
17 5.47059
22 4.45455
21 4.57143
23 4.43478
2 62
26 4.03846
13 7.15385
12 7.75
19 5
5 21.4
5 21.4
8 12.25
8 12.25
10 9.6
3 38.3333
5 21.4
3 38.3333
19 5
10 9.6
8 12.25
12 7.75
18 5.27778
5 21.4
18 5.27778
5 21.4
5 21.4
13 7.15385
3 38.6667
4 27.5
5 21.6
6 17.3333
7 14.4286
8 12.375
9 10.5556
11 8.72727
12 7.91667
13 7.23077
14 6.57143
17 5.52941
16 5.9375
21 4.61905
20 4.8
18 5.33333
19 5.15789
23 4.47826
2 62.5
24 4.45833
15 6.33333
15 6.33333
15 6.33333
10 9.7
10 9.7
15 6.33333
13 10.0769
14 9.21429
14 9.28571
11 10.5455
13 9.53846
13 9.92308
12 10.5833
18 7.16667
14 8.57143
14 9.07143
12 10.5
19 6.73684
14 9.71429
14 9
18 6.16667
15 8.33333
18 6.55556
11 11.3636
18 6.94444
17 7.64706
13 9
16 8.3125
17 7.64706
15 7.73333
12 9.66667
15 9.2
21 5.47619
13 9.53846
18 7.55556
17 7.52941
14 9.07143
13 10.3846
14 8.78571
14 10
11 11.2727
16 7.8125
17 7.35294
