133626 50.0022
8 14.5
29 3.55172
8 14.5
10 12
11 9.81818
9 13.7778
8 14.5
8 14.5
13 8
10 12
16 5.9375
15 6.93333
12 9.33333
23 4.34783
11 9.81818
13 8
14 7.42857
15 6.93333
12 9.33333
10 12
17 5.64706
18 5.27778
20 4.85
19 5.15789
21 4.66667
17 5.64706
16 5.9375
24 4.125
25 4.12
26 3.92308
21 4.66667
17 5.64706
19 5.15789
20 4.85
23 4.34783
25 4.12
22 4.36364
12 9.33333
20 4.85
14 7.42857
29 3.55172
10 12
14 7.42857
19 5.15789
20 4.85
25 4.12
22 4.36364
11 9.81818
11 9.81818
11 9.81818
10 12
12 9.33333
14 7.42857
14 7.42857
14 7.42857
21 4.66667
13 8
18 5.27778
19 5.15789
15 6.93333
21 4.66667
12 9.33333
16 5.9375
15 6.93333
13 8
10 12
26 3.92308
8 14.5
24 4.125
29 3.55172
22 4.36364
9 13.7778
8 14.5
13 8
12 9.33333
19 5.15789
20 4.85
25 4.12
22 4.36364
11 9.81818
22 4.36364
10 12
12 9.33333
14 7.42857
14 7.42857
14 7.42857
21 4.66667
8 14.5
23 4.34783
19 5.15789
21 4.66667
12 9.33333
20 4.85
17 5.64706
13 8
26 3.92308
26 3.92308
8 14.5
24 4.125
17 5.64706
