224640 600.001
29 1.34483
6 10.8333
7 8.42857
1 48
1 49
4 18.5
5 13.2
18 3.88889
6 8.83333
12 6.08333
2 25.5
2 25.5
5 10
3 16.3333
9 7.33333
14 3.85714
6 12.8333
28 1.57143
5 11.6
18 2.16667
1 48
12 4.41667
24 1.625
6 10.6667
15 2.6
28 1.39286
16 4.125
10 7.3
12 5.91667
1 59
15 4.66667
3 17.6667
11 6.81818
4 16.5
31 1.41935
13 3.38462
26 1.5
12 6.5
10 4.9
21 2.7619
21 3
3 16
23 2.82609
14 3.78571
7 7.28571
17 3.58824
5 13.2
7 5.57143
2 24
11 4
13 3.92308
26 2.76923
12 5.25
11 2.63636
2 24.5
15 4.33333
30 1.46667
12 4.5
30 1.46667
10 6.3
26 1.69231
20 2.45
5 9.6
5 8.8
11 5.81818
8 8.5
23 1.69565
18 3.55556
30 2.4
9 4.33333
9 5.88889
4 12.5
3 23
3 16.3333
1 48
10 5
1 48
1 50
3 16.6667
2 24
1 48
1 50
11 5.72727
5 13.6
12 4.08333
2 24.5
4 15.75
4 12.25
8 6
1 55
1 48
30 1.8
14 3.64286
25 1.56
23 1.86957
24 1.83333
23 2.95652
4 12.25
14 4.21429
9 6.55556
