161711 440.069
1 83
31 2.48387
7 17.1429
4 28.25
10 10.7
22 5.54545
16 7.875
8 15.5
7 16.5714
17 7.82353
4 25.25
10 12.4
11 10.9091
23 4.73913
12 9.75
7 15.7143
8 15.375
14 8.78571
16 7.875
10 11.4
11 11
14 8.78571
11 11.4545
9 12.4444
18 6.55556
11 11.4545
6 16.5
22 5.54545
17 7.82353
17 7.82353
7 16
23 4.95652
24 5.08333
18 6.66667
13 9.92308
21 5.85714
11 10.7273
10 12.3
14 8.78571
23 4.73913
18 7
4 27.25
7 17.2857
10 10.7
17 7.52941
1 87
7 17
10 11.7
4 25.25
21 5.85714
18 6.33333
18 7.11111
9 13.3333
25 4.24
10 11.9
19 6.52632
10 12.1
7 16.5714
8 13.875
26 4.26923
9 12.4444
10 10.7
25 4.24
1 87
23 4.56522
10 11.9
14 8.64286
14 9.21429
7 16.7143
9 13
7 16.1429
14 8.78571
7 15.7143
5 23.8
10 12
10 12.4
13 9.92308
26 4.26923
7 16.7143
11 11
23 4.56522
5 22
16 7.3125
8 14.375
16 7.3125
10 11.4
9 13
9 13.7778
7 16.1429
8 15.375
14 8.64286
18 6.55556
26 4.26923
4 27.25
16 7.875
6 16.5
15 7.86667
19 6.36842
16 7
22 5.36364
