349606 590.053
6 9.83333
29 2.03448
4 12.5
29 2.2069
1 48
9 7.55556
1 48
1 48
11 3.54545
19 3.26316
4 13
10 6.6
9 4.33333
13 4.38462
27 1.44444
1 50
22 2.95455
8 4.875
5 9.6
16 3.6875
15 4.4
10 5.5
12 5.5
23 3.78261
1 48
7 7
2 28.5
17 3.82353
7 8.14286
6 10.8333
26 1.5
10 4.9
6 6.5
15 3.66667
3 19
7 8.28571
31 1.25806
18 2.72222
12 5.08333
8 7.625
3 16
11 5.27273
17 3.35294
16 2.4375
6 8.66667
1 49
26 1.69231
3 16
20 3.25
3 17.3333
21 2.7619
1 48
18 2.44444
6 8.16667
7 9.14286
18 2.16667
7 6.85714
5 9.8
22 2.36364
20 3.9
13 3.76923
19 2.31579
3 16
12 4.08333
20 2.45
9 6.55556
7 7
3 9.66667
5 12.2
3 16
5 10
20 2.65
24 2.20833
1 48
12 4
20 2.2
26 1.11538
18 3.55556
1 48
16 3.5
31 0.935484
12 5.08333
6 8.5
13 6.76923
1 48
2 24.5
29 1.34483
2 25
19 1.52632
6 9.83333
2 24.5
6 10.8333
12 3.25
11 4.45455
10 3.9
2 24
13 4.15385
16 2.4375
2 24
5 9.6
