29130 50.0048
1 59
30 2.06667
6 8.83333
6 9.66667
9 6
7 7.57143
3 22.3333
8 6.625
9 6
6 9.66667
8 6.625
7 7.57143
3 22.6667
9 6.44444
9 6.11111
7 7.57143
4 15.5
24 4.20833
8 6.625
6 8.83333
9 6
6 9.66667
7 7.57143
9 6.44444
6 9.66667
7 7.57143
6 8.83333
5 11.8
5 13
7 7.57143
5 11.8
7 7.57143
26 2.38462
4 15.25
8 6.625
8 6.625
7 7.57143
8 6.625
6 9.5
9 6.11111
9 6
8 6.625
9 6
7 7.57143
6 9.66667
7 8.28571
6 9.5
7 9.85714
26 2.38462
6 9.5
8 7.25
1 59
9 6
7 8.28571
7 7.57143
3 22.3333
1 59
8 6.625
8 6.625
8 6.625
24 4.20833
6 9.66667
9 6
9 6
3 25.3333
29 2.13793
8 6.625
8 6.625
7 8.28571
8 6.625
6 9.66667
9 6
8 6.625
7 7.57143
9 6
9 6
9 5.88889
8 6.625
7 7.57143
9 5.88889
7 7.57143
7 7.57143
6 9.66667
6 9.66667
4 15.5
7 7.57143
8 6.625
8 6.625
3 26
8 6.625
7 8.28571
4 15.5
9 6
4 15.5
5 11.8
8 6.625
5 13
8 6.625
6 8.83333
8 6.625
