125167 280.03
1 46
31 1.48387
1 46
2 23
3 15.3333
2 23
3 15.3333
4 11.5
5 9.2
6 7.66667
5 9.2
6 7.66667
8 5.75
4 11.5
8 5.75
9 5.11111
10 4.6
9 5.11111
10 4.6
11 4.18182
12 3.83333
13 3.53846
12 3.83333
14 3.28571
14 3.28571
15 3.06667
16 2.875
17 2.70588
16 2.875
18 2.55556
19 2.42105
20 2.3
20 2.3
21 2.19048
21 2.19048
22 2.09091
23 2
22 2.09091
23 2
24 1.91667
25 1.84
25 1.84
26 1.76923
27 1.7037
26 1.76923
27 1.7037
29 1.58621
30 1.53333
29 1.58621
31 1.48387
30 1.53333
15 3.06667
1 46
28 1.64286
7 6.57143
13 3.53846
7 6.57143
4 11.5
3 15.3333
17 2.70588
11 4.18182
28 1.64286
24 1.91667
4 11.5
18 2.55556
19 2.42105
7 6.57143
7 6.57143
11 4.18182
13 3.53846
15 3.06667
17 2.70588
18 2.55556
19 2.42105
24 1.91667
28 1.64286
28 1.64286
5 9.2
15 3.06667
7 6.57143
18 2.55556
30 1.53333
4 11.5
3 15.3333
16 2.875
30 1.53333
17 2.70588
12 3.83333
3 15.3333
8 5.75
3 15.3333
14 3.28571
13 3.53846
15 3.06667
2 23
8 5.75
17 2.70588
5 9.2
11 4.18182
5 9.2
