254436 570.066
1 45
1 45
31 1.45161
2 22.5
3 15
2 22.5
3 15
4 11.25
5 9
6 7.5
5 9
6 7.5
8 5.625
4 11.25
9 5
8 5.625
10 4.5
10 4.5
11 4.09091
12 3.75
13 3.46154
12 3.75
14 3.21429
13 3.46154
15 3
14 3.21429
16 2.8125
15 3
17 2.64706
18 2.5
17 2.64706
19 2.36842
18 2.5
20 2.25
20 2.25
21 2.14286
22 2.04545
23 1.95652
22 2.04545
24 1.875
24 1.875
25 1.8
25 1.8
26 1.73077
27 1.66667
27 1.66667
28 1.60714
29 1.55172
30 1.5
29 1.55172
30 1.5
31 1.45161
1 45
4 11.25
21 2.14286
28 1.60714
19 2.36842
11 4.09091
9 5
23 1.95652
16 2.8125
7 6.42857
26 1.73077
7 6.42857
4 11.25
2 22.5
7 6.42857
7 6.42857
9 5
11 4.09091
16 2.8125
19 2.36842
21 2.14286
23 1.95652
26 1.73077
28 1.60714
17 2.64706
19 2.36842
28 1.60714
6 7.5
26 1.73077
22 2.04545
18 2.5
18 2.5
2 22.5
31 1.45161
18 2.5
31 1.45161
18 2.5
21 2.14286
16 2.8125
31 1.45161
19 2.36842
29 1.55172
6 7.5
3 15
18 2.5
22 2.04545
29 1.55172
14 3.21429
