72077 440.136
3 38.6667
4 26.25
5 19.8
6 16
8 11.875
7 14.2857
10 9.4
11 8.36364
13 7.07692
12 7.83333
22 4.18182
14 6.64286
16 5.6875
21 4.42857
18 5.22222
19 5
17 5.47059
20 4.8
2 61
24 4.16667
15 6.06667
9 10.4444
9 10.4444
15 6.06667
3 39
4 26.75
5 20.8
6 16.6667
7 14.4286
9 10.6667
10 9.5
11 8.63636
13 7.15385
15 6.13333
16 5.75
21 4.47619
22 4.27273
23 4.26087
25 4.24
2 61.5
27 4.18519
17 5.64706
8 12.125
8 12.125
26 4.19231
26 4.19231
20 4.85
20 4.85
17 5.64706
17 5.64706
17 5.64706
17 5.64706
8 12.125
19 5.05263
19 5.05263
18 5.33333
18 5.33333
18 5.33333
14 6.71429
14 6.71429
12 8
12 8
9 12.3333
15 8.73333
12 9.5
15 8.53333
16 8.125
12 10.8333
15 8.2
16 7.4375
21 5.90476
8 15
16 7.125
12 10.6667
15 8.26667
20 6.45
14 8.42857
16 7.5
13 9.92308
12 11.0833
12 10.9167
12 10.5833
12 10.8333
17 7.41176
20 6.3
13 9.53846
15 8.8
10 13
15 8.46667
17 7
14 8.57143
15 8.2
12 11.25
18 7.22222
13 9.23077
11 11.4545
14 9.57143
9 13.4444
11 11.5455
8 15.875
