49460 300.078
3 36.3333
4 25.25
5 20.8
6 16.6667
8 11.875
9 10.4444
10 9.4
11 8.36364
12 7.58333
14 6.42857
16 5.875
18 5.11111
26 4.11538
22 4.36364
15 6.2
19 4.89474
20 4.75
21 4.61905
24 4.25
23 4.30435
2 58
28 4.10714
17 5.41176
7 14.1429
13 7.15385
13 7.15385
7 14.1429
17 5.41176
4 26.5
5 21
6 17
8 12.125
9 10.6667
10 9.5
11 8.45455
14 6.5
12 7.75
18 5.22222
16 5.9375
20 4.8
15 6.26667
21 4.66667
22 4.59091
25 4.28
26 4.26923
2 65.5
27 4.25926
7 14.2857
19 5.05263
13 7.23077
7 14.2857
17 5.58824
17 5.58824
17 5.58824
13 7.23077
23 4.34783
23 4.34783
3 39
19 5.05263
3 39
12 8.58333
9 12.8889
10 11.1
13 9.23077
11 10.6364
12 10.0833
16 7.8125
13 9.38462
14 8.28571
15 8.46667
16 7.5
14 8.85714
9 13.3333
12 9.75
16 7.4375
14 8.28571
19 6.78947
11 11.6364
14 9.78571
13 9.69231
17 7.82353
14 9.5
14 9.64286
14 8.85714
13 9.30769
10 13.1
16 7.25
14 8.57143
14 9.07143
19 7.31579
16 7.3125
10 12.4
13 8.69231
16 7.1875
14 9.5
13 9.92308
16 7.8125
16 7.4375
13 10.3846
13 8.92308
