1303304 510.011
8 14.125
8 14.125
29 3.55172
9 13.3333
10 10
9 13.3333
13 7.76923
11 9.27273
9 13.3333
14 7.07143
25 3.76
23 3.86957
17 5.35294
14 7.07143
9 13.3333
19 4.78947
22 4.09091
11 9.27273
23 3.86957
13 7.76923
19 4.78947
20 4.6
17 5.35294
20 4.6
21 4.42857
17 5.35294
9 13.3333
16 5.9375
13 7.76923
13 7.76923
16 5.9375
21 4.42857
8 14.125
16 5.9375
16 5.9375
21 4.42857
23 3.86957
16 5.9375
21 4.42857
29 3.55172
13 7.76923
17 5.35294
21 4.42857
9 13.3333
17 5.35294
16 5.9375
16 5.9375
11 9.27273
21 4.42857
21 4.42857
17 5.35294
14 7.07143
21 4.42857
20 4.6
20 4.6
19 4.78947
11 9.27273
22 4.09091
17 5.35294
17 5.35294
25 3.76
14 7.07143
9 13.3333
11 9.27273
10 10
29 3.55172
16 5.9375
21 4.42857
11 9.27273
16 5.9375
17 5.35294
17 5.35294
21 4.42857
16 5.9375
8 14.125
13 7.76923
15 6.46667
14 7.07143
14 7.07143
12 8.08333
11 9.27273
19 4.78947
21 4.42857
9 13.3333
11 9.27273
15 6.46667
13 7.76923
18 5.11111
20 4.6
22 4.09091
28 3.57143
13 7.76923
14 7.07143
17 5.35294
17 5.35294
26 3.69231
13 7.76923
25 3.76
12 8.08333
19 4.78947
