23 0.0700442
17 6.23529
9 12.5556
18 6.72222
21 5.38095
23 5.04348
20 6.2
11 9.81818
12 10
16 6.75
8 13.25
19 6.42105
12 9.91667
16 7.75
18 6.22222
16 8.4375
9 12.6667
23 5.43478
25 5.08
23 4.52174
19 6.15789
10 12
23 5
16 7.6875
6 19.1667
23 5.86957
7 17.2857
11 10.1818
22 5.36364
12 8.75
22 5.90909
25 5.4
20 6.25
18 6.38889
20 6
14 7.71429
21 5.90476
13 10
19 6.26316
20 5.5
22 5.13636
16 7.3125
19 6.73684
13 10.3077
24 4.5
16 7.8125
18 7.44444
24 5.08333
19 6.63158
9 13.2222
6 20.5
25 5.12
23 5.91304
23 4.82609
12 11.5
10 12.4
12 9.58333
12 7.83333
8 16.125
12 10
14 8.85714
21 5.52381
17 6.70588
22 5.22727
25 4.48
21 5.71429
17 6.29412
16 8.5625
21 5.71429
10 12.5
25 4.6
22 5.27273
15 9.33333
18 6.94444
26 4.57692
26 4.57692
16 7.625
21 5.47619
21 5.2381
23 5.52174
22 4.86364
10 12.4
13 10
15 7.93333
18 6.5
24 5.625
24 4.70833
5 23.2
23 5.86957
13 10
25 5.16
18 6.66667
27 4.11111
21 5.85714
12 10.25
23 6.04348
12 9.41667
25 4.84
21 5.71429
22 5.22727
26 4.34615
