159783 360.045
1 43
31 1.3871
1 43
2 21.5
3 14.3333
2 21.5
3 14.3333
4 10.75
6 7.16667
5 8.6
6 7.16667
8 5.375
7 6.14286
5 8.6
4 10.75
8 5.375
9 4.77778
9 4.77778
10 4.3
11 3.90909
11 3.90909
12 3.58333
13 3.30769
14 3.07143
13 3.30769
15 2.86667
16 2.6875
15 2.86667
16 2.6875
17 2.52941
18 2.38889
17 2.52941
19 2.26316
18 2.38889
20 2.15
19 2.26316
21 2.04762
21 2.04762
22 1.95455
23 1.86957
23 1.86957
24 1.79167
24 1.79167
25 1.72
25 1.72
27 1.59259
26 1.65385
27 1.59259
28 1.53571
28 1.53571
29 1.48276
30 1.43333
29 1.48276
31 1.3871
30 1.43333
20 2.15
2 21.5
4 10.75
5 8.6
22 1.95455
4 10.75
10 4.3
7 6.14286
1 43
14 3.07143
26 1.65385
12 3.58333
7 6.14286
10 4.3
12 3.58333
14 3.07143
20 2.15
22 1.95455
26 1.65385
20 2.15
8 5.375
6 7.16667
22 1.95455
9 4.77778
2 21.5
19 2.26316
19 2.26316
5 8.6
11 3.90909
28 1.53571
20 2.15
4 10.75
5 8.6
5 8.6
20 2.15
15 2.86667
24 1.79167
30 1.43333
9 4.77778
2 21.5
6 7.16667
3 14.3333
5 8.6
26 1.65385
10 4.3
