41 0.0744249
10 11.1
23 5.26087
17 7.23529
6 15.3333
27 4.33333
14 7.92857
11 9.63636
10 11.9
16 7.0625
15 6.8
13 9
16 7.0625
24 5.125
14 6.92857
14 7.71429
22 4.5
12 10.0833
16 6.1875
13 8.07692
18 6.66667
10 11.6
17 6.41176
12 9.41667
18 6.55556
21 5.04762
13 8.15385
20 6.1
22 5.18182
15 7
20 5.8
11 9.27273
21 5.42857
23 4.78261
12 9.25
13 10
20 6.15
15 7.06667
19 7.36842
18 6.11111
22 5.04545
22 5.22727
21 5.04762
24 5.20833
16 7.5
16 6.875
17 6.70588
13 8.15385
18 6.11111
14 9.07143
17 6.94118
16 6.9375
19 5.89474
24 4.875
17 6.64706
17 7.35294
14 7.5
20 5.45
15 8.66667
7 16.5714
26 4.76923
6 19.3333
19 6.10526
18 6.88889
9 11.1111
26 4.96154
23 5.08696
6 16.5
14 8.35714
17 5.70588
18 6.83333
8 14.375
13 9.15385
23 4.86957
24 4.54167
15 7.8
7 14
8 14.625
15 7.33333
14 8.57143
10 11.1
11 11
23 4.65217
21 5.7619
10 11.6
16 7.5625
14 8.35714
17 7.05882
23 5.30435
11 9.45455
23 4.69565
14 8.57143
17 7.23529
11 10.0909
15 7.8
18 6.72222
13 8.84615
22 4.81818
26 4.46154
12 10.6667
10 11.8
