0 0.00217962
22 5.27273
9 13.4444
11 10.6364
19 5.89474
13 9.07692
12 9.91667
14 8
16 7.125
15 7.8
18 6.27778
17 6.70588
17 6.70588
21 5.95238
9 14.1111
11 11.0909
13 9.15385
12 10.1667
16 7.1875
14 8.21429
19 6.21053
15 8.06667
17 6.76471
18 6.33333
22 5.95455
9 14.6667
11 11.3636
13 9.30769
16 7.625
20 6.3
17 6.94118
14 8.64286
12 10.9167
19 6.42105
15 8.2
12 10.9167
15 8.2
18 6.5
18 6.5
18 6.5
12 10.9167
21 6.42857
13 9.46154
16 7.6875
18 6.55556
17 7
14 8.71429
15 8.4
19 6.57895
13 9.61538
16 7.75
15 8.53333
14 8.85714
17 7.05882
18 6.72222
18 6.72222
20 6.65
13 10
14 9
17 7.11765
16 7.875
16 7.875
19 6.78947
18 6.88889
18 6.88889
18 6.94444
13 10.3846
14 9.07143
15 9
16 8
17 7.23529
16 8
17 7.23529
17 7.23529
18 7.05556
14 9.14286
15 9.13333
16 8.0625
17 7.29412
16 8.0625
17 7.29412
16 8.0625
18 7.16667
14 9.21429
16 8.1875
17 7.35294
18 7.22222
14 9.35714
16 8.25
17 7.41176
17 7.41176
17 7.41176
18 7.27778
15 9.46667
16 8.375
17 7.47059
18 7.44444
16 8.4375
17 7.52941
17 7.58824
17 7.70588
