15419 20.0041
1 47
31 1.51613
2 23.5
1 47
3 15.6667
2 23.5
3 15.6667
4 11.75
5 9.4
6 7.83333
7 6.71429
7 6.71429
8 5.875
4 11.75
10 4.7
9 5.22222
11 4.27273
10 4.7
12 3.91667
12 3.91667
13 3.61538
13 3.61538
14 3.35714
14 3.35714
15 3.13333
16 2.9375
17 2.76471
17 2.76471
19 2.47368
18 2.61111
19 2.47368
20 2.35
21 2.2381
21 2.2381
22 2.13636
22 2.13636
23 2.04348
24 1.95833
23 2.04348
25 1.88
25 1.88
26 1.80769
27 1.74074
27 1.74074
28 1.67857
29 1.62069
28 1.67857
30 1.56667
6 7.83333
5 9.4
30 1.56667
31 1.51613
26 1.80769
4 11.75
1 47
11 4.27273
6 7.83333
5 9.4
15 3.13333
24 1.95833
16 2.9375
29 1.62069
9 5.22222
8 5.875
20 2.35
18 2.61111
8 5.875
9 5.22222
11 4.27273
15 3.13333
16 2.9375
18 2.61111
20 2.35
24 1.95833
26 1.80769
29 1.62069
23 2.04348
5 9.4
14 3.35714
10 4.7
7 6.71429
5 9.4
21 2.2381
2 23.5
19 2.47368
15 3.13333
20 2.35
1 47
8 5.875
31 1.51613
20 2.35
16 2.9375
9 5.22222
20 2.35
5 9.4
2 23.5
9 5.22222
11 4.27273
22 2.13636
16 2.9375
