167674 220.017
1 43
1 43
31 1.3871
2 21.5
3 14.3333
2 21.5
3 14.3333
4 10.75
4 10.75
5 8.6
6 7.16667
7 6.14286
6 7.16667
8 5.375
5 8.6
8 5.375
9 4.77778
10 4.3
10 4.3
12 3.58333
12 3.58333
13 3.30769
13 3.30769
14 3.07143
15 2.86667
16 2.6875
15 2.86667
17 2.52941
16 2.6875
17 2.52941
18 2.38889
19 2.26316
19 2.26316
20 2.15
21 2.04762
21 2.04762
22 1.95455
23 1.86957
23 1.86957
24 1.79167
25 1.72
24 1.79167
25 1.72
26 1.65385
27 1.59259
26 1.65385
28 1.53571
28 1.53571
29 1.48276
30 1.43333
30 1.43333
31 1.3871
29 1.48276
5 8.6
11 3.90909
2 21.5
4 10.75
20 2.15
11 3.90909
14 3.07143
22 1.95455
7 6.14286
9 4.77778
27 1.59259
18 2.38889
1 43
7 6.14286
9 4.77778
11 3.90909
11 3.90909
14 3.07143
18 2.38889
20 2.15
22 1.95455
27 1.59259
29 1.48276
19 2.26316
7 6.14286
27 1.59259
27 1.59259
21 2.04762
1 43
13 3.30769
2 21.5
12 3.58333
1 43
9 4.77778
15 2.86667
15 2.86667
17 2.52941
5 8.6
3 14.3333
1 43
6 7.16667
13 3.30769
19 2.26316
8 5.375
31 1.3871
7 6.14286
2 21.5
