37 0.111295
3 39.6667
22 5.22727
6 21.6667
8 14.5
8 15.25
13 8.92308
7 13.7143
5 23.8
9 13.6667
11 8.81818
5 23
12 9.25
9 11
9 12.3333
18 5.55556
4 31.25
8 15.125
10 11.2
22 5.54545
8 14.75
13 9.38462
14 7.78571
7 16
22 5.31818
12 9.83333
5 23
12 10.8333
7 16.7143
17 6.29412
6 19
8 15.625
5 26.4
16 7
8 15
17 5.82353
13 8.46154
20 5.6
13 8.30769
11 9.36364
11 9.54545
16 7.75
10 13.1
18 6.5
13 8.69231
6 18.8333
15 7.53333
22 5.63636
5 22.4
12 10.3333
15 6.73333
16 7.6875
12 10.8333
10 12.8
7 16.1429
4 29
5 23.8
10 10.7
8 14.75
19 5.94737
5 26
14 9.07143
14 8.21429
5 24.4
18 6.61111
12 9.66667
12 9.75
15 8.66667
10 11.1
16 7.5625
13 7.92308
12 8.16667
8 14.625
5 23.8
15 8.53333
12 10.3333
14 8.5
6 18.1667
14 8.21429
6 19.3333
13 8.76923
19 6.15789
13 8.69231
9 12.1111
6 20.5
18 6.61111
13 8.69231
7 17.5714
5 25
10 11.8
6 20
5 24.4
6 20
8 14
19 6.15789
11 12.0909
10 11.2
4 29
7 18.2857
13 8.84615
17 7
