147026 330.043
31 1.41935
1 44
1 44
2 22
2 22
3 14.6667
4 11
3 14.6667
6 7.33333
5 8.8
6 7.33333
7 6.28571
8 5.5
4 11
5 8.8
8 5.5
9 4.88889
10 4.4
10 4.4
11 4
12 3.66667
13 3.38462
12 3.66667
14 3.14286
13 3.38462
15 2.93333
16 2.75
15 2.93333
17 2.58824
17 2.58824
18 2.44444
19 2.31579
19 2.31579
20 2.2
20 2.2
21 2.09524
22 2
22 2
23 1.91304
24 1.83333
23 1.91304
25 1.76
25 1.76
27 1.62963
27 1.62963
28 1.57143
29 1.51724
29 1.51724
30 1.46667
30 1.46667
31 1.41935
7 6.28571
26 1.69231
4 11
5 8.8
16 2.75
9 4.88889
26 1.69231
14 3.14286
1 44
28 1.57143
18 2.44444
11 4
21 2.09524
24 1.83333
7 6.28571
9 4.88889
11 4
14 3.14286
16 2.75
18 2.44444
21 2.09524
24 1.83333
26 1.69231
26 1.69231
28 1.57143
17 2.58824
5 8.8
18 2.44444
9 4.88889
15 2.93333
6 7.33333
8 5.5
26 1.69231
10 4.4
9 4.88889
10 4.4
11 4
24 1.83333
1 44
2 22
15 2.93333
3 14.6667
14 3.14286
25 1.76
3 14.6667
26 1.69231
6 7.33333
14 3.14286
4 11
