59130 160.023
1 92
16 4.75
3 25.6667
7 7.42857
8 7.875
15 4.26667
25 1.96
5 7.8
19 2.78947
13 4.53846
24 3.91667
12 4.91667
28 2.78571
7 6.28571
16 3.0625
4 18.25
6 9
12 6.75
17 2.58824
8 9.125
18 3.05556
22 1.54545
16 3
9 9.88889
26 2.23077
12 2.41667
6 9
10 4.8
18 2.38889
8 6.125
22 2
12 4.91667
24 4.33333
10 4.4
19 4.36842
18 3.44444
14 2.07143
22 2.54545
12 3.16667
28 1.39286
2 39.5
8 12.25
10 4.9
19 3.57895
29 1
2 19.5
24 4.41667
16 4.3125
3 30.3333
28 1.57143
25 2.16
15 4.46667
29 2.48276
30 3.66667
20 4.4
21 3.19048
4 7.25
1 39
13 4.84615
3 27.6667
14 2.71429
7 4.85714
11 4
31 1.87097
7 14.5714
21 1.61905
13 5.61538
9 7.66667
30 1.63333
24 2.375
11 5.36364
29 2.03448
16 3.6875
6 6.5
12 8.58333
5 8.8
11 5.63636
22 3.36364
13 7.84615
3 17
20 4.7
6 10.5
8 8
27 2
17 4.35294
6 11.8333
17 3.17647
15 3.6
9 6
9 10.8889
21 2.80952
26 2.76923
8 7.875
14 6.35714
11 7.45455
14 4.78571
16 3.0625
19 1.52632
11 4.36364
20 2.45
