16500 40.007
1 55
31 2.32258
6 8.5
4 10.75
12 4.41667
13 2.92308
4 11.75
3 19
4 14.75
9 5.33333
14 2.71429
5 12.6
2 28
3 17.3333
17 4.88235
27 1.77778
6 10
8 8.375
28 1.35714
4 16.75
12 3.16667
12 5.66667
8 8.25
12 5.5
17 2.23529
6 9.33333
2 54
5 10.8
5 16.4
21 3.2381
10 5.3
12 4.41667
10 9.1
16 4.4375
18 5.27778
8 5.875
17 2.23529
18 3.11111
13 4.61538
8 12
5 13
14 3.71429
1 69
12 4.66667
12 5.75
11 5
18 4.22222
7 8.85714
8 6
14 6.64286
7 9.71429
6 9.16667
4 15.25
28 1.67857
3 18
21 3.14286
6 10.5
19 2
12 5.58333
24 2.41667
15 4.66667
15 3.93333
13 4.30769
13 5.30769
17 2.23529
2 26.5
7 8.28571
5 10
8 4.875
19 1.78947
7 8.57143
1 55
13 3.30769
4 13.75
1 51
10 8.3
16 3.6875
9 6
3 17.3333
6 10.3333
2 26
13 2.92308
10 9.1
11 5.54545
8 9.375
6 10.3333
4 13.25
16 3
30 1.26667
10 6.8
10 6.8
2 25
25 1.72
10 5
1 50
5 11.2
18 2.94444
2 25
4 12.5
1 56
