10 0.0325191
14 9
15 8.2
14 8.14286
15 7.8
23 5.78261
19 6.57895
16 7.25
15 7.66667
21 6.33333
15 8.26667
16 8.125
12 9.08333
16 8.6875
17 6.70588
13 8.53846
13 10.1538
15 8.46667
17 7.58824
20 6.45
13 10.3077
22 5.72727
15 8.6
18 7.5
13 10.2308
20 6.15
18 6.72222
19 6.36842
10 12.5
18 6.61111
19 6
21 5.80952
13 10.2308
18 6.94444
12 10.0833
13 9.15385
13 8.69231
16 6.8125
20 5.85
18 7.16667
14 9.21429
11 10.3636
20 5.9
12 9.75
17 7.52941
16 7.4375
17 7.64706
19 5.47368
18 6.61111
13 9
26 5.34615
18 7.61111
17 6.94118
20 6.3
17 7.35294
16 8.3125
14 8.71429
17 7.11765
20 5.95
19 7.31579
12 11.75
24 5.79167
8 16.5
10 12.5
19 6.57895
15 8.26667
15 8.53333
15 8.4
23 5.26087
12 10.0833
18 6.16667
19 6.42105
27 4.66667
16 7.125
19 6
18 7.05556
18 6.88889
15 7.66667
13 9.46154
17 6.76471
18 6.38889
16 8.25
18 6.55556
16 8
14 7.92857
17 7.88235
14 10.3571
14 9.71429
22 5.09091
14 9
10 12.4
11 12
21 5.52381
21 6.28571
16 7.5
28 4.89286
10 12.1
16 7.8125
23 5.65217
14 8.42857
15 8.8
