182377 500.069
1 39
31 1.54839
7 5.57143
8 4.875
5 8
4 10.25
4 11.75
8 5
7 5.57143
4 10
4 10.25
8 5
8 5
9 4.33333
8 4.875
9 4.33333
4 11.75
7 5.57143
6 7.5
5 8.2
4 11.5
3 15.3333
5 9.2
8 4.875
8 4.875
8 4.875
8 4.875
2 20
5 10.2
3 13.3333
8 4.875
4 10
3 13.6667
28 2.5
8 4.875
30 1.6
8 4.875
3 17
3 17.3333
7 5.57143
2 25.5
30 1.6
4 10.25
8 4.875
4 10.25
4 10.25
6 7.33333
4 10.25
8 5
8 4.875
4 11.75
8 4.875
5 9.2
7 5.71429
8 5.625
6 6.5
2 19.5
4 10.25
8 4.875
3 13
4 11.5
2 20
8 4.875
5 8
4 10.25
8 4.875
7 5.57143
3 13.3333
6 6.5
8 4.875
7 5.57143
4 10.25
3 13.6667
7 5.57143
6 6.66667
2 25.5
3 17.3333
3 13.3333
4 10.25
5 8.2
4 13
4 11.5
7 5.71429
4 13
9 4.33333
2 20
6 7.33333
8 4.875
4 9.75
4 11.75
8 4.875
8 4.875
8 4.875
4 10
8 4.875
9 4.33333
5 10.2
8 4.875
8 4.875
6 6.5
