53884 190.035
0.280775 0.921698
1 0.000987825
0.280775 0.921698
0.814452 0.33749
0.575041 0.669985
0.375095 0.859867
0.918934 0.156472
0.889619 0.209463
0.430343 0.815391
0.697387 0.514386
0.592492 0.64962
0.706991 0.500904
0.551354 0.696653
0.568394 0.677582
0.841936 0.291988
0.796456 0.366465
0.728237 0.470427
0.827637 0.315849
0.924095 0.146964
0.98239 0.0358809
0.327392 0.893362
0.777975 0.395547
0.878935 0.228348
0.308715 0.905236
0.939633 0.11802
0.748701 0.440218
0.498855 0.75176
0.389564 0.848809
0.364526 0.86768
0.856609 0.267078
0.513028 0.737427
0.789501 0.37749
0.682902 0.53437
0.908786 0.175009
0.488947 0.761543
0.35739 0.87283
0.744917 0.445867
0.416241 0.827323
0.340491 0.884617
0.973295 0.0536583
0.992967 0.0149965
0.532196 0.717401
0.520133 0.730089
0.951245 0.0960739
0.343279 0.882712
0.836356 0.301349
0.871789 0.240853
0.300228 0.910402
0.973237 0.0537712
0.662628 0.561635
0.96495 0.0698258
0.931234 0.133726
0.861444 0.258774
0.619948 0.616348
0.39613 0.843652
0.827637 0.315849
0.850569 0.277384
0.327977 0.892978
0.440026 0.806967
0.451741 0.796525
0.480435 0.76979
0.803228 0.355637
0.410818 0.831806
0.757553 0.426891
0.903263 0.185014
0.637501 0.594287
0.646668 0.582521
1 0.000987825
0.541289 0.707645
0.67088 0.550636
0.957936 0.0833061
0.96495 0.0698258
0.931234 0.133726
0.611471 0.626781
0.551204 0.696818
0.541906 0.706977
0.714061 0.490862
0.451741 0.796525
0.461792 0.787347
0.288534 0.917284
0.665116 0.558334
0.899604 0.191606
0.532196 0.717401
0.951245 0.0960739
0.957936 0.0833061
0.654858 0.571866
0.757654 0.426738
0.626693 0.607943
0.765009 0.415544
0.78515 0.384337
0.772227 0.404453
0.765009 0.415544
0.733859 0.462211
0.646668 0.582521
0.654461 0.572386
0.714061 0.490862
0.737776 0.456449
0.690328 0.524177
0.865349 0.252035
0.712801 0.49266
