3225 10.0033
0.280775 0.921842
0.280775 0.921842
1 0.00117758
0.840787 0.294083
0.760689 0.422342
0.870643 0.243016
0.514926 0.735596
0.885402 0.217114
0.379979 0.856303
0.533279 0.716419
0.741734 0.45076
0.641597 0.589185
0.918387 0.157722
0.661352 0.563475
0.3227 0.896515
0.36635 0.866468
0.491235 0.759466
0.505315 0.745444
0.673257 0.54758
0.707555 0.500249
0.729461 0.468806
0.829491 0.312939
0.78135 0.39044
0.628701 0.605572
0.79097 0.375386
0.436407 0.81025
0.478304 0.771996
0.860492 0.260578
0.933882 0.129039
0.92715 0.141559
0.290387 0.916355
0.546595 0.701999
0.533279 0.716419
0.699843 0.511154
0.969971 0.0602988
0.411357 0.831487
0.476645 0.773579
0.563197 0.683599
0.801751 0.358163
0.744356 0.446866
0.351041 0.877444
0.654354 0.572662
0.811037 0.343196
0.447358 0.800623
0.991465 0.0181638
0.98966 0.0217381
0.771223 0.406155
0.908972 0.174916
0.901024 0.189292
0.963207 0.0733671
0.778706 0.394563
0.570485 0.675343
0.815352 0.336245
0.609521 0.629344
0.595663 0.646036
0.584277 0.659425
0.998805 0.00356395
0.424442 0.820589
0.464311 0.785177
0.943749 0.110472
0.801751 0.358163
0.724028 0.476698
0.981136 0.038528
0.389888 0.848678
0.676945 0.542604
0.899586 0.19181
0.644325 0.585695
0.547656 0.700853
0.424442 0.820589
0.790312 0.376381
0.339043 0.885707
0.908972 0.174916
0.397948 0.842332
0.982363 0.0361946
0.404674 0.836937
0.716588 0.487392
0.752786 0.434295
0.455386 0.793335
0.557446 0.690026
0.439734 0.80735
0.346856 0.880363
0.368461 0.864918
0.29831 0.911652
0.313957 0.902078
0.865404 0.252107
0.617354 0.619687
0.580539 0.663762
0.829407 0.313078
0.752918 0.434097
0.334065 0.889055
0.82191 0.325451
0.885402 0.217114
0.892563 0.204388
0.892563 0.204388
0.303759 0.908415
0.771223 0.406155
0.921348 0.152277
0.847249 0.283181
0.691261 0.523085
0.950266 0.0981878
