192733 500.096
0.999998 0.0135392
0.999998 0.0135392
0.280775 0.928465
0.280775 0.928465
0.576647 0.677104
0.488917 0.770053
0.432487 0.826443
0.596055 0.654498
0.700522 0.520085
0.612972 0.634387
0.907381 0.190072
0.761286 0.431892
0.715693 0.498717
0.682485 0.544703
0.934096 0.140991
0.920617 0.166051
0.8932 0.215247
0.731496 0.476101
0.555124 0.70143
0.746019 0.454728
0.866874 0.261335
0.630334 0.613922
0.853152 0.284793
0.45411 0.802334
0.880494 0.238503
0.839604 0.307143
0.775992 0.409427
0.508949 0.750051
0.947154 0.116693
0.337773 0.893815
0.645021 0.594356
0.317531 0.907176
0.524085 0.735708
0.46758 0.790828
0.41188 0.838839
0.394188 0.853327
0.959103 0.0942823
0.789622 0.388515
0.54205 0.715568
0.358015 0.880503
0.37511 0.867555
0.826036 0.329875
0.802152 0.368468
0.97068 0.071821
0.814714 0.348356
0.297248 0.919519
0.981178 0.050975
0.660546 0.575015
0.991368 0.0322892
0.668935 0.563176
0.999998 0.0144843
0.999998 0.0144866
0.999998 0.014495
0.999998 0.0147392
0.999998 0.0147839
0.999998 0.0148405
0.999998 0.0148405
0.999998 0.0148717
0.999998 0.0150457
0.999998 0.0150909
0.999998 0.0151102
0.999998 0.0151288
0.999998 0.0151585
0.999998 0.0151811
0.999998 0.0151854
0.999998 0.0152013
0.999998 0.0153006
0.999998 0.0153115
0.999998 0.0153162
0.999998 0.0153227
0.999998 0.015343
0.999998 0.0153472
0.999998 0.015355
0.999998 0.015355
0.999998 0.0153944
0.999998 0.0154139
0.999998 0.0154314
0.999998 0.015436
0.999998 0.0154658
0.999998 0.015496
0.999998 0.0155307
0.999998 0.0155683
0.999998 0.0155691
0.999998 0.0155772
0.999998 0.0155826
0.999998 0.0156307
0.999998 0.0156746
0.999998 0.0157323
0.999998 0.0157368
0.999998 0.0157413
0.999998 0.0157635
0.999998 0.0157913
0.999998 0.015831
0.999998 0.0158656
0.999998 0.0159834
0.999998 0.0161937
0.999998 0.0167355
0.999998 0.0224552
0.999998 0.022867
0.999998 0.0229677
