236466 420.038
0.999893 0.0106283
0.999893 0.0106283
0.280776 0.92738
0.280776 0.92738
0.425954 0.825685
0.457589 0.797741
0.924557 0.156315
0.751155 0.445972
0.903912 0.194005
0.398292 0.848957
0.807637 0.357954
0.850094 0.287912
0.683845 0.541266
0.766412 0.422493
0.701314 0.517427
0.579083 0.672986
0.865662 0.261345
0.328926 0.898397
0.597887 0.650813
0.500982 0.757053
0.962756 0.08501
0.878745 0.238477
0.950044 0.109083
0.822947 0.332709
0.937336 0.1327
0.97546 0.0604857
0.835181 0.313295
0.667674 0.563197
0.638358 0.601185
0.892319 0.214731
0.562412 0.691735
0.654198 0.580668
0.379432 0.862704
0.716565 0.495659
0.516276 0.740665
0.532348 0.724536
0.304168 0.913888
0.790932 0.384224
0.5473 0.708244
0.782359 0.397597
0.612665 0.63304
0.624068 0.619247
0.987452 0.0370221
0.348534 0.885414
0.361118 0.876708
0.480519 0.7761
0.474098 0.782977
0.728695 0.478234
0.728695 0.478234
0.290948 0.921932
0.995101 0.0220066
0.999893 0.0124383
0.290948 0.92351
0.290948 0.92351
0.728695 0.479002
0.999893 0.012571
0.999893 0.0127754
0.999893 0.0128442
0.999893 0.012846
0.999893 0.0128563
0.999893 0.0129286
0.999893 0.0129566
0.999893 0.0129771
0.999893 0.0130402
0.999893 0.0130733
0.999893 0.0130992
0.999893 0.0131056
0.999893 0.0131175
0.999893 0.0131215
0.999893 0.0131275
0.999893 0.0131325
0.999893 0.0131381
0.999893 0.0131793
0.999893 0.0131894
0.999893 0.0131902
0.999893 0.0132043
0.999893 0.0132566
0.999893 0.0132766
0.999893 0.0133148
0.999893 0.0133328
0.999893 0.0133462
0.999893 0.0133553
0.999893 0.0133897
0.999893 0.0134141
0.999893 0.0134194
0.999893 0.0134272
0.999893 0.0134299
0.999893 0.0135326
0.999893 0.0135407
0.999893 0.0135427
0.999893 0.0135844
0.999893 0.0135985
0.999893 0.0137453
0.999893 0.013779
0.999893 0.0137849
0.999893 0.0138832
0.999893 0.013924
0.999893 0.0139259
0.999893 0.0140586
0.999893 0.0158261
