1308578 590.013
0.280775 2.60549
0.280775 2.60549
0.306296 2.59674
0.708878 2.44274
0.873675 2.3443
0.76145 2.41162
0.809465 2.38755
0.923576 2.31055
0.957572 2.28522
0.957572 2.28522
0.820052 2.37938
0.879684 2.33906
0.820052 2.37938
0.76145 2.41162
0.76145 2.41162
0.987107 2.26317
0.923576 2.31055
0.280775 2.60299
0.904187 2.32263
0.306271 2.5997
0.987107 2.26317
0.809572 2.38645
0.904187 2.32263
0.280775 2.60299
0.819973 2.38007
0.809572 2.38645
0.987125 2.26235
0.994407 2.25931
0.879574 2.341
0.873764 2.34345
0.904187 2.32263
0.904187 2.32263
0.76145 2.41162
0.879574 2.341
0.280775 2.60395
0.306296 2.59674
0.819973 2.38007
0.873675 2.3443
0.280775 2.60386
0.280775 2.60386
0.987107 2.26317
0.987107 2.26317
0.708878 2.44274
0.708934 2.44242
0.280775 2.60386
0.879574 2.341
0.987125 2.26235
0.708934 2.44242
0.987125 2.26235
0.280775 2.60549
0.873764 2.34345
0.994407 2.25931
0.879684 2.33906
0.820052 2.37938
0.987125 2.26235
0.904187 2.32263
0.873675 2.3443
0.873675 2.3443
0.76145 2.41162
0.708878 2.44274
0.873675 2.3443
0.957572 2.28522
0.708878 2.44274
0.987107 2.26317
0.280775 2.60549
0.987125 2.26235
0.987107 2.26317
0.809465 2.38755
0.957572 2.28522
0.923576 2.31055
0.987107 2.26317
0.904187 2.32263
0.957572 2.28522
0.306296 2.59674
0.873675 2.3443
0.923576 2.31055
0.708934 2.44242
0.280775 2.60386
0.879574 2.341
0.708934 2.44242
0.987125 2.26235
0.809465 2.38755
0.809465 2.38755
0.873764 2.34345
0.76145 2.41162
0.879684 2.33906
0.904187 2.32263
0.873675 2.3443
0.873675 2.3443
0.76145 2.41162
0.873675 2.3443
0.708878 2.44274
0.987107 2.26317
0.280775 2.60549
0.708951 2.44095
0.994407 2.25931
0.820052 2.37938
0.904187 2.32263
0.873675 2.3443
0.76145 2.41162
