42236 100.016
0.450013 0.797488
0.997125 0.00574155
0.397187 0.842242
0.987974 0.0239067
0.633575 0.598583
0.800049 0.359922
0.819172 0.328958
0.996596 0.00679567
0.46479 0.78397
0.614595 0.622273
0.928783 0.137362
0.999911 0.000178456
1 0
0.496067 0.753918
0.979843 0.0399069
1 0
0.995899 0.00818537
0.985967 0.02787
1 0
0.947915 0.101457
0.999991 1.76855e-05
0.283593 0.919575
1 0
0.714576 0.489381
0.999673 0.000654323
0.944769 0.107411
0.927362 0.14
1 0
1 0
1 0
0.937547 0.121006
1 0
0.428705 0.816212
1 0
0.982545 0.0346053
0.66036 0.563925
0.475848 0.773568
0.71657 0.486527
1 0
0.99977 0.000460215
0.83456 0.30351
0.835476 0.30198
0.995302 0.00937301
1 3.92433e-08
1 4.20352e-10
0.999998 3.21493e-06
1 0
1 0
1 0
0.754198 0.431185
1 0
1 0
0.407004 0.834348
1 0
0.640759 0.589428
0.999979 4.27267e-05
1 0
0.938572 0.119083
1 0
1 0
0.638565 0.592234
0.817325 0.331979
0.28403 0.919327
0.845901 0.284451
0.897833 0.193896
0.382758 0.853496
0.855844 0.267531
0.477394 0.772095
0.747243 0.441627
0.950554 0.0964473
1 0
0.441819 0.804796
0.999613 0.000773077
1 0
0.995897 0.00818936
0.999998 4.41586e-06
0.995168 0.00964092
1 2.50852e-09
1 0
0.611978 0.625482
0.942006 0.112626
0.441332 0.805226
0.734357 0.460719
0.664343 0.558648
1 0
0.993958 0.0120469
0.67921 0.538673
0.988857 0.0221625
0.849516 0.278322
0.296552 0.912057
0.940181 0.11606
0.434572 0.811147
0.811086 0.34214
0.963186 0.0722726
1 0
0.990696 0.0185221
0.981906 0.0358598
0.66496 0.557828
0.996217 0.00755153
1 1.00386e-12
