23898 80.0141
1 0.00109621
0.280775 0.921757
0.620909 0.615231
0.829306 0.313176
0.347761 0.879677
0.929836 0.136427
0.978278 0.0440457
0.938926 0.119449
0.421004 0.823401
0.366979 0.865948
0.389184 0.849167
0.451035 0.797227
0.431009 0.814882
0.483156 0.767237
0.955752 0.0875875
0.606881 0.632446
0.907376 0.177669
0.824213 0.321594
0.764106 0.41701
0.752091 0.435217
0.721107 0.480838
0.669065 0.553146
0.949376 0.0997265
0.840456 0.294569
0.565985 0.680385
0.748963 0.43991
0.96589 0.0681161
0.862557 0.256951
0.302929 0.908832
0.629951 0.603928
0.521857 0.728363
0.848234 0.281442
0.313722 0.902181
0.658313 0.56741
0.723972 0.4767
0.406603 0.835313
0.46382 0.785537
0.381061 0.85542
0.591568 0.650788
0.287056 0.918192
0.732215 0.464703
0.773699 0.402266
0.500192 0.750494
0.851016 0.276716
0.679795 0.53868
0.543237 0.705604
0.883415 0.220554
0.918028 0.158235
0.791231 0.374846
0.783323 0.387289
0.602502 0.637739
0.773086 0.403215
0.992663 0.015709
0.711694 0.494317
0.895976 0.198214
0.511311 0.739253
0.764106 0.41701
0.441712 0.805545
0.320631 0.8978
0.582945 0.66091
0.924391 0.146518
0.511311 0.739253
0.985682 0.0295116
0.799244 0.362107
0.998711 0.00367184
0.645273 0.584399
0.740376 0.452692
0.913201 0.16707
0.663249 0.56089
0.840456 0.294569
0.868533 0.246612
0.937119 0.122837
0.334641 0.888625
0.990673 0.0196522
0.473401 0.776562
0.498812 0.751871
0.489272 0.761293
0.810775 0.343552
0.812402 0.340913
0.875564 0.234357
0.424946 0.820068
0.870171 0.243765
0.473401 0.776562
0.590346 0.652231
0.538743 0.710463
0.651265 0.576634
0.640966 0.589936
0.697549 0.51424
0.338332 0.886143
0.704015 0.505183
0.711694 0.494317
0.895976 0.198214
0.559028 0.688207
0.95479 0.0894242
0.442679 0.804691
0.857746 0.265223
0.551615 0.696436
0.88985 0.209149
0.637142 0.594821
0.459693 0.789347
