140287 600.004
0.769683 0.407589
0.872242 0.239194
0.849214 0.278836
0.99931 0.00137895
0.946013 0.10506
1 0
1 0
0.90303 0.184538
1 0
0.706042 0.501505
0.364681 0.867008
0.999198 0.00160288
0.821188 0.32565
1 0
0.731236 0.465294
1 0
0.999991 1.81889e-05
1 0
0.999193 0.00161256
0.995404 0.00917075
0.928291 0.138276
0.999956 8.78506e-05
0.824378 0.3204
0.955242 0.087513
0.999996 7.40172e-06
0.957415 0.0833566
0.987641 0.024566
1 0
0.98587 0.0280605
0.605981 0.632787
0.99946 0.00107959
1 0
0.862285 0.256465
0.969898 0.059297
0.999995 1.07745e-05
0.84416 0.287394
0.937878 0.120384
0.999749 0.000502841
1 0
1 0
1 0
0.630744 0.602162
0.999536 0.000927661
0.989739 0.0204166
0.791421 0.373653
0.999999 1.8043e-06
0.68374 0.5325
1 0
0.485509 0.764281
0.834162 0.304174
1 0
0.771427 0.4049
1 0
1 0
1 0
1 0
1 0
0.999972 5.60299e-05
0.819471 0.328467
0.852808 0.272719
1 0
0.998734 0.00253086
0.481488 0.768169
1 0
0.917693 0.15784
1 6.4713e-08
0.926133 0.142278
1 0
1 0
0.778812 0.393452
0.815966 0.334199
0.999754 0.000492216
0.980424 0.0387687
0.995659 0.00866376
0.913657 0.165231
0.965408 0.0679878
1 0
0.996994 0.00600227
0.999995 9.45287e-06
0.98919 0.0215039
0.951615 0.0944294
0.845331 0.285416
1 0
0.810455 0.343162
0.90345 0.183778
0.930144 0.134833
1 0
1 0
0.514071 0.735731
0.902906 0.18476
1 0
0.998188 0.00362065
0.971461 0.0562636
0.940948 0.114617
1 0
0.96191 0.0747289
1 4.18731e-07
0.922662 0.148695
1 1.01043e-07
0.995002 0.00997027
