326573 570.057
0.999893 0.0106283
0.999893 0.0106283
0.280776 0.92738
0.280776 0.92738
0.445631 0.808924
0.475835 0.781073
0.787311 0.389783
0.876979 0.241572
0.495223 0.762532
0.311064 0.909815
0.597025 0.65129
0.73957 0.462193
0.576182 0.675746
0.418538 0.831844
0.723014 0.486424
0.631909 0.60916
0.615265 0.629992
0.33384 0.895211
0.543315 0.71285
0.649478 0.586459
0.97877 0.0537735
0.839831 0.305132
0.889381 0.219572
0.559857 0.694472
0.802067 0.366828
0.903084 0.195349
0.679399 0.547586
0.707197 0.50906
0.355775 0.880833
0.663663 0.567925
0.373469 0.867399
0.814751 0.345793
0.693827 0.527724
0.827778 0.324944
0.999869 0.0127721
0.94354 0.120073
0.756227 0.436997
0.520758 0.736422
0.935325 0.139635
0.392547 0.852873
0.915284 0.173662
0.922795 0.159602
0.961952 0.0863971
0.956604 0.0969694
0.854818 0.279505
0.403535 0.84421
0.97486 0.0615153
0.854818 0.279505
0.525323 0.732236
0.764711 0.42475
0.764711 0.42475
0.999893 0.0122046
0.764711 0.424911
0.97877 0.0552351
0.999869 0.0135389
0.999987 0.0122224
0.764711 0.424989
0.999869 0.0139514
0.999893 0.0122468
0.999893 0.0125698
0.764711 0.425026
0.999893 0.0125832
0.764711 0.425101
0.999893 0.0125861
0.999893 0.0126011
0.999893 0.0126475
0.999893 0.012652
0.999987 0.0126546
0.999893 0.0127033
0.999893 0.0127403
0.999987 0.0127972
0.999893 0.0128258
0.999893 0.0128802
0.999893 0.0129142
0.999893 0.0129216
0.999893 0.0129276
0.999987 0.0129562
0.999893 0.0130108
0.999893 0.0130236
0.999893 0.0131296
0.999893 0.0131519
0.999893 0.0132718
0.999893 0.0132769
0.999893 0.013282
0.999893 0.0132865
0.999893 0.0132997
0.999893 0.0133093
0.999893 0.0134467
0.999893 0.0134623
0.999893 0.0136173
0.999893 0.0136441
0.999893 0.0137486
0.999987 0.0151823
0.999893 0.0152327
0.999893 0.0152497
0.999893 0.0152544
0.999893 0.0153091
0.999893 0.0153332
0.999893 0.0155928
0.999893 0.0160579
