109514 200.031
0.999963 0.0177684
0.999963 0.0177684
0.280775 0.930624
0.280775 0.930624
0.906589 0.196711
0.855055 0.286861
0.879257 0.244684
0.801701 0.374965
0.752594 0.450917
0.709877 0.512474
0.568733 0.690706
0.771615 0.421806
0.587055 0.669639
0.550769 0.711004
0.970139 0.0801717
0.531711 0.730302
0.783653 0.402976
0.621218 0.629079
0.513383 0.749842
0.604255 0.649108
0.818518 0.347902
0.494981 0.768052
0.892396 0.222722
0.983632 0.0539663
0.956349 0.105846
0.692476 0.535593
0.725955 0.48987
0.476418 0.786175
0.638122 0.607103
0.678815 0.554899
0.944055 0.129029
0.459161 0.802264
0.425161 0.831873
0.442398 0.81704
0.739647 0.469645
0.84033 0.311534
0.407313 0.846228
0.66412 0.574484
0.304356 0.919217
0.373935 0.872607
0.390138 0.859478
0.33639 0.899054
0.651026 0.591633
0.830734 0.328272
0.932338 0.150232
0.320479 0.909161
0.995619 0.0298844
0.932338 0.150232
0.355682 0.885213
0.355682 0.885213
0.355682 0.885213
0.999963 0.0211519
0.33639 0.899187
0.355682 0.886019
0.999963 0.0212249
0.355682 0.886104
0.999963 0.0214269
0.999963 0.0214777
0.999963 0.0215158
0.999963 0.0215515
0.999963 0.0216293
0.999963 0.0216301
0.999963 0.0216836
0.999963 0.021689
0.999963 0.0217056
0.999963 0.0217697
0.999963 0.0218054
0.999963 0.0218742
0.999963 0.0218973
0.999963 0.0219687
0.999963 0.0219743
0.999963 0.0220492
0.999963 0.0220524
0.999963 0.0221032
0.999963 0.0221152
0.999963 0.0221366
0.999963 0.0221464
0.999963 0.0221507
0.999963 0.0222037
0.999963 0.0222147
0.999963 0.0222446
0.999963 0.0222555
0.999963 0.0222938
0.999963 0.0223032
0.999963 0.0223399
0.999963 0.0223433
0.999963 0.0223454
0.999963 0.0223556
0.999963 0.0223754
0.999963 0.0224078
0.999963 0.0224324
0.999963 0.0224566
0.999963 0.0224611
0.999963 0.0225199
0.999963 0.0225504
0.999963 0.0226161
0.999963 0.0227031
0.999963 0.0228485
0.999963 0.0229427
0.999963 0.0229463
