939705 390.009
0.999607 2.62682
0.280775 3.90451
0.280775 2.93937
0.280775 3.90451
0.55332 2.86162
0.386736 2.91414
0.653865 2.82046
0.783302 2.75768
0.783302 2.75768
0.888893 2.69835
0.653865 2.82046
0.288649 2.93676
0.653827 2.82071
0.386546 2.91507
0.922014 2.67768
0.980542 2.64121
0.386736 2.91414
0.653827 2.82071
0.980542 2.64121
0.653865 2.82046
0.902678 2.69046
0.903886 2.68982
0.922014 2.67768
0.996577 2.63015
0.988333 2.63653
0.98055 2.64093
0.988333 2.63653
0.280775 2.93793
0.288649 2.93676
0.922004 2.67835
0.91673 2.68175
0.999607 2.62682
0.996577 2.63015
0.902678 2.69046
0.91673 2.68175
0.91673 2.68175
0.988333 2.63653
0.280775 2.93937
0.386546 2.91507
0.988333 2.63653
0.922014 2.67768
0.386736 2.91414
0.386546 2.91507
0.653865 2.82046
0.988333 2.63653
0.280775 3.90451
0.386736 2.91414
0.386736 2.91414
0.386546 2.91507
0.980542 2.64121
0.888893 2.69835
0.922004 2.67835
0.386736 2.91414
0.280775 2.93937
0.280775 2.93937
0.280775 3.90451
0.386736 2.91414
0.55332 2.86162
0.280775 3.90451
0.999607 2.62682
0.55332 2.86162
0.55332 2.86162
0.55332 2.86162
0.280775 3.90451
0.280775 3.90451
0.783302 2.75768
0.280775 3.90451
0.288649 2.93676
0.980542 2.64121
0.922004 2.67835
0.91673 2.68175
0.902678 2.69046
0.386546 2.91507
0.98055 2.64093
0.988333 2.63653
0.386736 2.91414
0.280775 3.90451
0.386736 2.91414
0.902678 2.69046
0.980542 2.64121
0.888893 2.69835
0.288649 2.93676
0.386736 2.91414
0.386736 2.91414
0.280775 2.93937
0.280775 3.90451
0.386736 2.91414
0.55332 2.86162
0.280775 3.90451
0.999607 2.62682
0.55332 2.86162
0.280775 3.90451
0.280775 3.90451
0.783302 2.75768
0.914345 2.68319
0.922014 2.67768
0.91673 2.68175
0.386736 2.91414
0.386736 2.91414
0.386546 2.91507
