40117 100.016
1 0.0192986
1 0.0192986
0.280777 0.940342
0.280777 0.940342
0.618043 0.649974
0.361175 0.890669
0.926312 0.160431
0.673731 0.565451
0.590721 0.676791
0.78974 0.392611
0.810415 0.359669
0.700115 0.525595
0.909778 0.190817
0.57352 0.698081
0.550139 0.720759
0.501366 0.77497
0.983891 0.0533921
0.745044 0.462726
0.763491 0.439554
0.300624 0.929443
0.945383 0.126074
0.636996 0.609871
0.777045 0.418627
0.323105 0.91057
0.521588 0.751391
0.659097 0.581107
0.482706 0.792965
0.450395 0.81817
0.895137 0.217578
0.341966 0.903069
0.422116 0.842413
0.534542 0.741037
0.464482 0.802533
0.397788 0.857222
0.953817 0.112008
0.397788 0.857222
0.711836 0.516952
0.848772 0.296048
0.842408 0.309077
0.432218 0.833955
0.970704 0.0766223
0.729828 0.483728
0.863164 0.274432
0.64474 0.603544
0.965397 0.0892629
0.868882 0.263852
0.723978 0.494545
0.881323 0.240996
0.82863 0.331387
0.824122 0.339007
0.887043 0.233509
0.998688 0.0240212
0.998688 0.0240212
0.953817 0.112951
0.824122 0.339184
0.887043 0.233608
0.848772 0.29826
0.863164 0.277593
0.881323 0.241012
0.82863 0.331703
0.887043 0.233997
0.824122 0.340458
0.848772 0.299336
0.881323 0.241332
0.82863 0.331905
0.887043 0.234369
0.824122 0.34259
0.82863 0.332425
0.881323 0.241441
0.887043 0.237839
0.824122 0.343206
0.82863 0.33254
0.881323 0.241523
0.881323 0.241966
0.82863 0.33277
0.881323 0.243023
0.82863 0.33279
0.881323 0.243644
0.82863 0.332881
0.881323 0.243801
0.82863 0.332883
0.881323 0.243917
0.82863 0.333404
0.881323 0.244257
0.82863 0.333464
0.881323 0.245513
0.82863 0.33358
0.881323 0.245527
0.82863 0.333626
0.881323 0.24624
0.82863 0.333858
0.881323 0.246308
0.82863 0.334228
0.881323 0.246559
0.82863 0.334234
0.881323 0.246942
0.82863 0.335977
0.881323 0.248155
0.82863 0.336309
0.82863 0.336553
