21298 50.0074
0.759763 0.433629
0.787088 0.392094
0.440534 0.814235
0.416689 0.835164
0.673437 0.555904
0.529058 0.729619
0.579204 0.66696
0.454319 0.803985
0.746258 0.453367
1 1.41875e-10
0.590879 0.653764
0.555833 0.699484
0.711716 0.50579
0.570308 0.684188
0.690954 0.533985
0.637656 0.603162
0.649306 0.589704
0.335977 0.895259
0.519684 0.742119
0.492443 0.766829
0.828353 0.32774
0.312778 0.909534
0.733243 0.471669
0.506502 0.751901
0.853303 0.283944
0.4737 0.787294
0.924529 0.158103
0.322788 0.904433
0.9012 0.206229
0.617073 0.627963
0.866408 0.265439
0.841066 0.305793
0.656284 0.58276
0.724599 0.487974
0.884139 0.234807
0.797325 0.375832
0.381709 0.863667
0.403821 0.84585
0.89123 0.22246
0.895171 0.214635
0.930099 0.149036
0.909766 0.184212
0.370848 0.872375
0.478217 0.78094
0.36451 0.876607
0.958614 0.0969174
0.739655 0.465498
0.485349 0.775198
0.822959 0.338871
0.871102 0.256596
0.983564 0.0472591
0.502957 0.757887
0.54617 0.712739
0.695694 0.52999
0.665267 0.569843
0.935526 0.140426
0.970545 0.0714646
0.809104 0.357258
0.547982 0.709478
0.70356 0.516858
0.945153 0.12147
1 1.41875e-10
0.280775 0.921165
0.997536 0.0212388
0.281846 0.929514
0.457445 0.800259
0.919839 0.168219
0.927325 0.154417
0.987267 0.041243
0.328824 0.901054
0.304186 0.916217
0.993698 0.0286003
0.99975 0.0164274
0.292416 0.922855
0.795 0.379515
0.293993 0.921491
0.544638 0.712916
0.569173 0.68626
0.999233 0.0168117
0.786153 0.394484
0.296331 0.920111
0.765369 0.427869
0.968126 0.0774098
0.717618 0.495925
0.999995 0.0158878
0.361235 0.878092
0.999753 0.0162372
0.471082 0.787966
0.454995 0.802599
0.416316 0.835472
0.394658 0.853259
0.997379 0.0207931
0.752907 0.445646
0.581771 0.67205
0.879618 0.239725
0.664677 0.568932
0.585141 0.667377
0.282282 0.928748
0.959136 0.0943212
0.347908 0.887706
