326089 490.038
0.280828 0.974113
0.999999 1.29516e-06
0.999998 0.65161
0.999979 0.727337
0.999999 0.497489
1 1.27515
0.99575 1.29511
1 0.517392
0.999867 0.545491
1 0.403421
0.946345 0.775664
0.98907 0.69455
1 0.616477
0.512668 1.75015
0.999977 0.610576
0.999999 0.568276
0.999866 1.48272
0.999847 2.20092
0.999847 2.20092
0.999999 0.583148
0.999999 0.494814
0.999982 0.539326
0.531995 2.17001
0.292386 2.52604
0.999468 0.547837
0.999999 0.580749
0.999986 0.528571
0.999999 0.67245
0.999999 0.857517
0.98907 0.69455
0.999947 0.544161
0.99997 0.485826
0.999997 0.607823
0.531995 2.17001
0.551329 2.64845
0.785315 1.33985
1 0.403421
0.398662 2.60431
0.994713 1.37901
0.999999 0.857517
0.995845 1.78064
0.564922 1.10324
0.295007 3.03888
0.999647 1.28596
0.723945 1.64138
0.999998 0.65161
0.999999 0.541079
0.325846 2.26768
0.29936 3.43426
0.997659 0.668471
0.701425 1.74284
0.999986 0.709742
0.999867 0.545491
0.44513 2.53358
0.315274 2.32875
0.999647 1.28596
1 1.05836
0.999994 0.644674
0.999669 0.667184
0.999986 0.709742
0.881702 0.846497
0.315274 2.32875
0.999735 0.612018
0.385813 2.58895
0.280844 2.08465
0.328701 1.32717
0.999735 0.642912
0.999933 0.60602
0.292386 2.52604
0.99997 0.485826
0.551329 2.64845
0.723945 1.64138
0.38186 1.28451
0.881702 0.846497
0.999999 0.494814
0.283101 2.6898
0.984924 0.955049
0.701425 1.74284
0.370623 2.60499
0.999999 0.568276
1 1.06095
0.999999 0.679657
0.999866 1.48272
1 0.631487
0.999997 0.588829
0.331049 3.18995
0.984924 0.955049
1 1.01885
0.44513 2.53358
1 1.06095
1 0.590999
1 0.891468
1 0.96714
0.999735 0.642912
0.998331 0.584032
1 0.572898
1 0.673726
0.999999 0.580749
0.999994 0.644674
0.999947 0.544161
