724406 160.002
0.999802 2.5031
0.999802 2.5031
0.305591 2.82101
0.280775 3.94809
0.5464 2.74878
0.5464 2.74878
0.662804 2.70147
0.662804 2.70147
0.836837 2.60876
0.74213 2.6609
0.929453 2.55146
0.705006 2.67923
0.903854 2.56798
0.866559 2.59037
0.973316 2.52322
0.662806 2.70008
0.866501 2.5919
0.836837 2.60876
0.705006 2.67923
0.741972 2.67851
0.929453 2.55146
0.866559 2.59037
0.662806 2.70008
0.280775 3.94809
0.305591 2.82101
0.973316 2.52322
0.973316 2.52322
0.992186 2.5115
0.705006 2.67923
0.992186 2.5115
0.741993 2.6611
0.705006 2.67923
0.985408 2.51219
0.977859 2.51967
0.973316 2.52322
0.973316 2.52322
0.977859 2.51967
0.992186 2.5115
0.985405 2.51535
0.977859 2.51967
0.836837 2.60876
0.662804 2.70147
0.973321 2.52222
0.973321 2.52222
0.741972 2.67851
0.985408 2.51219
0.74213 2.6609
0.741993 2.6611
0.999801 2.50313
0.985408 2.51219
0.836837 2.60876
0.836837 2.60876
0.74213 2.6609
0.973321 2.52222
0.929453 2.55146
0.866559 2.59037
0.992186 2.5115
0.305591 2.82101
0.866501 2.5919
0.705006 2.67923
0.985405 2.51535
0.305591 2.82101
0.977859 2.51967
0.662806 2.70008
0.705006 2.67923
0.741972 2.67851
0.74213 2.6609
0.973321 2.52222
0.280775 3.94809
0.973316 2.52322
0.662806 2.70008
0.741972 2.67851
0.973321 2.52222
0.5464 2.74878
0.977859 2.51967
0.985405 2.51535
0.741972 2.67851
0.985408 2.51219
0.74213 2.6609
0.741993 2.6611
0.985408 2.51219
0.836837 2.60876
0.836837 2.60876
0.973321 2.52222
0.929453 2.55146
0.662804 2.70147
0.977859 2.51967
0.705006 2.67923
0.985405 2.51535
0.977859 2.51967
0.662806 2.70008
0.705006 2.67923
0.741972 2.67851
0.985408 2.51219
0.280775 3.94809
0.280775 3.94809
0.973316 2.52322
0.903854 2.56798
0.973316 2.52322
0.5464 2.74878
