132903 570.132
0.999984 0.00300678
0.999984 0.00300678
0.280775 0.923069
0.280775 0.923069
0.683551 0.53525
0.748933 0.441852
0.92247 0.152142
0.350796 0.878916
0.847259 0.284997
0.571614 0.675406
0.615722 0.623443
0.43195 0.815341
0.45794 0.792376
0.731303 0.467863
0.374714 0.861527
0.831168 0.311786
0.650137 0.579773
0.801312 0.360495
0.631088 0.604142
0.94812 0.104329
0.665588 0.559292
0.816901 0.335575
0.887019 0.217105
0.707534 0.501805
0.395685 0.845466
0.863563 0.257117
0.300124 0.911672
0.935514 0.127913
0.769241 0.41087
0.50992 0.742649
0.491404 0.760801
0.414582 0.83015
0.553734 0.695553
0.474332 0.777127
0.526214 0.725268
0.874655 0.237885
0.990017 0.0230807
0.786319 0.384659
0.53992 0.710551
0.715228 0.490946
0.593421 0.650226
0.903039 0.187437
0.903039 0.187437
0.593173 0.650399
0.325152 0.896173
0.777655 0.398093
0.324082 0.896959
0.962991 0.0756319
0.962991 0.0756319
0.977698 0.0472708
0.977698 0.0472708
0.99923 0.00512931
0.903039 0.187437
0.999984 0.00328196
0.665588 0.559541
0.801312 0.360959
0.903039 0.188277
0.962991 0.075722
0.990017 0.0241436
0.99923 0.00576469
0.999984 0.00339019
0.665588 0.559636
0.962991 0.0757882
0.99923 0.005949
0.999984 0.00341373
0.665588 0.559708
0.962991 0.0761008
0.999984 0.00346683
0.665588 0.560012
0.962991 0.0761175
0.999984 0.0034693
0.665588 0.560037
0.962991 0.0761195
0.999984 0.00351283
0.665588 0.560108
0.962991 0.0761298
0.999984 0.0035152
0.962991 0.0761359
0.999984 0.00355707
0.962991 0.0762089
0.999984 0.00359308
0.962991 0.0766801
0.999984 0.00362155
0.962991 0.0767642
0.999984 0.00364299
0.962991 0.0767802
0.999984 0.00364512
0.999984 0.00365357
0.999984 0.00370513
0.999984 0.00416177
0.999984 0.00421333
0.999984 0.00428791
0.999984 0.0042905
0.999984 0.00430211
0.999984 0.00431234
0.999984 0.00433008
0.999984 0.00433511
0.999984 0.00435133
0.999984 0.00438808
0.999984 0.00440012
