145922 510.074
0.534443 0.722584
0.646732 0.591608
0.592331 0.65897
0.691627 0.535519
0.443541 0.810427
0.558279 0.698352
0.280775 0.921165
0.79712 0.376149
0.899746 0.20375
0.96837 0.0773491
0.509368 0.748668
0.520239 0.738829
0.731921 0.478243
0.888535 0.22444
0.476512 0.774499
0.313446 0.909895
0.60872 0.641966
0.821537 0.33942
0.788747 0.389698
0.906944 0.188446
0.661414 0.575767
0.744862 0.4564
0.622744 0.62278
0.858201 0.27852
0.962006 0.090584
0.875571 0.246127
0.497227 0.76203
0.615118 0.632583
0.86311 0.26695
0.393803 0.853884
0.299386 0.916632
0.832079 0.320858
0.881941 0.236665
0.432765 0.821988
0.681676 0.546353
0.943542 0.124857
0.827105 0.32839
0.869281 0.258956
0.95509 0.103857
0.461403 0.796016
0.38528 0.859591
0.925735 0.154269
0.406071 0.842038
0.71077 0.506986
0.720797 0.488881
0.365616 0.87486
0.578008 0.673778
0.331155 0.899825
0.840456 0.30658
0.374362 0.868396
0.950198 0.111002
0.471813 0.785401
0.677201 0.552195
0.667097 0.567551
0.492781 0.768153
0.771897 0.415995
0.714666 0.500351
0.359592 0.879191
0.464795 0.792654
0.353398 0.883317
0.748901 0.45081
1 1.22984e-08
0.280775 0.921165
0.49765 0.761196
1 0.014133
0.967202 0.079198
0.986163 0.0412181
0.329406 0.899174
1 0.0146103
0.954297 0.102415
1 0.014139
0.956293 0.0998052
0.453028 0.803092
0.817279 0.345477
0.405175 0.844543
0.956573 0.0992776
0.304565 0.914886
0.976759 0.0602273
0.94308 0.123695
0.894536 0.213187
0.571041 0.683995
0.999852 0.0148961
0.986381 0.0421584
0.934984 0.140364
0.410958 0.839807
0.958094 0.0964875
0.82778 0.326646
0.99999 0.0143094
0.983891 0.0459941
0.99899 0.016971
0.999958 0.0138726
0.485298 0.773722
0.948897 0.113931
0.942919 0.124698
1 0.0145378
0.850161 0.289462
0.418386 0.833233
0.999609 0.0150968
0.285559 0.926376
0.598968 0.650415
