57864 80.0084
0.280791 0.930385
0.999998 1.56668e-05
0.902664 1.08787
0.421331 2.16197
0.984982 1.33534
0.990055 0.71817
0.999722 1.1303
0.925572 0.986285
0.915559 1.20016
1 0.698122
0.725981 2.7517
0.999993 0.507815
0.932856 0.739314
0.998842 0.493553
0.989529 0.645019
0.813747 2.45651
1 0.695011
0.280842 1.2609
0.886748 1.09185
0.99469 0.696243
0.995808 0.706562
0.702193 0.517797
0.999868 0.56497
0.811494 1.17688
0.978625 0.451079
0.978625 0.451079
0.999975 0.412819
0.989529 0.645019
0.917662 0.704956
0.846664 1.08454
0.978734 0.905167
0.943715 0.465239
0.917662 0.704956
0.999603 0.582215
0.981617 0.786722
0.987311 0.74924
1 0.698122
0.999487 0.99636
0.998558 1.07328
0.813228 2.03775
0.999999 0.513285
0.791113 0.755777
0.678887 1.00647
0.319233 2.28022
0.983129 0.867197
0.785814 0.700073
0.999975 0.412819
0.999293 0.565472
0.975004 1.17171
1 0.438981
0.986722 0.758909
1 0.654525
0.873646 0.628924
0.990055 0.71817
0.999487 0.99636
0.983129 0.867197
0.873646 0.628924
0.669378 2.49242
0.985546 0.697661
1 0.880067
0.999968 0.619333
0.809221 0.981063
0.799558 1.04521
1 0.955111
1 0.911975
0.809221 0.981063
0.997827 0.703617
0.975004 1.17171
0.999999 0.513285
0.985402 0.35301
0.841216 2.54631
1 0.695011
0.800811 0.734057
0.999987 0.704911
0.999837 0.996865
0.811494 1.17688
0.800811 0.734057
1 0.539455
0.644655 0.959504
0.987311 0.74924
0.999868 0.56497
0.999987 0.704911
0.999722 1.1303
0.988582 1.55071
0.995458 0.769689
0.999993 0.507815
0.83482 0.808468
0.985546 0.697661
0.999747 0.55444
0.813747 2.45651
0.999968 0.619333
0.999227 1.00257
0.986185 0.795436
0.747055 2.74081
1 0.539455
0.894698 0.975717
0.998558 1.07328
0.986185 0.795436
0.610488 2.4058
0.644655 0.959504
