9461 40.0056
0.920073 0.153465
0.976001 0.0474228
0.999954 9.26148e-05
0.998715 0.00256883
1 3.55552e-10
0.865179 0.251466
0.70811 0.498581
0.995109 0.00975891
0.685508 0.530079
0.860154 0.260135
1 0
0.909557 0.172707
0.359085 0.871058
0.98218 0.0353228
0.87289 0.238063
0.980113 0.0393788
0.804734 0.352403
0.555481 0.69144
0.981106 0.0374319
1 0
0.662284 0.561381
0.917504 0.158186
1 0
0.597499 0.642994
0.999999 2.22411e-06
0.946736 0.103691
0.9705 0.0581305
0.987339 0.0251609
1 0
0.704441 0.503763
0.598618 0.641656
0.999884 0.000231595
1 1.39151e-07
1 0
0.849607 0.278167
0.999491 0.00101854
1 0
0.916111 0.160741
1 0
0.580871 0.662589
0.409697 0.832149
0.999997 6.84409e-06
0.80263 0.355785
0.999978 4.44609e-05
0.812952 0.33911
0.999842 0.000315455
0.832928 0.306232
0.803778 0.353942
0.842117 0.290838
1 0
1 0
1 0
1 0
1 0
0.996363 0.00726124
0.929462 0.136101
0.999262 0.0014754
0.672161 0.548199
0.889091 0.209516
0.935032 0.125715
1 0
0.999925 0.000149524
0.631509 0.601197
0.909905 0.172074
1 0
1 0
0.98653 0.0267581
1 0
1 0
0.63169 0.600968
1 0
0.991863 0.0162078
0.999772 0.000455698
1 0
1 6.87884e-09
1 0
1 3.21064e-07
0.999989 2.24785e-05
1 0
0.892697 0.203093
1 0
0.815648 0.334718
0.84363 0.288288
0.999999 1.17029e-06
0.991911 0.0161131
0.79388 0.369755
0.989735 0.0204254
0.889476 0.208833
0.825571 0.318432
1 0
1 0
1 0
1 0
0.887371 0.212573
0.424489 0.819809
1 0
1 0
0.999906 0.000188146
1 0
0.995789 0.0084035
