82864 280.048
0.280775 0.921789
0.280775 0.921789
1 0.00107019
0.918788 0.156815
0.819016 0.330178
0.65492 0.571906
0.990893 0.0192769
0.600624 0.639979
0.423663 0.821192
0.476697 0.773417
0.620773 0.615442
0.387335 0.850637
0.400275 0.840451
0.319709 0.898376
0.748785 0.440224
0.54468 0.704074
0.912744 0.167959
0.88024 0.226127
0.739618 0.453859
0.432347 0.813762
0.484047 0.766412
0.840821 0.293933
0.85275 0.273741
0.590956 0.651551
0.80612 0.351125
0.726859 0.472559
0.370177 0.863626
0.668253 0.554275
0.828335 0.314836
0.514233 0.736241
0.361774 0.869774
0.982459 0.0359107
0.723029 0.47811
0.960957 0.0776742
0.577496 0.667269
0.686663 0.529344
0.343428 0.882704
0.928639 0.138707
0.79898 0.362578
0.534818 0.714714
0.999994 0.00116895
0.763541 0.417921
0.714626 0.490118
0.697541 0.514297
0.411052 0.831713
0.635479 0.596978
0.566114 0.680279
0.526192 0.723861
0.57183 0.673778
0.93909 0.119198
0.753746 0.432774
0.975668 0.0492001
0.712126 0.493748
0.788627 0.379006
0.611167 0.62721
0.389729 0.848777
0.779926 0.392646
0.770492 0.407263
0.649299 0.579233
0.638906 0.592614
0.560325 0.686795
0.500707 0.750016
0.953596 0.0917584
0.968918 0.0623188
0.675667 0.544316
0.685679 0.530694
0.46508 0.784404
0.740027 0.453254
0.297722 0.911945
0.782867 0.388052
0.560325 0.686795
0.504347 0.746359
0.858157 0.264571
0.872918 0.239033
0.591825 0.650466
0.958537 0.0822341
0.54468 0.704074
0.511412 0.739188
0.902181 0.187118
0.811402 0.342586
0.308331 0.905565
0.863955 0.254517
0.944552 0.108916
0.408561 0.833752
0.897195 0.196084
0.456052 0.792663
0.97401 0.0524306
0.70458 0.504433
0.9297 0.136735
0.531938 0.717729
0.79233 0.373154
0.306114 0.906879
0.907047 0.178241
0.46508 0.784404
0.836011 0.302068
0.764312 0.416675
0.950252 0.0981205
0.675667 0.544316
0.668253 0.554275
0.935088 0.126694
