10 0.0231259
0.991309 7.77071
0.999917 7.69184
0.999998 7.39044
0.985862 8.29134
0.98178 7.34338
0.998968 8.00863
0.999568 7.47172
1 7.4501
0.999621 8.14955
0.945713 8.09425
1 7.96414
0.674151 8.06148
0.942914 7.46526
0.983782 8.13188
0.943831 7.68277
0.795352 8.1503
0.998868 7.63597
0.811198 7.75869
1 8.03189
0.99999 7.71183
0.983957 7.73748
0.999933 8.12334
0.94382 7.7928
0.945223 7.45218
0.916535 8.10447
0.656755 7.90263
0.670671 8.09512
1 7.84677
0.978361 7.56045
0.836498 7.99713
1 7.99524
0.999671 7.53058
0.999922 7.87194
1 8.26343
0.961835 7.82327
1 7.75045
0.979136 7.28601
1 7.90104
1 8.14315
0.999997 7.67692
0.999957 8.08896
1 8.12028
0.6593 7.94402
1 8.0892
0.991666 7.90622
0.95745 7.70129
0.985738 7.70826
1 7.5937
1 7.68492
0.999881 8.24477
0.997954 7.4192
0.999647 7.83332
0.9982 7.7224
1 7.61096
0.869982 7.38025
0.999983 7.44759
0.970387 7.5822
0.869035 8.21862
0.99266 7.79198
0.94026 7.9859
0.905084 7.84185
0.962776 8.06108
1 8.08361
0.999993 8.04107
0.997037 7.88421
0.280825 7.98165
1 7.4904
1 7.73458
0.975878 7.37797
1 7.41174
0.96238 7.82666
0.842884 8.41339
1 7.6208
0.841527 8.05134
0.996153 8.063
0.901053 8.09627
0.774837 8.18544
1 7.88024
0.917141 7.91776
0.999926 7.81041
0.978316 7.82084
1 7.92429
0.968046 7.41983
1 7.71244
0.822508 7.63468
1 7.95578
0.750819 7.78586
0.974706 7.46749
0.827945 7.4031
0.969596 7.73303
1 7.90549
0.963161 7.26491
1 7.74115
0.958522 8.04415
0.95824 7.50621
1 8.16003
1 7.71036
0.841727 7.66901
0.928448 7.69431
0.993478 8.3212
