344300 530.044
0.280776 0.98413
0.999992 1.55977e-05
1 0.821096
0.98758 0.490198
0.820328 0.88839
0.807798 0.950656
0.845391 0.825793
0.999952 0.737076
0.955403 0.777396
0.955403 0.777396
0.999865 0.482829
0.999996 0.572142
0.828885 0.805742
0.995652 0.708776
0.999504 0.624645
0.887805 1.04215
0.99998 1.41937
0.941386 0.710295
0.851728 1.1025
0.854424 2.62237
0.828885 0.805742
0.94906 0.838536
0.726767 0.891447
1 0.59256
0.701808 1.07517
0.664069 1.1916
0.975725 0.838568
0.303774 1.47608
0.990152 0.969523
0.647696 2.06649
0.998682 0.830687
0.999952 0.737076
0.783069 1.0246
1 0.787606
0.636898 2.24298
0.887805 1.04215
1 0.821096
0.999817 0.608352
0.852085 0.886344
0.999919 0.716333
0.877401 0.649842
0.945711 0.727117
0.999996 0.572142
0.94349 1.03438
0.986463 3.66314
0.974801 0.764287
0.602841 3.53163
0.974529 0.740468
0.934082 1.14656
0.303529 1.40965
0.410294 1.34781
0.990152 0.969523
0.934082 1.14656
0.820328 0.88839
0.807798 0.950656
0.918997 0.965604
0.996115 0.716193
0.999987 0.604704
0.854424 2.62237
1 0.63816
0.786567 0.923008
0.981246 2.72702
0.921356 1.09622
1 0.63816
0.98643 0.87971
0.845419 1.64521
0.768574 1.17511
1 0.674091
0.986463 3.66314
0.998595 0.739261
0.845391 0.825793
1 0.665102
0.999817 0.608352
0.981246 2.72702
0.881624 1.03126
0.521651 2.58204
0.992827 0.675423
0.521651 2.58204
0.473656 2.32148
1 0.787606
0.473656 2.32148
0.650449 1.10282
0.671436 1.12442
1 0.665102
0.881624 1.03126
1 0.803564
0.99885 0.836103
0.98643 0.87971
0.962184 1.12182
0.974529 0.740468
0.410294 1.34781
0.998682 0.830687
0.701808 1.07517
0.636116 1.31829
0.303529 1.40965
0.941386 0.710295
0.745266 2.0764
0.996108 0.72478
0.910025 0.885578
0.845419 1.64521
