17700 60.0103
1 0.000954235
0.280775 0.921796
0.280775 0.921796
0.656382 0.569846
0.844661 0.287549
0.493263 0.757285
0.641321 0.58938
0.829101 0.313577
0.512041 0.738416
0.895695 0.198591
0.564873 0.681689
0.929436 0.137037
0.55231 0.695576
0.406904 0.835111
0.977139 0.0461326
0.921851 0.151073
0.800574 0.360041
0.905057 0.18174
0.751374 0.436184
0.288138 0.91761
0.579633 0.664663
0.33083 0.891081
0.706986 0.501048
0.868146 0.247158
0.966495 0.0668097
0.744586 0.446501
0.319033 0.898744
0.402255 0.83887
0.386427 0.851223
0.590004 0.652538
0.78943 0.377575
0.349135 0.878761
0.810098 0.344531
0.421548 0.822859
0.301685 0.909507
0.758209 0.426039
0.994237 0.0124408
0.596722 0.644571
0.885843 0.216133
0.699061 0.512024
0.917043 0.160108
0.531409 0.718216
0.625086 0.609931
0.613738 0.62413
0.667143 0.555609
0.312364 0.902952
0.349135 0.878761
0.682087 0.535457
0.980346 0.0400685
0.362018 0.869483
0.433099 0.812992
0.774474 0.400953
0.695786 0.51659
0.360956 0.870372
0.883563 0.220166
0.875187 0.23489
0.863617 0.254998
0.855131 0.269577
0.739095 0.454642
0.386427 0.851223
0.374158 0.86055
0.421548 0.822859
0.374158 0.86055
0.72747 0.471681
0.950713 0.0970539
0.632286 0.600882
0.667143 0.555609
0.675994 0.543728
0.95184 0.0949094
0.821823 0.325587
0.762333 0.419772
0.514614 0.735776
0.987658 0.0254747
0.724275 0.476317
0.987253 0.0262738
0.605744 0.633726
0.530372 0.719317
0.733123 0.463264
0.912136 0.168882
0.329609 0.891887
0.470451 0.77939
0.783332 0.387161
0.875187 0.23489
0.770196 0.407558
0.934857 0.126936
0.712063 0.493685
0.783332 0.387161
0.944162 0.10946
0.794573 0.369607
0.811551 0.342355
0.479617 0.770687
0.304595 0.907743
0.689142 0.525788
0.607623 0.631447
0.448013 0.799986
0.521975 0.728286
0.958036 0.0832885
0.714788 0.489961
0.855131 0.269577
0.848753 0.28044
