102599 90.005
0.280777 0.92546
0.999975 5.15594e-05
0.905745 0.504669
0.995369 0.401344
0.98599 0.433338
0.967832 2.5245
1 0.380705
0.998176 0.752634
0.974023 0.425001
0.882048 0.499157
0.999994 0.374544
0.905364 2.06444
0.632979 2.22018
0.325054 3.42969
0.999445 0.308204
0.993286 1.37677
0.999933 0.384682
0.999956 0.222956
0.855306 3.54335
0.999445 0.308204
0.325054 3.42969
0.976578 0.311933
0.996412 0.362292
0.639178 2.11604
0.999999 0.25103
0.833039 0.60623
0.999275 0.368435
0.683339 0.756414
0.963171 2.74204
0.998631 0.753676
0.786938 0.645688
0.948744 0.444801
0.857861 0.618701
0.639178 2.11604
1 0.370732
0.953504 0.393419
0.882048 0.499157
0.999984 1.1843
0.982883 0.405266
0.811792 0.64069
0.999994 0.374544
0.81888 1.08978
0.984007 2.79122
0.911282 2.982
0.993286 1.37677
0.998056 0.22147
0.827557 0.588891
0.990413 0.359932
0.966947 0.388337
0.927477 2.97281
0.966347 2.96708
0.999956 0.222956
0.982883 0.405266
0.855306 3.54335
0.996412 0.362292
1 0.401091
1 0.360454
0.978742 2.96691
0.998131 0.384511
0.999243 0.369113
0.8105 0.605807
0.485172 3.3625
0.905745 0.504669
0.99984 0.29971
0.855306 3.31824
0.966947 0.388337
0.948744 0.444801
0.999984 1.1843
1 0.315565
0.995369 0.401344
0.81888 1.08978
0.878035 0.533624
0.993286 1.37677
0.996215 0.35053
0.976578 0.311933
0.961478 0.370802
0.998176 0.752634
0.999967 0.292536
0.973573 2.75485
1 0.334971
0.999695 0.329513
0.986147 0.43166
0.998131 0.384511
0.999933 0.384682
0.994662 0.450705
0.998631 0.753676
0.974023 0.425001
0.992649 0.297257
0.804264 3.92057
0.999974 0.29892
0.999943 0.276221
1 1.97117
0.749599 0.730492
0.99984 0.29971
0.8105 0.605807
0.855306 3.31824
0.786938 0.645688
0.967832 2.5245
0.503415 0.955379
0.966347 2.96708
