191022 450.058
0.336249 0.886937
1 0
0.999426 0.0011473
1 0
0.980746 0.0381366
0.377029 0.857849
0.553747 0.693364
0.405783 0.83534
1 7.71108e-11
0.644978 0.584004
0.325145 0.894281
0.954798 0.0883599
0.936748 0.122502
0.929152 0.136676
0.967128 0.0646634
0.456846 0.791292
0.672028 0.548378
0.904248 0.182335
0.977476 0.0445412
0.814431 0.336702
1 0
0.972322 0.0545891
0.845341 0.285398
1 6.18203e-07
0.975616 0.0481728
0.999868 0.000264872
0.959091 0.0801449
0.932645 0.130173
0.990855 0.0182073
1 0
0.99975 0.000500226
0.643512 0.585892
0.998988 0.00202305
0.946086 0.104921
0.985819 0.0281604
0.703403 0.505225
0.724794 0.474673
1 0
1 0
0.984846 0.0300777
0.923631 0.146906
0.413984 0.828617
0.999974 5.26664e-05
0.684505 0.531453
0.995893 0.00819709
0.998971 0.00205677
0.981999 0.0356776
0.669145 0.552245
0.297587 0.911442
0.962752 0.073108
0.977832 0.0438449
0.954407 0.0891075
0.689556 0.524513
0.873757 0.236549
1 0
0.631068 0.601753
0.888017 0.211427
0.907794 0.17591
0.853648 0.271285
0.995382 0.00921485
0.669942 0.551178
0.831686 0.308298
0.282738 0.920059
0.746053 0.443405
0.98569 0.028416
0.728891 0.468718
0.95028 0.0969688
0.987654 0.0245402
0.816108 0.333968
1 4.20042e-11
0.999857 0.000285171
0.594259 0.646857
0.998071 0.00385506
0.992871 0.0142077
0.999881 0.000237543
0.99728 0.00543169
0.630841 0.60204
1 0
0.917264 0.158626
1 0
0.999996 8.55509e-06
1 0
0.999499 0.00100108
0.632257 0.600251
1 0
0.997374 0.00524416
0.999957 8.64481e-05
1 0
0.433396 0.812168
1 2.88356e-08
0.621593 0.613623
0.476841 0.772623
1 0
1 5.6389e-09
1 0
0.989819 0.0202584
0.999495 0.00100941
0.999426 0.00114856
0.957775 0.082667
0.997906 0.00418276
