141010 600.002
0.928306 0.138249
1 0
0.998003 0.00399061
1 3.21965e-14
0.999996 7.10465e-06
1 0
0.304574 0.907235
0.941862 0.112896
0.908928 0.173849
0.999997 5.7804e-06
0.995809 0.00836516
0.657585 0.567582
1 6.34774e-07
0.538453 0.710069
1 0
1 0
0.997605 0.00478422
0.932169 0.131061
0.995947 0.00808934
1 0
0.968085 0.062811
1 0
1 0
0.99999 1.92832e-05
0.290142 0.915818
1 0
1 0
0.982913 0.033882
0.781398 0.389417
1 0
0.287218 0.917506
1 0
0.997163 0.00566592
1 0
0.933787 0.128042
0.638142 0.592775
1 7.98381e-08
0.631012 0.601823
0.998941 0.00211668
1 0
0.47597 0.773453
1 0
1 0
0.593061 0.648278
0.998198 0.00360004
0.72247 0.478038
0.315768 0.90029
1 3.59361e-07
0.949382 0.0986731
0.918799 0.155808
0.999956 8.75921e-05
0.999803 0.000394583
0.890444 0.207109
0.939678 0.117006
0.994636 0.0106994
0.752587 0.433613
0.70377 0.504707
0.869595 0.243805
0.993794 0.0123727
0.593583 0.647659
0.997782 0.00443013
0.999817 0.000366774
0.617109 0.619177
0.996546 0.00689581
1 0
0.999575 0.000849198
1 0
0.963311 0.0720321
0.94656 0.104025
0.327049 0.893039
1 0
0.696491 0.514901
0.66138 0.562576
0.997005 0.00598197
0.999693 0.00061485
0.999991 1.81278e-05
0.995883 0.00821622
0.987106 0.0256213
0.980646 0.0383341
0.999302 0.0013947
1 0
0.950055 0.0973955
1 0
0.66388 0.559263
0.992907 0.0141359
0.999977 4.63646e-05
1 7.95142e-13
0.453336 0.794486
0.598974 0.64123
0.916458 0.160105
1 1.86485e-07
1 0
0.853976 0.270724
1 7.46865e-08
0.99334 0.013276
0.960467 0.0775032
0.933595 0.128401
0.919118 0.155222
0.485014 0.764761
0.351782 0.876249
