147600 360.042
1 3.05626e-09
0.910962 0.170148
0.874638 0.235009
1 3.88811e-09
1 0
0.961358 0.0757902
1 0
0.999996 8.53993e-06
0.928768 0.137389
0.999709 0.000581814
1 0
1 0
1 0
0.999863 0.000273282
0.921256 0.151287
1 0
0.612564 0.624765
1 0
0.631145 0.601656
0.876599 0.231575
0.985949 0.0279053
1 7.16652e-07
0.911065 0.169961
0.999536 0.000927564
0.632823 0.599535
0.810498 0.343092
0.999643 0.000714003
1 0
0.833929 0.304562
0.882662 0.220908
1 0
0.874796 0.234732
0.883069 0.220189
0.946122 0.104854
0.989153 0.0215769
0.999999 1.34105e-06
0.908808 0.174067
0.802093 0.356647
0.99713 0.00573195
1 0
0.634969 0.596815
1 0
0.874453 0.235333
1 5.91305e-13
1 0
1 0
1 0
0.847291 0.282097
1 0
0.992355 0.0152315
1 0
0.634623 0.597254
1 0
0.635063 0.596695
1 0
0.933717 0.128173
0.67695 0.541739
1 0
1 0
1 0
0.959146 0.0800391
0.295576 0.912635
0.846559 0.283338
1 0
0.999782 0.000436667
0.952519 0.0927082
0.99778 0.00443575
0.85725 0.265122
0.999999 1.84314e-06
0.427156 0.817538
0.957142 0.08388
0.645548 0.583268
0.651671 0.575325
0.999189 0.00162138
1 0
1 5.21297e-08
0.997763 0.00446859
0.698192 0.512527
0.810254 0.343488
0.953979 0.0899246
0.922525 0.148948
0.63074 0.602167
0.663671 0.559541
0.994953 0.0100676
0.990424 0.0190606
0.550751 0.696673
1 0
0.99008 0.0197418
0.59472 0.646308
0.935936 0.124023
0.96239 0.0738058
0.999992 1.54049e-05
1 0
1 0
0.29575 0.912532
0.999436 0.00112697
0.999997 5.72449e-06
1 0
0.886478 0.214158
1 0
