237818 340.028
0.280775 0.921165
0.280775 0.921165
0.280775 0.921165
0.280775 0.921165
0.280775 0.921165
0.280775 0.921165
0.280775 0.921165
0.280775 0.921165
0.280775 0.921165
0.280775 0.921165
0.280775 0.921165
0.280775 0.921165
0.280775 0.921165
0.280775 0.921165
0.280775 0.921165
0.280775 0.921165
0.280775 0.921165
0.280775 0.921165
0.280775 0.921165
0.280775 0.921165
0.280775 0.921165
0.280775 0.921165
0.280775 0.921165
0.280775 0.921165
0.280775 0.921165
0.280775 0.921165
0.280775 0.921165
0.280775 0.921165
0.280775 0.921165
0.280775 0.921165
0.280775 0.921165
0.280775 0.921165
0.280775 0.921165
0.280775 0.921165
0.280775 0.921165
0.280775 0.921165
0.280775 0.921165
0.280775 0.921165
0.280775 0.921165
0.280775 0.921165
0.280775 0.921165
0.280775 0.921165
0.280775 0.921165
0.280775 0.921165
0.280775 0.921165
0.280775 0.921165
0.280775 0.921165
0.280775 0.921165
0.280775 0.921165
0.280775 0.921165
0.280775 0.921165
0.280775 0.921165
0.280775 0.921165
0.280775 0.921165
0.280775 0.921165
0.280775 0.921165
0.280775 0.921165
0.280775 0.921165
0.280775 0.921165
0.280775 0.921165
0.280775 0.921165
0.280775 0.921165
0.280775 0.921165
0.280775 0.921165
0.280775 0.921165
0.280775 0.921165
0.280775 0.921165
0.280775 0.921165
0.280775 0.921165
0.280775 0.921165
0.280775 0.921165
0.280775 0.921165
0.280775 0.921165
0.280775 0.921165
0.280775 0.921165
0.280775 0.921165
0.280775 0.921165
0.280775 0.921165
0.280775 0.921165
0.280775 0.921165
0.280775 0.921165
0.280775 0.921165
0.280775 0.921165
0.280775 0.921165
0.280775 0.921165
0.280775 0.921165
0.280775 0.921165
0.280775 0.921165
0.280775 0.921165
0.280775 0.921165
0.280775 0.921165
0.280775 0.921165
0.280775 0.921165
0.280775 0.921165
0.280775 0.921165
0.280775 0.921165
0.280775 0.921165
0.280775 0.921165
0.280775 0.921165
0.280775 0.921165
