9 0.01297
0.999976 8.5441
0.998506 7.37697
0.635498 8.0554
0.825276 7.55029
1 7.74734
0.967738 7.69357
1 8.14765
0.832074 7.74345
0.394204 7.95727
0.982504 7.919
0.960231 8.14039
1 8.13394
0.999751 7.45196
0.819316 7.41549
1 7.97378
0.985921 7.53033
1 7.72327
0.979914 8.43852
0.803112 7.51226
0.918465 8.05761
0.846199 7.95488
0.835672 8.46035
0.631722 8.02466
1 8.15972
0.993036 7.61881
1 8.25398
0.999964 7.80808
1 7.95221
1 8.06614
0.448309 8.09114
1 7.89891
1 8.22069
0.999999 8.00011
0.92936 7.43873
0.84945 7.52136
0.992872 7.96069
1 8.32597
0.995231 8.16005
1 8.11744
1 8.12802
1 8.40612
1 7.51596
1 8.35672
0.855494 8.21747
1 7.90032
1 7.96464
1 8.50471
0.437295 7.97585
0.854146 7.93648
0.956904 7.49605
0.281044 8.33033
0.996548 7.23949
1 7.91137
0.999795 7.63889
0.998755 8.05085
0.317507 8.65585
0.791903 7.57191
0.84136 8.30878
0.465311 7.96846
0.941778 8.01543
0.934863 7.95888
1 8.08916
0.985989 7.83436
1 8.51676
0.783438 8.33988
0.99999 8.47998
1 7.88074
1 8.56031
0.280784 8.26697
0.749359 8.22685
1 8.67745
1 8.159
0.630745 8.46557
0.999899 8.36745
1 8.272
0.961834 7.71624
1 8.39292
1 7.69864
1 8.40142
0.999972 7.94801
0.999984 8.09339
0.959515 7.97015
0.990888 8.0596
1 7.83547
1 8.20387
0.682727 8.05829
1 7.76682
0.999993 7.84188
0.680052 8.22857
0.993765 8.1229
1 7.75466
0.699757 7.81457
0.664143 8.40367
1 7.53498
0.665051 7.96424
1 8.24045
0.763511 8.36926
0.642746 8.03135
0.974034 7.85816
0.923663 8.3457
