148181 470.08
0.280775 0.921778
1 0.00103241
0.280775 0.921778
0.456944 0.791888
0.488862 0.761654
0.98199 0.0367096
0.965749 0.0683271
0.420606 0.823698
0.452731 0.795657
0.856314 0.267709
0.660256 0.564878
0.560306 0.686803
0.909366 0.173996
0.831098 0.31015
0.606937 0.632333
0.916761 0.160593
0.504765 0.745925
0.435402 0.8111
0.316501 0.900452
0.71598 0.488232
0.493271 0.757326
0.809816 0.345138
0.673893 0.546619
0.922027 0.150916
0.708491 0.498816
0.695712 0.516827
0.412496 0.830452
0.823241 0.323227
0.532584 0.717017
0.953139 0.0926099
0.842043 0.291933
0.381793 0.854885
0.435402 0.8111
0.366475 0.866281
0.871 0.242356
0.351196 0.877241
0.366475 0.866281
0.61517 0.622277
0.627212 0.607325
0.789758 0.37712
0.777319 0.396685
0.335826 0.887853
0.351196 0.877241
0.803803 0.354751
0.943757 0.110397
0.723204 0.47784
0.404535 0.836952
0.578672 0.665828
0.76483 0.415853
0.571482 0.674093
0.903151 0.185349
0.885652 0.216634
0.887745 0.212924
0.640904 0.58997
0.656742 0.569429
0.865248 0.252249
0.543592 0.705244
0.646696 0.582516
0.382898 0.853981
0.732567 0.464218
0.305975 0.906944
0.292394 0.915066
0.520433 0.729871
0.39471 0.84486
0.850528 0.277492
0.754836 0.431114
0.747648 0.441908
0.754836 0.431114
0.55107 0.696995
0.770897 0.406541
0.928071 0.139646
0.82826 0.314943
0.875444 0.2346
0.983149 0.0344341
0.785218 0.384267
0.693395 0.520044
0.553516 0.694294
0.942883 0.112044
0.934549 0.127585
0.28201 0.921028
0.598366 0.642729
0.894676 0.200485
0.736781 0.457951
0.681813 0.535962
0.816754 0.333774
0.936863 0.123353
0.614609 0.622968
0.326784 0.89384
0.929398 0.137182
0.799433 0.361838
0.816156 0.334835
0.708491 0.498816
0.954109 0.0907606
0.79585 0.36755
0.989345 0.0223201
0.305975 0.906944
0.325254 0.894837
0.721916 0.4797
0.398641 0.841743
0.963517 0.0726307
