948896 390.008
0.280775 3.74538
0.999517 2.47886
0.280775 2.80543
0.280775 3.74538
0.63803 2.77889
0.37603 2.78143
0.375878 2.78222
0.781755 2.61867
0.705645 2.65585
0.280775 2.80419
0.705523 2.68202
0.705523 2.68202
0.638082 2.68898
0.9605 2.51698
0.81093 2.60012
0.868742 2.56624
0.926118 2.56397
0.638043 2.69083
0.781755 2.61867
0.810886 2.60231
0.926118 2.56397
0.926118 2.56397
0.976755 2.49772
0.960509 2.50669
0.976755 2.49772
0.81093 2.60012
0.280775 2.80419
0.999517 2.47886
0.705592 2.66844
0.280775 2.80419
0.705632 2.65691
0.9605 2.51698
0.960509 2.50669
0.705523 2.68202
0.810886 2.60231
0.280775 2.80441
0.705645 2.65585
0.705632 2.65691
0.375878 2.78222
0.280775 2.80543
0.81093 2.60012
0.705632 2.65691
0.638082 2.68898
0.960509 2.50669
0.280775 2.80419
0.280775 2.80543
0.705645 2.65585
0.999517 2.47886
0.280775 2.80419
0.280775 2.80419
0.375878 2.78222
0.810886 2.60231
0.781755 2.61867
0.960509 2.50669
0.9605 2.51698
0.781755 2.61867
0.81093 2.60012
0.280775 3.74538
0.781755 2.61867
0.976755 2.49772
0.810886 2.60231
0.976755 2.49772
0.280775 3.74538
0.705632 2.65691
0.781755 2.61867
0.926118 2.56397
0.926118 2.56397
0.960509 2.50669
0.960509 2.50669
0.638082 2.68898
0.781755 2.61867
0.810886 2.60231
0.280775 2.80543
0.375878 2.78222
0.280775 2.80441
0.810886 2.60231
0.280775 2.80419
0.926118 2.56397
0.705592 2.66844
0.999517 2.47886
0.81093 2.60012
0.960509 2.50669
0.976755 2.49772
0.926118 2.56397
0.280775 2.80543
0.705645 2.65585
0.926118 2.56397
0.868742 2.56624
0.280775 2.80419
0.81093 2.60012
0.810886 2.60231
0.638082 2.68898
0.9605 2.51698
0.81093 2.60012
0.280775 3.74538
0.781755 2.61867
0.976755 2.49772
0.705632 2.65691
0.989879 2.48785
0.926118 2.56397
