188434 340.055
0.999963 0.0177684
0.999963 0.0177684
0.280775 0.930624
0.280775 0.930624
0.665362 0.572361
0.686535 0.544152
0.637012 0.609783
0.847716 0.299227
0.867798 0.265526
0.470766 0.791521
0.707535 0.514919
0.447207 0.813331
0.984766 0.0514878
0.832089 0.325491
0.722944 0.494239
0.932338 0.150232
0.739232 0.469537
0.817067 0.350085
0.377748 0.869119
0.491612 0.771597
0.427402 0.829052
0.882097 0.241289
0.970442 0.0780007
0.753476 0.44855
0.540728 0.721014
0.919712 0.1727
0.606627 0.646762
0.327216 0.904709
0.59085 0.665518
0.906589 0.196711
0.524374 0.738737
0.895244 0.218325
0.622703 0.627822
0.507691 0.755509
0.947535 0.122407
0.802832 0.372391
0.768588 0.426144
0.791803 0.390848
0.77951 0.409043
0.407561 0.845808
0.300226 0.921191
0.397118 0.854718
0.574849 0.683571
0.558677 0.702498
0.354947 0.88607
0.31484 0.912388
0.999533 0.0232383
0.959451 0.100098
0.355682 0.885352
0.565819 0.694246
0.95588 0.106613
0.999946 0.0216988
0.999963 0.0210531
0.355682 0.886094
0.95588 0.106749
0.999946 0.0218593
0.999946 0.0218593
0.999963 0.0211299
0.95588 0.107099
0.999946 0.0221306
0.999963 0.0214259
0.95588 0.108073
1 0.0215583
0.999963 0.0215613
0.999963 0.0216253
0.999963 0.0216392
0.999963 0.0216642
0.999963 0.0217083
0.999963 0.0217875
0.999963 0.0218034
0.999963 0.0218106
0.999963 0.0218567
0.999963 0.0218611
0.999963 0.0218729
0.999963 0.0219764
0.999963 0.0220177
0.999963 0.0220485
0.999963 0.0220674
0.999963 0.0220752
0.999963 0.0220879
0.999963 0.0221283
0.999963 0.0221383
0.999963 0.0221502
0.999963 0.022182
0.999963 0.0221873
0.999963 0.0222094
0.999963 0.0222242
0.999963 0.0222698
0.999963 0.0223556
1 0.0223684
0.999963 0.0223875
0.999963 0.022431
0.999963 0.0224468
0.999963 0.0224889
0.999963 0.0225484
0.999963 0.0225565
0.999963 0.0225925
0.999963 0.0226279
0.999963 0.0226589
0.999963 0.0226663
