20 0.0458514
1 7.97812
0.917176 7.12469
0.924131 7.9266
0.981052 7.04872
0.999981 7.77117
0.925653 7.10778
0.998375 7.65943
1 7.54049
1 7.6432
0.810677 7.11392
1 7.61146
1 8.42218
0.999876 7.12603
0.999967 7.54651
1 7.67031
0.42118 7.49891
1 8.06444
0.999977 7.43585
0.859818 7.51625
1 7.3874
0.843129 7.45485
0.958469 7.45649
0.998979 7.44108
1 7.72173
0.997328 7.46298
0.937494 7.68041
1 7.69797
1 8.37404
1 7.28731
0.595995 7.50707
0.999834 7.71759
0.951892 7.66587
0.999971 7.37282
0.990222 8.17913
1 8.03369
1 7.79492
1 8.06258
1 7.55854
0.999849 7.54477
0.999991 7.65789
0.903222 7.43842
0.970344 7.75899
0.304786 7.83351
0.834066 8.2066
0.903037 7.35235
0.999997 7.8648
0.999977 7.42059
1 8.42521
0.965353 8.23719
0.903679 7.1673
0.965846 7.26444
0.907046 7.89797
0.934435 7.65938
1 7.49261
0.933892 8.27083
0.8105 7.58199
0.995512 7.95074
0.942824 7.47015
1 7.47895
0.952794 7.72279
0.911305 7.56698
0.280898 7.42721
0.999985 7.36321
0.900273 7.48261
0.991689 7.53527
1 7.79042
0.875851 7.56414
1 7.5187
1 7.19147
0.95854 7.07093
1 7.51153
0.980033 6.87521
0.964301 7.4661
0.999995 7.64743
0.911168 7.34844
1 6.84993
0.933981 8.34609
1 7.42662
1 7.58079
0.687126 7.62066
0.879898 7.63253
0.999976 7.41204
0.805198 7.73024
0.997578 7.64163
0.705293 7.51919
0.950484 7.54445
0.976516 7.37335
0.998209 7.52792
0.987076 7.51836
0.937314 7.86508
0.98406 7.44163
0.98847 7.48924
0.994387 7.08821
0.999999 7.30896
0.950046 7.81253
0.973694 7.71283
1 7.1187
1 7.99171
1 7.26821
0.97681 7.7801
