1 0.00297702
0.905256 8.80521
1 8.0568
0.999882 8.07424
0.999998 8.02357
0.998358 7.96949
0.695113 8.03582
0.999186 7.95517
1 8.19472
1 7.91825
0.994865 8.74126
1 8.81793
0.951221 8.07082
0.855551 8.13198
1 7.85534
0.280777 8.95561
1 8.14314
1 8.22615
1 9.00624
1 8.13126
0.814804 8.47712
0.999992 7.88999
0.835271 8.88808
1 7.80717
1 8.14525
1 7.94246
1 7.84922
0.880226 8.25352
1 7.85205
0.988094 8.35006
0.964481 7.84176
1 7.97653
0.999999 8.63154
1 7.97719
1 8.78774
0.986743 7.89901
1 7.60753
1 8.14131
1 8.02493
1 8.08742
1 7.88279
0.97566 8.62441
0.999962 7.85846
0.644643 8.79025
1 7.91049
1 7.67658
1 8.0983
1 8.18264
0.999718 7.95233
1 8.60473
0.959241 7.80443
0.586238 7.97244
1 8.82136
0.70414 8.88872
1 8.82204
1 8.01458
0.289463 8.75557
0.91229 8.71318
1 8.07624
0.407593 8.20519
0.97451 8.10639
0.793411 7.95396
0.977886 8.59438
0.996188 7.95843
0.953032 8.31245
1 8.8625
0.775569 8.80413
0.35168 7.87373
0.950234 8.77279
1 8.75649
1 8.50988
0.883766 8.73149
1 8.15347
0.991425 8.80106
0.936843 8.03723
0.981959 8.83437
0.98876 8.20525
1 8.70226
0.980633 8.15777
1 8.77811
1 8.75814
1 7.89558
0.999031 8.07813
0.826316 8.74473
0.994952 8.90414
1 7.99185
1 7.91472
1 8.85303
0.714877 8.35616
1 8.66048
0.938778 8.97688
0.902972 8.0545
1 8.55285
0.975889 8.34284
0.972817 8.70103
0.797814 8.64833
0.911808 7.76627
0.888215 7.87132
0.81179 8.67221
0.999285 8.11741
1 8.05932
