157536 470.074
0.400908 0.846525
0.414767 0.836124
0.728875 0.477554
0.280775 0.921165
0.652803 0.583123
0.942029 0.124595
1 4.87712e-11
0.442637 0.805722
0.707511 0.509485
0.505575 0.752224
0.690922 0.531329
0.788645 0.387581
0.55993 0.694212
0.570188 0.684747
0.684663 0.541498
0.897398 0.204672
0.463155 0.793994
0.921274 0.162521
0.519049 0.7384
0.586539 0.666203
0.438773 0.816425
0.761806 0.428125
0.360002 0.878076
0.578984 0.675365
0.374665 0.867911
0.95234 0.107087
0.799714 0.371272
0.809151 0.358365
0.492335 0.767432
0.481349 0.775332
0.740119 0.463448
0.594983 0.65379
0.782463 0.399158
0.626204 0.618705
0.352033 0.884246
0.750684 0.448567
0.670066 0.561402
0.846064 0.296173
0.32077 0.904415
0.632263 0.608573
0.82654 0.329523
0.955945 0.0994885
0.499969 0.759609
0.766635 0.42398
0.889035 0.221817
0.339161 0.893559
0.612492 0.636311
0.754231 0.443298
0.599723 0.650684
0.858547 0.276308
0.645883 0.592992
0.699899 0.519423
0.735822 0.469077
0.540445 0.717316
0.873336 0.248545
0.79646 0.377943
0.675597 0.554468
0.641391 0.598532
0.552649 0.702342
0.906402 0.192735
0.471612 0.786931
1 4.87712e-11
0.280775 0.921165
0.748294 0.45133
0.999245 0.015814
0.382101 0.86227
0.995687 0.0224722
0.999367 0.0147119
0.313349 0.909509
0.418716 0.833225
0.28547 0.92576
0.376592 0.866295
0.999856 0.013317
0.999363 0.0148644
0.802271 0.368054
0.999668 0.0134785
0.87766 0.2417
0.306347 0.913165
0.987538 0.0375971
0.70498 0.51295
0.280917 0.928759
0.37342 0.868831
0.999997 0.0147122
0.280854 0.928092
0.537926 0.718683
0.280884 0.929127
0.978406 0.0566384
0.824032 0.332774
0.288492 0.924468
0.991329 0.0296955
0.983711 0.045779
0.936928 0.135629
0.957469 0.0949284
0.560241 0.69467
0.388029 0.857349
0.724115 0.486097
0.287672 0.924512
0.999995 0.0142009
0.63975 0.60016
0.986168 0.0420345
