127873 410.091
0.999893 0.0106283
0.999893 0.0106283
0.280776 0.92738
0.280776 0.92738
0.813432 0.348614
0.574564 0.678212
0.412613 0.836348
0.741009 0.460219
0.597989 0.650531
0.346462 0.887572
0.864768 0.262911
0.760676 0.430884
0.723289 0.486035
0.375407 0.866076
0.707415 0.508514
0.689483 0.532966
0.554043 0.701484
0.30427 0.913724
0.881243 0.234151
0.850537 0.289297
0.927281 0.152231
0.614117 0.631553
0.798754 0.371464
0.673601 0.555347
0.970993 0.0692836
0.326821 0.899913
0.630967 0.610453
0.390967 0.853691
0.469228 0.786993
0.942431 0.122578
0.658475 0.575049
0.893106 0.212929
0.904975 0.191862
0.645031 0.592725
0.784993 0.394123
0.440863 0.81284
0.9836 0.0443564
0.508987 0.749235
0.916345 0.171508
0.537935 0.718376
0.524891 0.73227
0.774157 0.410165
0.49522 0.762936
0.958497 0.0926704
0.445001 0.808982
0.479415 0.777743
0.835942 0.310963
0.950733 0.1077
0.835942 0.310963
0.992135 0.0276187
0.992135 0.0276187
0.999893 0.01257
0.942431 0.123461
0.999893 0.0125876
0.942431 0.123646
0.999893 0.0126064
0.942431 0.123675
0.999893 0.0126106
0.942431 0.123686
0.999893 0.0127359
0.942431 0.124005
0.999893 0.0127422
0.942431 0.124064
0.999893 0.0128156
0.942431 0.124106
0.999893 0.0128514
0.942431 0.124158
0.999893 0.0128836
0.942431 0.124184
0.999893 0.0128849
0.942431 0.124281
0.999893 0.0129387
0.942431 0.124283
0.999893 0.0129425
0.942431 0.124946
0.999893 0.0130144
0.999893 0.0130162
0.999893 0.0130261
0.999893 0.0130719
0.999893 0.0131105
0.999893 0.0131497
0.999893 0.0131501
0.999893 0.0132141
0.999893 0.0132427
0.999893 0.0132844
0.999893 0.0133153
0.999893 0.0133395
0.999893 0.0133428
0.999893 0.0133715
0.999893 0.0133718
0.999893 0.0133719
0.999893 0.0133989
0.999893 0.0135238
0.999893 0.0135413
0.999893 0.0136055
0.999893 0.0136312
0.999893 0.0136941
0.999893 0.0136958
0.999893 0.0137982
0.999893 0.0151135
