37 0.0840857
0.996441 6.99334
0.996684 5.04885
0.99868 7.19232
0.86235 6.61372
0.990415 7.15578
1 8.17114
0.999934 6.14023
0.999999 6.0555
0.979907 6.62669
0.991042 5.67721
0.889115 6.43438
1 6.46529
0.367378 7.73511
0.833601 6.58228
0.89931 6.47312
0.931966 7.17368
1 6.5355
0.978304 7.41994
0.987783 5.81955
0.911627 6.67363
0.992085 5.69236
0.967086 6.59833
0.999992 6.77365
0.612525 7.36539
1 8.33465
1 7.06068
0.884694 6.56813
0.280862 6.91659
1 6.69751
0.992315 6.71457
0.996189 6.43511
0.994552 6.08171
1 6.93957
0.987668 5.91517
0.997362 6.97153
0.981511 5.42611
0.999941 6.88361
0.999737 5.97422
1 6.66907
0.999983 8.55587
1 7.2507
0.645019 6.78968
0.336129 7.67963
0.892821 7.88508
0.999997 5.95217
0.993617 8.23841
0.762341 6.49644
1 6.42871
0.982108 5.49017
0.455267 7.14405
0.89463 7.26005
0.717173 7.36639
0.874882 6.95452
1 6.75332
0.923369 6.67111
0.995717 6.80625
0.963698 6.67968
0.33773 6.97524
1 7.00079
0.999966 7.62491
0.995447 7.39515
0.974499 6.43445
0.899191 6.7222
0.99977 6.96419
0.99817 7.38367
0.605026 5.84058
1 6.26085
0.875341 7.5931
1 5.81469
0.861052 7.00763
0.305274 7.04222
0.519381 7.04686
0.999997 6.45958
0.631527 7.08746
1 7.03227
0.989911 6.79261
0.350481 7.20486
0.999959 6.86183
0.819605 8.00622
1 8.45136
0.519175 7.69126
0.994514 7.67994
0.443031 6.87829
1 6.53557
1 7.10639
1 7.16516
0.631826 7.01925
0.674399 7.85072
0.98879 5.83106
0.982115 6.46251
0.991363 6.90719
0.306768 8.06533
0.999914 6.37492
0.999751 6.96456
0.861245 7.05024
1 6.49463
0.999948 7.0093
0.810575 6.75615
0.608458 7.85479
0.363718 6.33696
