2 0.00335954
1 8.11711
0.835442 8.1642
1 7.98788
0.328791 7.94251
1 7.89176
0.982971 8.50177
0.997496 8.02406
1 8.09155
1 8.19822
1 8.02553
0.847578 8.21434
0.997729 7.81971
1 8.41343
0.339775 7.91265
0.496203 7.92318
1 8.00834
1 7.95381
1 8.08312
0.778662 8.12576
1 8.31193
0.954089 8.17751
1 8.11925
0.98603 8.32101
0.851732 8.20409
1 7.88175
0.99818 8.46113
1 8.20501
0.999993 8.12995
0.999843 8.30061
1 8.09009
0.989316 7.80409
0.99963 8.21358
1 8.22089
0.999982 8.03492
0.387359 8.34566
0.994722 8.39981
1 8.02279
0.721044 8.21145
1 8.01669
0.997667 8.49311
0.999166 8.29923
0.931252 8.15212
0.999999 7.89299
0.689662 8.46487
0.997707 8.40066
1 8.05339
1 7.94432
0.281352 8.24433
1 7.6966
1 8.15359
1 8.03646
0.421872 8.10793
0.999887 8.45419
0.999999 8.15634
0.957226 8.03547
1 8.132
0.939302 8.22443
0.999882 7.4021
1 8.05513
0.984087 7.94607
1 8.11552
1 8.21627
1 8.25765
1 8.33847
0.636237 8.21044
0.938562 8.22535
1 8.37033
1 8.01538
1 8.11521
0.999887 8.0533
1 8.05047
1 8.1346
1 8.23402
1 8.16518
0.906224 8.404
0.999887 8.39862
0.801544 8.01044
1 8.51808
1 8.23701
0.941881 8.28977
1 8.07316
1 8.41689
0.999997 8.24028
1 8.3347
1 8.35175
1 8.45155
1 8.04397
0.999928 8.35842
1 8.13433
0.999998 7.84564
0.796269 8.37989
0.99257 7.83674
0.876538 7.97385
1 8.49425
1 8.21681
0.967449 8.29929
0.999713 8.01294
0.999976 8.36094
1 8.40209
0.969799 8.4106
