18 0.0415037
1 7.38827
1 8.00375
1 6.93747
0.281541 7.59858
0.998919 7.67942
1 7.42324
1 8.196
0.962983 7.43967
1 7.60641
1 7.8029
0.998632 7.85178
0.951379 8.07861
1 7.25626
0.972187 7.67556
0.999977 7.93748
1 7.50789
1 7.60048
0.927989 7.54672
0.952319 7.66697
1 8.05553
0.922283 7.96672
0.996236 7.48659
0.819966 7.61581
0.99155 7.36213
1 7.71779
1 7.26027
0.989757 7.4627
1 7.72631
0.999989 7.26846
0.838504 7.49734
1 8.14991
1 7.89795
0.434088 8.12924
0.999973 7.75958
0.998856 7.42702
1 7.82404
0.961044 7.20091
0.797934 7.63188
0.980155 7.57304
0.645538 7.8144
0.998503 7.67956
0.354829 7.68175
0.992292 7.96009
0.668904 7.86836
1 7.79555
1 7.89411
1 7.82927
0.841553 7.93961
0.968064 7.8449
0.899736 7.85872
0.988199 7.82757
0.322841 8.02772
0.999335 7.49107
0.999999 7.46035
1 7.35924
0.874981 7.98645
0.948478 7.80577
0.340401 7.83171
0.978428 7.60135
0.928266 7.65654
0.931438 8.03135
0.866967 7.81565
0.976416 7.54858
1 7.72201
0.964702 7.50982
1 8.15365
0.973315 7.50343
0.942703 7.69729
1 7.96196
0.859906 7.07508
0.985614 7.41921
1 7.59827
0.631153 7.94656
0.99914 7.79136
0.71371 7.72036
0.631439 7.94587
0.999993 6.99822
0.647799 7.59952
1 7.32822
0.995682 7.91074
1 8.05228
1 7.52147
1 7.58357
0.584593 7.56492
1 7.81266
0.918673 6.94203
1 7.97714
0.812109 7.78112
0.913541 7.73328
1 8.10339
0.999979 7.4044
0.999825 7.45543
0.997509 7.98599
1 7.35337
1 7.65892
0.335069 7.69106
0.99999 7.31058
0.999808 7.3238
0.931209 7.57573
0.97869 7.95726
