232266 210.01
0.280775 0.921266
0.280775 0.921329
0.280775 0.921267
0.280775 0.921266
0.280775 0.921266
0.280775 0.921332
0.280775 0.921273
0.280775 0.921266
0.280775 0.921267
0.280775 0.921333
0.280775 0.921273
0.280775 0.921267
0.280775 0.921337
0.280775 0.921274
0.280775 0.921268
0.280775 0.921267
0.280775 0.921337
0.280775 0.921275
0.280775 0.921269
0.280775 0.921267
0.280775 0.921267
0.280775 0.92134
0.280775 0.921275
0.280775 0.92127
0.280775 0.921268
0.280775 0.921268
0.280775 0.921268
0.280775 0.921268
0.280775 0.921268
0.280775 0.921345
0.280775 0.921276
0.280775 0.92127
0.280775 0.921268
0.280775 0.921268
0.280775 0.921346
0.280775 0.921276
0.280775 0.921271
0.280775 0.921268
0.280775 0.921268
0.280775 0.921346
0.280775 0.921276
0.280775 0.921271
0.280775 0.921269
0.280775 0.921268
0.280775 0.921276
0.280775 0.921271
0.280775 0.921269
0.280775 0.921269
0.280775 0.921269
0.280775 0.921269
0.280775 0.921276
0.280775 0.921271
0.280775 0.92127
0.280775 0.921269
0.280775 0.921276
0.280775 0.921271
0.280775 0.92127
0.280775 0.921269
0.280775 0.921269
0.280775 0.921277
0.280775 0.921272
0.280775 0.92127
0.280775 0.92127
0.280775 0.921316
0.280775 0.921311
0.280775 0.921317
0.280775 0.921306
0.280775 0.921298
0.280775 0.921341
0.280775 0.921338
0.280775 0.921332
0.280775 0.921308
0.280775 0.92132
0.280775 0.9213
0.280775 0.921313
0.280775 0.921331
0.280775 0.921311
0.280775 0.921322
0.280775 0.92132
0.280775 0.921311
0.280775 0.921308
0.280775 0.921325
0.280775 0.921306
0.280775 0.921307
0.280775 0.921323
0.280775 0.921303
0.280775 0.92132
0.280775 0.92132
0.280775 0.921296
0.280775 0.921337
0.280775 0.92131
0.280775 0.921319
0.280775 0.921307
0.280775 0.921303
0.280775 0.921341
0.280775 0.921311
0.280775 0.921322
0.280775 0.921308
0.280775 0.921313
0.280775 0.921306
