32860 80.0168
0.99999 0.00158066
0.99999 0.00158066
0.280778 0.921831
0.280778 0.921831
0.452657 0.796142
0.474428 0.775781
0.574656 0.670842
0.984764 0.0316924
0.755787 0.430209
0.590901 0.651703
0.872946 0.239292
0.929561 0.137229
0.951643 0.0960501
0.380786 0.855911
0.802568 0.357071
0.818851 0.330808
0.772837 0.40417
0.496159 0.754627
0.72294 0.478602
0.420732 0.823888
0.65828 0.568063
0.787551 0.381188
0.970529 0.0596605
0.833501 0.306661
0.412193 0.830875
0.706862 0.501375
0.847161 0.283779
0.348291 0.879439
0.860054 0.261641
0.692258 0.522004
0.613124 0.625115
0.647136 0.582634
0.551213 0.6974
0.329013 0.89255
0.368266 0.865119
0.902142 0.187601
0.91404 0.165711
0.890493 0.208175
0.958481 0.0828611
0.513858 0.736863
0.513858 0.736863
0.297655 0.912316
0.922389 0.150858
0.547139 0.701904
0.619445 0.617237
0.738715 0.455534
0.679835 0.539021
0.738715 0.455534
0.679835 0.539021
0.547139 0.701904
0.89317 0.204089
0.63175 0.602114
0.63175 0.602114
0.284121 0.920215
0.314371 0.901998
0.314371 0.901998
0.738715 0.455534
0.922389 0.151048
0.922389 0.151048
0.314371 0.902105
0.679835 0.539124
0.890493 0.208527
0.496159 0.754745
0.619445 0.617491
0.590901 0.651954
0.551213 0.697451
0.551213 0.697451
0.890493 0.208598
0.496159 0.754764
0.496159 0.754764
0.619445 0.617575
0.551213 0.697499
0.590901 0.651968
0.890493 0.208614
0.496159 0.754914
0.619445 0.617616
0.590901 0.652022
0.619445 0.617653
0.619445 0.617653
0.496159 0.755013
0.590901 0.65205
0.619445 0.617653
0.619445 0.617671
0.496159 0.755031
0.590901 0.652057
0.590901 0.652069
0.590901 0.652069
0.496159 0.755039
0.590901 0.652084
0.496159 0.755056
0.590901 0.652167
0.590901 0.652167
0.496159 0.755072
0.496159 0.755072
0.590901 0.652184
0.496159 0.755074
0.590901 0.652187
0.590901 0.652193
0.590901 0.652193
0.590901 0.652217
