280913 420.032
0.280841 0.929947
0.999996 7.43364e-06
1 0.690443
0.987889 0.657449
0.976774 0.673082
0.951821 0.756783
0.998324 1.63922
0.930393 0.691757
0.999915 2.17441
0.993551 1.89395
0.290552 2.68569
0.290552 2.68569
0.846409 0.815796
1 0.752713
0.989265 0.510346
0.908837 0.636509
0.96714 2.58057
0.689487 0.894688
0.387486 1.27515
0.9991 0.606486
0.987889 0.657449
0.618826 0.808666
0.823358 0.729324
0.916617 0.715439
0.999413 0.519648
0.944862 0.481024
0.662121 3.60867
0.702067 2.37755
0.30094 3.19483
1 0.586303
1 0.556693
0.345258 1.18045
0.998834 0.499246
0.923872 2.6436
0.305963 3.24868
0.998324 1.63922
0.361109 2.68005
1 1.41675
0.957063 0.548001
0.915519 0.652388
1 0.741631
1 0.586303
0.5768 2.66535
0.812639 0.884637
0.823358 0.729324
1 0.508979
0.711047 1.08058
0.311861 1.57269
0.998657 0.693509
0.605449 0.75422
1 0.479589
0.45419 1.16732
1 0.648428
0.911304 0.863746
0.30094 3.19483
0.951419 2.07266
1 0.23479
0.911304 0.863746
0.999999 0.718588
0.916617 0.715439
0.311861 1.57269
0.998657 0.693509
1 0.497354
0.98312 0.461835
1 0.424912
0.998981 0.598375
1 0.424912
0.479743 2.83354
0.999413 0.519648
0.999841 0.713599
0.345258 1.18045
1 0.5819
0.9991 0.606486
1 0.512824
0.633592 2.58761
0.477954 1.17043
0.915917 0.530502
0.846409 0.815796
0.477954 1.17043
0.33819 3.30608
1 0.653162
1 0.23479
1 0.352175
0.438375 1.40854
0.999873 0.663943
0.930393 0.691757
0.370282 1.49574
0.999873 0.663943
0.839061 0.588424
0.382882 2.03912
1 0.690443
0.908837 0.636509
1 0.382938
0.438375 1.40854
0.662121 3.60867
0.999999 0.718588
0.982715 0.590078
0.999759 0.722236
1 0.567405
0.988763 0.681595
