32706 30.0013
0.280775 0.921332
0.280775 0.921386
0.280775 0.921349
0.280775 0.921334
0.280775 0.921392
0.280775 0.921349
0.280775 0.921341
0.280775 0.921338
0.280775 0.921419
0.280775 0.921349
0.280775 0.921341
0.280775 0.921338
0.280775 0.921421
0.280775 0.92135
0.280775 0.921341
0.280775 0.921339
0.280775 0.921423
0.280775 0.92135
0.280775 0.921341
0.280775 0.921341
0.280775 0.92134
0.280775 0.921425
0.280775 0.921352
0.280775 0.921342
0.280775 0.921342
0.280775 0.92134
0.280775 0.921428
0.280775 0.921352
0.280775 0.921343
0.280775 0.921341
0.280775 0.921342
0.280775 0.921343
0.280775 0.921341
0.280775 0.921429
0.280775 0.921352
0.280775 0.921344
0.280775 0.921341
0.280775 0.921343
0.280775 0.921342
0.280775 0.921341
0.280775 0.921433
0.280775 0.921352
0.280775 0.921344
0.280775 0.921343
0.280775 0.921342
0.280775 0.921438
0.280775 0.921353
0.280775 0.921345
0.280775 0.921343
0.280775 0.921343
0.280775 0.921342
0.280775 0.921455
0.280775 0.921353
0.280775 0.921345
0.280775 0.921344
0.280775 0.921344
0.280775 0.921342
0.280775 0.921353
0.280775 0.921346
0.280775 0.921344
0.280775 0.921343
0.280775 0.921354
0.280775 0.921344
0.280775 0.921419
0.280775 0.921437
0.280775 0.92143
0.280775 0.921432
0.280775 0.921419
0.280775 0.921406
0.280775 0.921439
0.280775 0.921422
0.280775 0.921423
0.280775 0.921427
0.280775 0.921435
0.280775 0.921436
0.280775 0.921434
0.280775 0.921436
0.280775 0.921418
0.280775 0.92144
0.280775 0.921436
0.280775 0.921455
0.280775 0.921425
0.280775 0.921424
0.280775 0.921442
0.280775 0.921428
0.280775 0.921431
0.280775 0.921451
0.280775 0.92141
0.280775 0.921452
0.280775 0.921441
0.280775 0.921434
0.280775 0.921429
0.280775 0.921433
0.280775 0.921423
0.280775 0.921416
0.280775 0.921407
0.280775 0.921414
0.280775 0.921401
0.280775 0.921424
0.280775 0.921429
