129474 180.013
0.280873 0.956111
0.999998 6.64388e-06
0.968908 0.829817
0.993859 0.499299
0.991964 0.591911
0.297289 2.93613
0.283216 3.55874
0.999994 0.910697
1 0.515847
0.672872 3.17167
0.975241 0.827853
0.73135 0.871794
0.994966 0.899896
0.996304 0.589384
0.935723 0.680881
0.28951 3.57072
0.903176 0.837166
0.979541 0.618017
0.576996 2.8501
0.999994 0.910697
0.99932 0.714211
0.910204 1.78249
0.902534 0.793818
0.936922 2.33108
0.999523 0.718422
1 0.632937
0.704518 1.27661
0.936922 2.33108
0.995775 0.721797
0.997972 0.495849
0.87932 0.707395
0.793139 1.35403
0.990549 0.77795
0.999004 0.588858
1 0.628362
0.787322 1.35572
0.984211 0.653086
0.999959 0.571761
0.962786 0.851432
0.845112 0.709636
0.928841 0.857693
0.962786 0.851432
1 0.541809
1 0.972572
0.73135 0.871794
0.979191 3.01868
0.99005 0.583334
0.584002 1.43514
0.923529 0.76754
0.910204 1.78249
0.297289 2.93613
0.283216 3.55874
0.328541 2.61025
0.99005 0.583334
0.979541 0.618017
0.964819 0.769556
0.94113 0.789398
0.863055 0.889413
1 0.299646
0.312753 1.19698
1 0.515847
0.999993 0.660289
1 0.590644
0.999004 0.588858
0.979346 0.604378
0.999604 0.616351
0.328541 2.61025
0.704518 1.27661
0.945012 0.972612
0.980806 0.53433
0.999604 0.616351
0.663304 3.4209
0.28951 3.57072
0.863055 0.889413
1 0.612302
1 0.628362
0.953234 0.712774
0.984211 0.653086
1 0.640829
1 0.612302
1 0.667702
0.918942 0.731113
0.980806 0.53433
0.998175 0.97758
0.902534 0.793818
0.925355 0.744971
1 0.590644
0.956031 0.760062
0.999523 0.718422
0.584002 1.43514
0.815377 2.73865
0.928841 0.857693
0.997904 0.727377
0.991964 0.591911
0.903124 0.773082
1 0.640829
0.99932 0.714211
1 0.748556
0.811054 0.89493
1 0.667702
