393036 590.049
0.280783 0.955719
0.999974 5.18833e-05
0.913758 0.607517
0.893006 0.677592
0.822053 0.69244
0.824835 1.9298
0.864777 0.729093
1 1.03529
0.962448 0.560389
0.981351 0.537532
0.962448 0.560389
0.98857 0.528952
0.783321 1.78546
1 0.45468
0.763228 1.4376
0.931976 0.730341
0.980407 1.47892
0.949526 0.513451
0.989286 0.557193
0.945495 0.506311
0.931976 0.730341
0.363539 1.40941
0.998567 0.50311
0.921782 0.927104
0.994934 0.616671
0.879238 1.88797
0.284208 1.08746
0.999537 0.829349
0.329152 2.61217
0.998954 0.518563
0.363539 1.40941
1 1.03646
0.752588 0.743332
0.632857 2.39581
0.998954 0.518563
1 0.497604
0.998549 0.617024
0.896548 1.1724
0.280784 2.60755
0.896888 0.626013
0.915737 0.93926
0.95003 0.617495
0.783321 1.78546
0.632857 2.39581
0.974583 1.25159
0.999998 0.356975
0.960943 0.509653
0.990262 0.533261
0.849108 0.684527
0.979539 0.523142
0.879238 1.88797
0.969183 0.620844
0.849108 0.684527
0.998567 0.50311
0.963423 3.23679
0.837148 1.55794
0.981351 0.537532
0.992612 0.313106
0.996991 0.592572
0.952388 0.393864
0.963423 3.23679
0.904623 0.528188
0.280784 2.60755
0.856555 0.690516
0.979906 0.779154
0.999985 0.545958
0.998785 0.484879
0.819805 0.827311
0.742853 0.758754
0.87209 1.07531
0.623483 1.34799
0.913758 0.607517
0.284208 1.08746
0.959322 0.569283
0.896548 1.1724
0.903711 0.60856
0.63985 2.72884
1 0.497604
0.989286 0.557193
0.999341 0.478013
0.856555 0.690516
0.531975 1.04866
0.960943 0.509653
0.521344 2.99945
0.921782 0.927104
0.675468 2.14726
0.324977 2.51155
0.999998 0.356975
0.91591 0.635904
0.814784 0.735848
0.814784 0.735848
0.763228 1.4376
0.893006 0.677592
0.742555 1.04593
0.813415 1.14197
0.969183 0.620844
0.946377 0.412112
0.521344 2.99945
0.35945 1.7107
0.998425 0.419996
