241246 350.021
0.280801 0.921328
0.999978 4.41219e-05
1 0.475709
0.985196 0.592428
0.994771 1.70506
0.997861 0.542497
0.969057 0.669457
0.99954 0.616173
0.822481 3.4521
0.81072 2.1897
1 0.475709
0.998948 0.682424
0.323651 1.25465
0.822481 3.4521
0.981205 0.672992
0.972834 0.594088
0.988691 0.582173
0.999953 0.53235
1 0.619529
1 0.381118
0.99811 0.996723
0.49137 1.07431
0.91919 0.543435
0.972906 2.45924
0.999845 0.601737
0.440515 2.63269
0.904002 0.80244
1 0.914252
0.997971 0.434156
0.999898 0.544632
0.99954 0.616173
0.938237 0.675404
0.988691 0.582173
0.99811 0.996723
0.998336 0.794673
0.951668 0.631595
0.915393 0.697709
0.985196 0.592428
0.842354 0.713359
0.323651 1.25465
0.968596 0.743917
0.331044 3.29777
0.984071 0.612397
0.955592 0.579108
0.999953 0.53235
0.999978 0.542928
0.999845 0.601737
0.998312 0.452216
0.997971 0.434156
0.999984 0.545299
0.940624 0.564286
0.998948 0.682424
0.995413 1.55115
0.999959 0.424699
1 0.614428
1 0.908318
0.938237 0.675404
0.651875 2.16088
0.996698 0.624062
1 0.619529
0.999991 1.0088
0.78692 0.823971
0.440515 2.63269
0.999978 0.542928
0.999417 0.72972
0.631924 0.926457
0.999998 0.410081
0.904002 0.80244
0.632458 2.75977
0.98763 0.811382
0.975 0.66817
0.999928 0.652249
0.969057 0.669457
0.857365 1.72872
0.842354 0.713359
0.992666 0.505134
1 0.610646
0.981205 0.672992
1 0.440491
0.999999 0.417367
0.951668 0.631595
0.81072 2.1897
0.935466 0.646136
0.992666 0.505134
0.819585 0.900487
0.8116 1.96503
0.969417 0.898729
0.99996 0.630906
0.999984 0.545299
0.285045 2.67482
0.998547 0.563749
0.985031 0.703793
0.285045 2.67482
0.661523 1.01282
0.999991 1.0088
0.5748 0.964407
1 0.592332
0.987819 1.15241
0.902888 1.39875
0.8116 1.96503
