984172 400.009
0.280775 2.98521
0.99997 2.46036
0.630738 2.67671
0.280775 2.79101
0.280775 2.98521
0.423017 2.75823
0.696618 2.65576
0.280775 2.79101
0.422702 2.7593
0.786718 2.59817
0.854424 2.55977
0.423017 2.75823
0.995402 2.46357
0.423017 2.75823
0.952646 2.49507
0.889193 2.54131
0.952646 2.49507
0.95264 2.50131
0.916413 2.52406
0.907173 2.52735
0.952646 2.49507
0.889193 2.54131
0.916413 2.52406
0.95264 2.50131
0.630738 2.67657
0.889193 2.54131
0.907211 2.52498
0.630738 2.67657
0.916413 2.52406
0.280775 2.98521
0.995402 2.46357
0.952643 2.49747
0.907173 2.52735
0.952645 2.49612
0.952643 2.49747
0.952645 2.49612
0.423017 2.75823
0.854424 2.55977
0.280775 2.79101
0.630738 2.67671
0.95264 2.50131
0.952646 2.49507
0.952646 2.49507
0.280775 2.98521
0.889193 2.54131
0.280775 2.98521
0.916413 2.52406
0.907211 2.52498
0.995402 2.46357
0.423017 2.75823
0.786718 2.59817
0.696618 2.65576
0.95264 2.50131
0.854424 2.55977
0.854424 2.55977
0.889193 2.54131
0.95264 2.50131
0.422702 2.7593
0.854424 2.55977
0.630738 2.67671
0.630738 2.67671
0.630738 2.67657
0.907211 2.52498
0.952645 2.49612
0.889193 2.54131
0.423017 2.75823
0.630738 2.67657
0.854424 2.55977
0.889193 2.54131
0.630738 2.67671
0.95264 2.50131
0.952646 2.49507
0.952646 2.49507
0.280775 2.98521
0.889193 2.54131
0.423017 2.75823
0.995402 2.46357
0.423017 2.75823
0.907173 2.52735
0.95264 2.50131
0.95264 2.50131
0.952646 2.49507
0.854424 2.55977
0.630738 2.67671
0.786756 2.59516
0.423017 2.75823
0.660918 2.66213
0.916413 2.52406
0.280775 2.98521
0.630738 2.67657
0.952643 2.49747
0.630738 2.67671
0.952646 2.49507
0.916413 2.52406
0.95264 2.50131
0.630738 2.67671
0.280775 2.98521
0.630738 2.67657
0.952643 2.49747
0.630738 2.67671
