358824 590.065
0.999972 0.0228049
0.999972 0.0228049
0.280775 0.93459
0.280775 0.93459
0.524005 0.741768
0.565185 0.697007
0.546238 0.718248
0.586819 0.672402
0.671982 0.567264
0.920324 0.177271
0.304124 0.921082
0.378023 0.871847
0.50296 0.763569
0.604401 0.651878
0.622358 0.630323
0.934997 0.149767
0.690128 0.542376
0.828005 0.335388
0.654953 0.588975
0.842425 0.312345
0.78553 0.40292
0.756606 0.447716
0.638906 0.608788
0.769995 0.42657
0.813086 0.359091
0.965782 0.0919976
0.856949 0.288682
0.90632 0.203511
0.359599 0.885312
0.466742 0.797088
0.484694 0.780971
0.799892 0.381121
0.869254 0.265799
0.434647 0.825762
0.715932 0.507524
0.882902 0.244271
0.404208 0.852547
0.893824 0.223876
0.448418 0.814571
0.704396 0.523052
0.740443 0.471783
0.731868 0.483669
0.412198 0.844461
0.329301 0.906187
0.337485 0.900538
0.976388 0.0711367
0.950896 0.119887
0.947612 0.125464
0.983552 0.0577739
0.990681 0.0439317
0.997487 0.0303728
0.999972 0.0248887
0.950896 0.120296
0.950896 0.120296
0.990681 0.0451008
0.997487 0.0304046
0.999972 0.0266156
0.950896 0.121063
0.990681 0.0456446
0.997487 0.0304359
0.997487 0.030473
0.997487 0.0305502
0.997487 0.0306195
0.997487 0.030627
0.997487 0.0307108
0.997487 0.0308006
0.997487 0.0308331
0.997487 0.0309757
0.997487 0.0311074
0.997487 0.0311635
0.997487 0.0311681
0.997487 0.0311907
0.997487 0.031211
0.997487 0.0312188
0.997487 0.0312313
0.997487 0.031244
0.997487 0.0312887
0.997487 0.0313517
0.997487 0.0313922
0.997487 0.0314095
0.997487 0.0314234
0.997487 0.0314299
0.997487 0.0315383
0.997487 0.0315428
0.997487 0.0315494
0.997487 0.0316219
0.997487 0.0317359
0.997487 0.0317483
0.997487 0.0317583
0.997487 0.0319209
0.997487 0.0319338
0.997487 0.0319373
0.997487 0.0319864
0.997487 0.0320696
0.997487 0.0321063
0.997487 0.03212
0.997487 0.0321912
0.997487 0.0324712
0.997487 0.0327772
0.997487 0.03279
