153642 460.093
0.999999 0.0173205
0.999999 0.0173205
0.280775 0.930825
0.280775 0.930825
0.620528 0.627913
0.64751 0.593697
0.554541 0.705298
0.893674 0.219737
0.526634 0.735052
0.429658 0.826775
0.404295 0.847873
0.961767 0.094971
0.574488 0.682866
0.910252 0.188788
0.975293 0.0672635
0.474635 0.786188
0.766141 0.427943
0.751431 0.450553
0.781624 0.404511
0.946438 0.122602
0.873251 0.254259
0.988927 0.0409703
0.49491 0.766995
0.843747 0.304402
0.73567 0.473335
0.83006 0.328663
0.665293 0.569938
0.721825 0.492973
0.694392 0.533423
0.922063 0.166994
0.935667 0.144165
0.706924 0.513893
0.677982 0.554147
0.510361 0.75118
0.795836 0.382229
0.60095 0.651847
0.324594 0.905295
0.384262 0.863538
0.856704 0.282261
0.816552 0.348876
0.371004 0.874356
0.592463 0.661602
0.806688 0.364875
0.451947 0.806905
0.303808 0.919169
0.456143 0.803456
0.866003 0.266606
0.297558 0.923027
0.351375 0.887283
0.351375 0.887283
0.339643 0.895394
0.339643 0.895394
0.665293 0.570961
0.280775 0.931514
0.451947 0.808458
0.351375 0.887393
0.339643 0.895396
0.665293 0.571357
0.280775 0.931519
0.451947 0.808746
0.339643 0.895447
0.351375 0.888405
0.351375 0.888405
0.351375 0.888405
0.280775 0.931602
0.339643 0.896497
0.351375 0.888516
0.280775 0.931674
0.280775 0.931701
0.280775 0.931715
0.280775 0.931735
0.280775 0.932395
0.280775 0.932467
0.280775 0.932475
0.280775 0.932486
0.280775 0.932524
0.280775 0.932532
0.280775 0.932535
0.280775 0.932548
0.280775 0.932563
0.280775 0.932566
0.280775 0.932566
0.280775 0.932568
0.280775 0.932569
0.280775 0.932569
0.280775 0.932569
0.280775 0.932575
0.280775 0.932575
0.280775 0.932577
0.280775 0.932578
0.280775 0.932587
0.280775 0.932588
0.280775 0.932589
0.280775 0.932593
0.280775 0.932611
0.280775 0.932625
0.280775 0.932629
0.280775 0.932651
0.280775 0.932671
0.280775 0.93307
