0 0.000251592
1 8.53982
0.944014 8.6227
0.999359 8.00317
1 8.62018
0.994462 8.29595
0.953647 8.31682
0.999974 8.40403
0.69168 8.72163
0.992451 8.01292
0.828938 8.57607
0.824504 8.62743
0.988371 8.5673
0.859829 8.31377
0.999943 8.02716
0.987988 8.22776
0.997537 8.31536
0.99836 8.84031
0.952319 8.23336
0.921408 8.44037
0.999897 8.35767
0.999865 8.52183
0.999995 8.05806
0.743122 8.24993
0.994471 8.54924
0.961124 8.56126
0.985487 8.6217
0.999985 8.22076
0.630739 8.58722
1 8.4593
1 8.51061
0.999097 8.54634
0.998846 8.56366
0.99159 8.21989
0.982298 8.5474
0.882134 8.18713
0.823086 8.3548
0.999699 8.59349
0.938909 8.91804
0.987002 8.78434
0.999994 8.47507
0.99503 8.42883
0.999621 8.06416
0.995407 8.10873
0.701112 8.23535
0.99592 7.91909
0.963027 8.32518
0.987072 8.63011
0.996966 8.72912
0.906741 8.28648
0.635518 8.4725
1 8.28159
0.997985 8.09281
0.96493 8.49314
0.794367 8.64818
1 8.50707
0.99983 8.67734
0.667034 8.31904
0.991345 8.43012
1 8.50317
0.942785 8.31646
0.977447 8.41538
0.824791 8.45761
0.974574 8.49601
0.995591 7.88974
0.999369 8.53286
0.911801 8.21631
0.903573 8.07909
0.999768 8.72362
0.99758 8.43122
0.990562 8.1835
0.826145 8.41189
0.996387 8.77382
0.999979 8.39938
0.994662 8.27466
0.99996 8.08035
0.938636 8.8748
1 8.11208
0.908663 8.23574
0.999995 8.36838
0.998805 8.38674
0.997528 8.33872
0.924795 8.59086
1 8.72206
0.645533 8.28007
0.985658 8.16122
0.950044 8.59327
1 8.72021
1 8.53021
0.987741 8.01562
0.999999 8.34721
0.907023 8.6834
0.961757 8.61907
0.282435 8.41582
0.726908 8.30445
0.978077 8.22439
0.954682 8.15356
0.926287 8.25016
0.951652 8.36689
0.963253 8.18769
0.998601 8.5629
