62940 220.038
1 0.00101936
0.280775 0.921715
0.671345 0.550035
0.582729 0.66111
0.738889 0.454831
0.970342 0.0594268
0.983604 0.0335263
0.499435 0.751202
0.655684 0.570807
0.861561 0.258601
0.434824 0.811534
0.805287 0.352353
0.76638 0.413471
0.310941 0.903875
0.535613 0.713775
0.756776 0.428092
0.944311 0.109241
0.748533 0.440494
0.85257 0.274004
0.841282 0.293116
0.73026 0.467502
0.504748 0.745869
0.518916 0.731373
0.530585 0.719133
0.993395 0.0141792
0.459935 0.789077
0.474394 0.775575
0.623882 0.611479
0.983604 0.0335263
0.604432 0.635358
0.891188 0.206698
0.704863 0.503931
0.364135 0.867983
0.379548 0.856527
0.486138 0.7643
0.970342 0.0594268
0.938262 0.120623
0.928571 0.138705
0.42676 0.818478
0.565793 0.680551
0.553188 0.694649
0.282992 0.920466
0.824638 0.320829
0.95803 0.0831559
0.818066 0.331619
0.87254 0.239571
0.655684 0.570807
0.644544 0.585284
0.769975 0.40795
0.780083 0.39229
0.572692 0.672701
0.900299 0.190384
0.951269 0.0960589
0.600289 0.640346
0.618131 0.618618
0.521743 0.728433
0.818066 0.331619
0.85257 0.274004
0.911072 0.17088
0.323923 0.895637
0.296915 0.912397
0.695007 0.517721
0.593446 0.648512
0.296915 0.912397
0.78681 0.381755
0.865689 0.251474
0.401656 0.839265
0.545888 0.702668
0.679779 0.538646
0.879469 0.227439
0.630748 0.602869
0.336207 0.887532
0.79079 0.37548
0.636169 0.596005
0.417636 0.826179
0.79737 0.365034
0.805287 0.352353
0.714708 0.489962
0.889856 0.20907
0.94933 0.0997419
0.882649 0.221837
0.712519 0.493085
0.345137 0.881451
0.680555 0.537591
0.613068 0.624849
0.642964 0.587318
0.999639 0.00174101
0.394583 0.844894
0.869845 0.244265
0.706677 0.501372
0.993476 0.0140189
0.444054 0.803427
0.451915 0.796387
0.905303 0.181354
0.687953 0.527471
0.922477 0.149979
0.916205 0.161506
0.834697 0.304146
0.841282 0.293116
0.829474 0.312833
