181279 340.03
1 0.000983428
0.280775 0.921696
0.929367 0.137193
0.406807 0.835081
0.400313 0.84032
0.422706 0.821899
0.750326 0.437779
0.93621 0.124433
0.632581 0.60053
0.30177 0.909472
0.942654 0.112331
0.704676 0.504167
0.327779 0.893105
0.648102 0.580663
0.695026 0.517669
0.680878 0.537125
0.770048 0.407809
0.384675 0.85259
0.97703 0.0463729
0.66611 0.557008
0.55329 0.694513
0.780241 0.392015
0.365206 0.867182
0.621241 0.614741
0.710465 0.49598
0.382156 0.85452
0.812561 0.340561
0.817528 0.332469
0.965144 0.0694464
0.436699 0.809879
0.45158 0.796667
0.896757 0.196715
0.907075 0.178112
0.891111 0.206804
0.756194 0.428944
0.886494 0.215007
0.337481 0.886655
0.507834 0.742723
0.871931 0.240602
0.532456 0.717121
0.609726 0.628908
0.838195 0.298267
0.739955 0.453228
0.999 0.00298105
0.670021 0.551784
0.542106 0.706757
0.518385 0.731901
0.587406 0.655616
0.584108 0.659478
0.351729 0.876839
0.920425 0.153726
0.842883 0.290389
0.852005 0.274936
0.631063 0.602447
0.280775 0.921696
0.730266 0.467465
0.99087 0.0191506
0.881087 0.22456
0.302631 0.908951
0.480285 0.769932
0.695642 0.516812
0.971961 0.0562477
0.486644 0.763786
0.805807 0.351487
0.823947 0.321937
0.31567 0.900893
0.761352 0.42112
0.983441 0.0338116
0.99087 0.0191506
0.528705 0.7211
0.866128 0.250683
0.598191 0.642835
0.860002 0.261253
0.852005 0.274936
0.918059 0.158074
0.949029 0.100279
0.656047 0.570305
0.31567 0.900893
0.656047 0.570305
0.572729 0.672635
0.541251 0.707683
0.803927 0.354512
0.471556 0.778236
0.969172 0.0616598
0.461379 0.787726
0.45158 0.796667
0.557318 0.690042
0.723209 0.477718
0.983441 0.0338116
0.648102 0.580663
0.595702 0.645806
0.826631 0.31751
0.57577 0.669144
0.958849 0.0815518
0.953186 0.0923748
0.498959 0.751654
0.789512 0.37747
0.677032 0.542345
0.725312 0.474672
0.717508 0.485927
