93822 320.051
0.280775 0.921695
1 0.000981525
0.872095 0.240314
0.45734 0.791434
0.318934 0.898822
0.916709 0.160547
0.432811 0.813257
0.305417 0.907257
0.791727 0.373967
0.375321 0.859694
0.403869 0.83746
0.694529 0.518358
0.679747 0.538662
0.723245 0.477664
0.473859 0.776059
0.662918 0.561246
0.503148 0.747457
0.441112 0.806007
0.926612 0.142303
0.830476 0.311139
0.875733 0.233959
0.329648 0.891877
0.523 0.727096
0.622463 0.613221
0.409724 0.832699
0.856221 0.267736
0.932059 0.132184
0.646657 0.582531
0.888355 0.211703
0.517309 0.733014
0.841476 0.292756
0.945787 0.106416
0.3908 0.847841
0.590094 0.652451
0.602865 0.637222
0.7286 0.469893
0.636196 0.595944
0.766718 0.412923
0.976553 0.0473039
0.613426 0.624384
0.779512 0.39315
0.978135 0.0442117
0.544295 0.70438
0.696764 0.515249
0.821986 0.325162
0.48922 0.761272
0.491448 0.759088
0.902169 0.186982
0.673417 0.547223
0.856221 0.267736
0.420345 0.823887
0.3908 0.847841
0.744814 0.446015
0.501559 0.749052
0.295742 0.913071
0.610372 0.62812
0.770254 0.407491
0.968588 0.0627891
0.588954 0.653794
0.565569 0.680779
0.336761 0.887138
0.532105 0.717495
0.829431 0.312873
0.818146 0.331456
0.532105 0.717495
0.895505 0.198955
0.985697 0.0293681
0.848184 0.281428
0.961357 0.0767363
0.954539 0.0897928
0.478792 0.771362
0.883468 0.220357
0.987133 0.0265382
0.994646 0.0116564
0.968588 0.0627891
0.714737 0.489893
0.579613 0.664704
0.579613 0.664704
0.938622 0.119912
0.705194 0.503436
0.811157 0.342838
0.803353 0.355431
0.420059 0.824128
0.734723 0.460938
0.357818 0.87252
0.368833 0.864519
0.894145 0.201389
0.449285 0.798733
0.759273 0.424279
0.751527 0.435976
0.904463 0.182838
0.545205 0.703388
0.342635 0.88315
0.659441 0.565842
0.659441 0.565842
0.759273 0.424279
0.938622 0.119912
0.911803 0.169515
0.798135 0.363785
0.811157 0.342838
