151645 490.098
1 0.00155226
1 0.00155226
0.280775 0.923273
0.280775 0.923273
0.639921 0.591851
0.700464 0.510641
0.665232 0.558672
0.725796 0.474463
0.494741 0.756214
0.77055 0.407585
0.556264 0.69162
0.534352 0.715858
0.469457 0.780603
0.682979 0.534864
0.855829 0.26915
0.515439 0.735367
0.347235 0.880467
0.618677 0.618423
0.785373 0.38454
0.949545 0.0999322
0.370579 0.863859
0.574964 0.671106
0.303907 0.908678
0.888246 0.212678
0.751063 0.437378
0.324993 0.895304
0.801765 0.358563
0.390473 0.848609
0.902025 0.188125
0.826947 0.317758
0.409857 0.833369
0.813822 0.339165
0.59218 0.650923
0.452471 0.79629
0.740525 0.452901
0.970591 0.0595101
0.957759 0.0843207
0.60439 0.635854
0.426968 0.818971
0.930176 0.136332
0.436774 0.810294
0.930176 0.136332
0.874431 0.237034
0.839954 0.296002
0.874431 0.237034
0.978891 0.0434692
0.843436 0.290064
0.914024 0.166095
0.914024 0.166095
0.996091 0.00954685
0.987197 0.0270485
0.985562 0.0305256
0.99998 0.00171183
0.930176 0.136332
1 0.00182196
0.725796 0.474671
0.978891 0.0435566
0.996091 0.00967955
0.987197 0.027071
0.985562 0.030582
0.99998 0.00198217
1 0.00183831
0.725796 0.474703
0.985562 0.0306213
0.996091 0.00970869
0.987197 0.0271896
0.987197 0.0271896
1 0.00189971
0.725796 0.474753
0.987197 0.0272243
0.987197 0.0272243
1 0.00191416
0.725796 0.474771
0.987197 0.0272727
1 0.00196893
0.987197 0.0272881
1 0.00198193
0.987197 0.027303
0.987197 0.027303
0.987197 0.027303
1 0.00200719
0.987197 0.0273319
1 0.00201947
0.987197 0.0273459
0.987197 0.0273459
1 0.00205502
0.987197 0.0273595
0.987197 0.0273595
0.987197 0.0273595
0.987197 0.0273988
0.987197 0.0273988
0.987197 0.0273988
0.987197 0.0274237
0.987197 0.0274359
0.987197 0.0274359
0.987197 0.0274359
0.987197 0.0274478
0.987197 0.0274478
0.987197 0.0274478
0.987197 0.0274595
