335162 480.032
0.280775 0.921166
0.280775 0.921166
0.280775 0.921166
0.280775 0.921166
0.280775 0.921166
0.280775 0.921166
0.280775 0.921166
0.280775 0.921166
0.280775 0.921166
0.280775 0.921166
0.280775 0.921167
0.280775 0.921166
0.280775 0.921166
0.280775 0.921166
0.280775 0.921167
0.280775 0.921166
0.280775 0.921166
0.280775 0.921166
0.280775 0.921167
0.280775 0.921166
0.280775 0.921166
0.280775 0.921166
0.280775 0.921167
0.280775 0.921166
0.280775 0.921166
0.280775 0.921166
0.280775 0.921166
0.280775 0.921167
0.280775 0.921166
0.280775 0.921166
0.280775 0.921166
0.280775 0.921166
0.280775 0.921166
0.280775 0.921166
0.280775 0.921167
0.280775 0.921166
0.280775 0.921166
0.280775 0.921166
0.280775 0.921166
0.280775 0.921167
0.280775 0.921166
0.280775 0.921166
0.280775 0.921166
0.280775 0.921166
0.280775 0.921166
0.280775 0.921167
0.280775 0.921166
0.280775 0.921166
0.280775 0.921166
0.280775 0.921166
0.280775 0.921166
0.280775 0.921167
0.280775 0.921166
0.280775 0.921166
0.280775 0.921166
0.280775 0.921166
0.280775 0.921166
0.280775 0.921166
0.280775 0.921166
0.280775 0.921166
0.280775 0.921166
0.280775 0.921166
0.280775 0.921166
0.280775 0.921167
0.280775 0.921167
0.280775 0.921167
0.280775 0.921167
0.280775 0.921167
0.280775 0.921167
0.280775 0.921167
0.280775 0.921167
0.280775 0.921167
0.280775 0.921167
0.280775 0.921167
0.280775 0.921167
0.280775 0.921167
0.280775 0.921167
0.280775 0.921167
0.280775 0.921167
0.280775 0.921166
0.280775 0.921167
0.280775 0.921167
0.280775 0.921167
0.280775 0.921167
0.280775 0.921166
0.280775 0.921167
0.280775 0.921167
0.280775 0.921167
0.280775 0.921167
0.280775 0.921167
0.280775 0.921167
0.280775 0.921166
0.280775 0.921167
0.280775 0.921167
0.280775 0.921167
0.280775 0.921167
0.280775 0.921167
0.280775 0.921167
0.280775 0.921167
0.280775 0.921167
