331173 510.042
0.280832 0.988711
1 5.14299e-07
0.324562 3.09789
0.999996 0.363462
0.998228 0.506852
0.999919 0.413318
1 1.69029
0.64329 0.896401
0.999917 0.39567
0.999983 0.489943
0.541268 0.99719
1 1.56365
0.999999 0.403623
0.996939 0.45384
0.999916 0.531654
1 0.440138
0.999943 0.4667
0.608597 0.984009
0.999654 0.391245
0.628485 1.00782
0.999952 0.394375
0.324562 3.09789
0.683763 2.17526
0.993094 0.449087
0.999321 0.426666
0.991303 0.445868
0.998844 0.461386
0.999999 0.482991
0.813656 0.753082
1 0.424793
1 0.446166
0.281649 2.6357
0.994028 0.442605
0.874162 0.594389
0.328628 2.45163
0.60909 2.35581
0.999226 0.453149
0.683763 2.17526
0.359917 2.3879
0.999867 0.409122
1 0.421519
0.837709 0.772061
1 0.414257
0.742887 1.97346
0.891453 0.624331
0.999901 0.450302
0.647144 0.934702
0.338703 2.52916
0.295548 1.22321
0.9927 0.426383
0.541268 0.99719
1 0.446166
0.999917 0.39567
0.976184 1.56272
0.999999 0.48266
1 0.50219
0.64329 0.896401
0.359917 2.3879
0.999998 0.437561
0.999999 0.399842
0.998228 0.506852
0.994734 0.338586
0.338703 2.52916
1 0.463286
0.999997 0.412122
0.999654 0.391247
0.996866 0.399299
0.996866 0.399299
1 0.485326
0.99902 0.534019
0.999654 0.391245
1 0.432999
0.999998 0.472806
0.996939 0.45384
0.999792 1.10013
0.999996 0.489213
1 0.414257
0.999997 0.432444
0.999997 0.432444
0.976184 1.56272
0.285896 2.49361
0.999999 0.48266
0.837709 0.772061
0.999997 0.412122
0.972767 0.517393
1 0.498306
0.986447 0.593058
0.60909 2.35581
0.585775 0.948626
0.999916 0.531654
0.972767 0.517393
0.874162 0.594389
0.999943 0.4667
0.742887 1.97346
0.999321 0.426666
0.999996 0.363462
0.999226 0.453149
0.647144 0.934702
1 0.393142
0.606227 3.59312
