1192984 560.014
0.280775 6.2218
0.997019 2.35146
0.636998 2.59675
0.280775 2.69717
0.280775 4.76767
0.280775 6.2218
0.280775 4.21308
0.841638 2.48503
0.700301 2.56316
0.810481 2.50474
0.280775 4.21308
0.280775 4.21308
0.280775 3.79437
0.280775 2.83033
0.280775 3.29257
0.280775 3.79437
0.700301 2.56316
0.637001 2.59571
0.997019 2.35146
0.952036 2.41312
0.810481 2.50474
0.823416 2.49643
0.841638 2.48503
0.280775 2.75332
0.280775 2.83033
0.823378 2.49837
0.952003 2.41396
0.280775 2.71635
0.280775 2.75332
0.280775 2.69717
0.823378 2.49837
0.823416 2.49643
0.637001 2.59571
0.636998 2.59675
0.952036 2.41312
0.952027 2.41383
0.952027 2.41383
0.823416 2.49643
0.952003 2.41396
0.280775 3.79437
0.280775 3.29257
0.823378 2.49837
0.280775 6.2218
0.700301 2.56316
0.952027 2.41383
0.823378 2.49837
0.280775 2.69717
0.280775 2.69717
0.280775 3.79437
0.823416 2.49643
0.952003 2.41396
0.280775 3.29257
0.280775 3.29257
0.280775 6.2218
0.952036 2.41312
0.280775 2.69717
0.823416 2.49643
0.823416 2.49643
0.280775 3.29257
0.841638 2.48503
0.280775 2.83033
0.280775 3.79437
0.280775 3.79437
0.280775 3.79437
0.823416 2.49643
0.280775 6.2218
0.841638 2.48503
0.823416 2.49643
0.823416 2.49643
0.952027 2.41383
0.280775 4.76767
0.636998 2.59675
0.700301 2.56316
0.280775 2.71635
0.810481 2.50474
0.841638 2.48503
0.952003 2.41396
0.810481 2.50474
0.997019 2.35146
0.637001 2.59571
0.700301 2.56316
0.280775 3.79437
0.280775 2.83033
0.280775 3.79437
0.280775 6.2218
0.823416 2.49643
0.280775 3.79437
0.280775 3.79437
0.280775 3.79437
0.841638 2.48503
0.823416 2.49643
0.280775 4.21308
0.280775 2.69717
0.280775 6.2218
0.280775 3.29257
0.280775 2.69717
0.280775 2.69717
0.952027 2.41383
0.700301 2.56316
0.280775 6.2218
