348989 320.016
0.280775 0.991618
0.280775 0.994415
0.280775 1.00926
0.280775 0.991986
0.280775 0.991681
0.280775 0.992077
0.280775 0.995505
0.280775 1.01007
0.280775 0.993183
0.280775 0.993264
0.280775 0.995611
0.280775 1.01276
0.280775 0.993308
0.280775 0.996009
0.280775 1.01355
0.280775 0.993338
0.280775 0.993686
0.280775 0.996025
0.280775 1.01604
0.280775 0.993914
0.280775 0.993709
0.280775 0.993929
0.280775 0.996261
0.280775 1.0167
0.280775 0.993971
0.280775 0.99418
0.280775 0.996365
0.280775 1.01803
0.280775 0.99421
0.280775 0.994216
0.280775 0.996462
0.280775 1.01882
0.280775 0.994693
0.280775 0.994276
0.280775 0.996653
0.280775 1.02175
0.280775 0.994837
0.280775 0.994564
0.280775 0.9943
0.280775 0.996665
0.280775 1.02187
0.280775 0.994877
0.280775 0.994574
0.280775 0.994364
0.280775 0.996822
0.280775 1.02613
0.280775 0.994889
0.280775 0.994456
0.280775 0.994709
0.280775 0.994369
0.280775 0.99686
0.280775 1.02618
0.280775 0.994952
0.280775 0.994664
0.280775 0.994895
0.280775 0.994746
0.280775 0.99688
0.280775 0.994981
0.280775 0.994747
0.280775 0.994932
0.280775 0.994758
0.280775 0.997147
0.280775 0.995057
0.280775 1.01217
0.280775 1.01613
0.280775 1.01395
0.280775 1.01289
0.280775 1.01043
0.280775 1.0215
0.280775 1.01282
0.280775 1.01573
0.280775 1.01274
0.280775 1.01318
0.280775 1.01454
0.280775 1.01024
0.280775 1.01564
0.280775 1.00957
0.280775 1.01473
0.280775 1.0118
0.280775 1.01504
0.280775 1.01384
0.280775 1.01094
0.280775 1.014
0.280775 1.01269
0.280775 1.00891
0.280775 1.01591
0.280775 1.02144
0.280775 1.01257
0.280775 1.01122
0.280775 1.01229
0.280775 1.014
0.280775 1.01161
0.280775 1.0173
0.280775 1.01649
0.280775 1.01499
0.280775 1.00674
0.280775 1.01079
0.280775 1.00779
0.280775 1.0111
0.280775 1.01004
