178393 180.016
0.999963 0.0177684
0.999963 0.0177684
0.280775 0.930624
0.280775 0.930624
0.405177 0.848541
0.686535 0.544152
0.369519 0.875557
0.703905 0.520161
0.722944 0.494239
0.427402 0.829052
0.665362 0.572361
0.470331 0.792451
0.449834 0.81076
0.84131 0.309966
0.739232 0.469537
0.491612 0.771597
0.867798 0.265526
0.557612 0.703046
0.753476 0.44855
0.574849 0.683571
0.906589 0.196711
0.606627 0.646762
0.882097 0.241289
0.919712 0.1727
0.317443 0.910982
0.854445 0.288286
0.540728 0.721014
0.59085 0.665518
0.622787 0.626594
0.932338 0.150232
0.524374 0.738737
0.894056 0.219618
0.337363 0.89802
0.944272 0.127364
0.507691 0.755509
0.768588 0.426144
0.976764 0.0669997
0.651026 0.591633
0.80308 0.372737
0.825116 0.336765
0.95588 0.105397
0.63747 0.608779
0.989321 0.0415511
0.792058 0.390111
0.296291 0.923999
0.77951 0.409043
0.96708 0.0854337
0.817067 0.350085
0.355682 0.884706
0.9979 0.0253177
0.9979 0.0253177
0.999929 0.0224308
0.998512 0.0237173
0.999963 0.020787
0.355682 0.885682
0.95588 0.107048
0.998512 0.0238385
0.999963 0.0207934
0.355682 0.885822
0.95588 0.107376
0.998512 0.0246448
0.999963 0.0209307
0.355682 0.886069
0.998512 0.0250018
0.999963 0.0213221
0.998512 0.0253831
0.999963 0.0213809
0.999963 0.0213952
0.999963 0.0215068
0.999963 0.0215137
0.999963 0.0215405
0.999963 0.0215509
0.999963 0.0216258
0.999963 0.0216411
0.999963 0.0216633
0.999963 0.0216702
0.999963 0.0216706
0.999963 0.0216842
0.999963 0.021726
0.999963 0.021759
0.999963 0.0217856
0.999963 0.0217895
0.999963 0.021801
0.999963 0.0218738
0.999963 0.021893
0.999963 0.0219315
0.999963 0.0220813
0.999963 0.0221061
0.999963 0.0221806
0.999963 0.0221823
0.999963 0.0222082
0.999963 0.0222649
0.999963 0.0222881
0.999963 0.0223125
0.999963 0.0223398
0.999963 0.022471
0.999963 0.0224854
0.999963 0.022687
0.999963 0.0226914
0.999963 0.0227631
