113027 160.012
0.280775 0.92504
0.280775 0.928818
0.280775 0.925646
0.280775 0.925201
0.280775 0.925102
0.280775 0.925404
0.280775 0.925428
0.280775 0.925172
0.280775 0.925188
0.280775 0.925577
0.280775 0.925168
0.280775 0.925139
0.280775 0.925546
0.280775 0.925524
0.280775 0.925384
0.280775 0.925156
0.280775 0.925105
0.280775 0.928896
0.280775 0.925726
0.280775 0.92519
0.280775 0.925315
0.280775 0.925426
0.280775 0.925464
0.280775 0.925126
0.280775 0.925152
0.280775 0.925557
0.280775 0.925667
0.280775 0.925186
0.280775 0.925298
0.280775 0.925237
0.280775 0.925287
0.280775 0.925284
0.280775 0.925642
0.280775 0.925627
0.280775 0.925543
0.280775 0.925282
0.280775 0.925281
0.280775 0.925107
0.280775 0.925797
0.280775 0.925208
0.280775 0.925114
0.280775 0.925147
0.280775 0.925367
0.280775 0.925178
0.280775 0.92551
0.280775 0.925324
0.280775 0.925681
0.280775 0.925197
0.280775 0.92559
0.280775 0.925292
0.280775 0.925436
0.280775 0.925646
0.280775 0.925484
0.280775 0.925203
0.280775 0.92543
0.280775 0.925473
0.280775 0.925303
0.280775 0.925314
0.280775 0.925285
0.280775 0.925121
0.280775 0.925879
0.280775 0.925211
0.280775 0.92551
0.280775 0.926231
0.280775 0.926337
0.280775 0.926338
0.280775 0.928823
0.280775 0.926223
0.280775 0.926198
0.280775 0.926101
0.280775 0.926372
0.280775 0.926254
0.280775 0.926411
0.280775 0.926376
0.280775 0.926436
0.280775 0.926494
0.280775 0.927032
0.280775 0.928888
0.280775 0.926176
0.280775 0.926387
0.280775 0.926643
0.280775 0.926026
0.280775 0.9269
0.280775 0.926506
0.280775 0.928706
0.280775 0.928814
0.280775 0.926271
0.280775 0.928641
0.280775 0.926484
0.280775 0.926562
0.280775 0.926617
0.280775 0.926662
0.280775 0.928922
0.280775 0.925909
0.280775 0.926087
0.280775 0.928931
0.280775 0.926311
0.280775 0.926495
0.280775 0.926374
0.280775 0.926762
