504611 200.004
0.280775 3.58866
0.280775 3.58866
0.999997 3.12928
0.280775 3.36757
0.630738 3.34307
0.806771 3.26967
0.280775 3.43296
0.630738 3.33618
0.630738 3.33618
0.280775 3.42973
0.829721 3.21938
0.99032 3.16743
0.890262 3.19591
0.950284 3.18679
0.280775 3.58866
0.890262 3.19591
0.950286 3.18545
0.990315 3.17431
0.829721 3.21938
0.829642 3.2491
0.280775 3.36757
0.630738 3.34307
0.890262 3.19591
0.806857 3.26283
0.829642 3.2491
0.829642 3.2491
0.806857 3.26283
0.990315 3.17431
0.806771 3.26967
0.630738 3.33667
0.280775 3.42973
0.806857 3.26283
0.950286 3.18545
0.630738 3.33667
0.806771 3.26967
0.806857 3.26283
0.829642 3.2491
0.630738 3.34307
0.280775 3.36757
0.829721 3.21938
0.280775 3.58866
0.829642 3.2491
0.806771 3.26967
0.806771 3.26967
0.890262 3.19591
0.630738 3.34307
0.630738 3.33667
0.630738 3.34307
0.280775 3.36757
0.280775 3.58866
0.280775 3.43296
0.806771 3.26967
0.630738 3.34307
0.280775 3.58866
0.630738 3.34307
0.280775 3.58866
0.806771 3.26967
0.630738 3.34307
0.999997 3.12928
0.280775 3.36757
0.999997 3.12928
0.630738 3.34307
0.630738 3.33667
0.630738 3.33618
0.806857 3.26283
0.280775 3.58866
0.990315 3.17431
0.280775 3.58866
0.829721 3.21938
0.630738 3.34307
0.829642 3.2491
0.99032 3.16743
0.806771 3.26967
0.280775 3.42973
0.806771 3.26967
0.806771 3.26967
0.829642 3.2491
0.806857 3.26283
0.630738 3.34307
0.280775 3.36757
0.829642 3.2491
0.950284 3.18679
0.990315 3.17431
0.950286 3.18545
0.630738 3.34307
0.280775 3.58866
0.806857 3.26283
0.630738 3.33667
0.280775 3.36757
0.280775 3.58866
0.630738 3.34307
0.806771 3.26967
0.280775 3.58866
0.990315 3.17431
0.280775 3.58866
0.630738 3.34307
0.280775 3.43296
0.280775 3.58866
0.630738 3.33618
0.280775 3.42973
