105178 290.047
0.999972 0.0228049
0.999972 0.0228049
0.280775 0.93459
0.280775 0.93459
0.539429 0.725284
0.643612 0.602818
0.411925 0.844458
0.378023 0.871847
0.569287 0.692736
0.805663 0.371038
0.620018 0.633755
0.746686 0.461914
0.826477 0.337193
0.663811 0.577803
0.696786 0.532872
0.725878 0.49276
0.679603 0.556375
0.33841 0.899488
0.516123 0.749982
0.791214 0.394136
0.933059 0.153101
0.466742 0.797088
0.762179 0.438545
0.776323 0.417958
0.485882 0.780306
0.448418 0.814571
0.359599 0.885312
0.850889 0.297269
0.714025 0.508351
0.430213 0.829192
0.315419 0.915519
0.864664 0.273959
0.91082 0.195042
0.838673 0.31834
0.921486 0.174291
0.87623 0.255034
0.50296 0.763569
0.948305 0.126221
0.898234 0.216066
0.887524 0.234037
0.299013 0.924345
0.603443 0.653352
0.584069 0.675576
0.976965 0.0703181
0.955227 0.112552
0.594372 0.663815
0.962633 0.0970456
0.969597 0.0847824
0.997487 0.0293682
0.986226 0.0521844
0.989007 0.0482288
0.999972 0.025323
0.969597 0.08536
0.997487 0.0298652
0.999972 0.0256442
0.969597 0.0853759
0.969597 0.0853759
0.997487 0.0305472
0.999972 0.0261179
0.997487 0.0305798
0.999972 0.0262081
0.997487 0.0306114
0.999972 0.0266086
0.997487 0.0306371
0.999972 0.0266534
0.997487 0.0306761
0.999972 0.0266895
0.997487 0.0306763
0.999972 0.0267757
0.997487 0.0307192
0.997487 0.0308057
0.997487 0.030836
0.997487 0.0309396
0.997487 0.0309461
0.997487 0.0310128
0.997487 0.0310174
0.997487 0.031022
0.997487 0.0312129
0.997487 0.0313068
0.997487 0.031315
0.997487 0.0313213
0.997487 0.031331
0.997487 0.0313353
0.997487 0.0313604
0.997487 0.0314202
0.997487 0.0314278
0.997487 0.0314994
0.997487 0.0315891
0.997487 0.0316147
0.997487 0.0316882
0.997487 0.0317049
0.997487 0.0317176
0.997487 0.0317335
0.997487 0.0317382
0.997487 0.0317589
0.997487 0.0317885
0.997487 0.0318402
0.997487 0.0319323
0.997487 0.0319432
0.997487 0.0322903
