222282 320.02
0.280873 0.921288
1 2.19776e-05
0.994115 2.23079
0.287581 3.46004
0.282973 2.63084
0.999927 0.568614
0.998964 0.668689
0.999997 0.773245
0.999997 0.618868
0.996021 0.608066
1 0.570891
0.290015 3.07404
0.953448 1.09885
0.999993 0.974782
0.999999 1.19292
0.999989 0.742844
1 0.627597
1 0.307542
1 0.627597
0.999989 0.526387
0.999984 0.725188
0.999993 0.974782
0.977893 0.64444
0.999394 0.632318
0.754428 2.18029
0.999976 0.616128
0.999999 0.614234
0.66461 2.15586
0.883318 0.761499
0.873765 2.1062
1 0.542077
0.998743 1.66516
0.990126 0.462973
0.99999 0.608095
0.998809 1.8367
0.922539 2.27798
1 0.560736
0.801702 3.03487
0.888127 2.30178
0.9994 0.57638
0.311369 3.59315
0.49994 3.29762
0.999939 0.695754
1 0.584529
0.997161 0.617517
0.69936 2.82791
0.316427 2.48622
0.280897 3.19855
0.953448 1.09885
0.999999 0.614234
0.999984 0.725131
0.66461 2.15586
0.972711 0.536009
1 0.307542
0.322901 1.32192
0.49994 3.29762
0.457511 1.08828
1 1.15025
1 0.55492
0.994704 0.54672
0.95089 0.644886
0.992762 0.62704
0.999989 0.526387
1 0.586909
0.999813 0.608123
0.287581 3.46004
0.992762 0.62704
0.990126 0.462973
0.997935 0.74844
0.84523 2.62509
0.998743 1.66516
1 0.560736
0.999796 0.62487
0.998964 0.668689
0.857541 1.9614
0.801702 3.03487
0.999981 0.668241
0.95089 0.644886
0.989141 1.60883
0.99999 0.550548
0.999883 0.599094
0.9994 0.57638
0.996503 0.585514
0.999394 0.632318
1 0.559151
0.999999 0.562298
0.873765 2.1062
1 0.542077
0.923337 0.694289
0.282973 2.63084
0.972711 0.536009
0.963452 2.68604
0.999999 0.562298
0.290015 3.07404
0.999661 0.899147
0.996021 0.608066
0.876163 0.783746
0.988461 1.05093
0.69936 2.82791
0.999995 0.623507
