140114 480.094
0.280775 0.921796
1 0.000954235
0.280775 0.921796
0.414807 0.828494
0.396259 0.843531
0.853969 0.271562
0.759361 0.424124
0.377463 0.85819
0.785801 0.383288
0.357771 0.872659
0.835567 0.302819
0.518717 0.731675
0.737941 0.456346
0.775527 0.399494
0.475358 0.77462
0.500068 0.750662
0.798731 0.362986
0.628683 0.605574
0.614527 0.623162
0.565991 0.680284
0.546243 0.702238
0.560786 0.686146
0.86165 0.258578
0.436684 0.809875
0.812474 0.340857
0.299782 0.910768
0.446338 0.801483
0.321916 0.896897
0.320006 0.898122
0.885032 0.217761
0.935664 0.125629
0.827997 0.315225
0.283166 0.920449
0.688492 0.52684
0.460431 0.788712
0.305204 0.90749
0.695682 0.516893
0.845527 0.286086
0.783079 0.387558
0.647326 0.581799
0.598138 0.643025
0.336648 0.887199
0.767338 0.412122
0.380998 0.855387
0.984768 0.0311716
0.806626 0.35032
0.908157 0.176122
0.66124 0.563447
0.673847 0.546624
0.638279 0.593422
0.976883 0.0466316
0.878526 0.229037
0.870059 0.244023
0.701963 0.508121
0.492148 0.758517
0.536861 0.712533
0.962239 0.0752212
0.845527 0.286086
0.969996 0.060034
0.484415 0.766064
0.46712 0.782511
0.820503 0.327753
0.670616 0.550966
0.628683 0.605574
0.916596 0.160928
0.89537 0.199172
0.593741 0.648117
0.583886 0.659717
0.510236 0.740396
0.819619 0.329023
0.508377 0.742288
0.76944 0.408722
0.575481 0.669457
0.798731 0.362986
0.651491 0.576239
0.53541 0.714088
0.680725 0.537469
0.546238 0.702383
0.656061 0.570267
0.831106 0.31025
0.430294 0.815539
0.924424 0.146523
0.991475 0.0181363
0.942408 0.112971
0.953258 0.0924151
0.940704 0.115975
0.89537 0.199172
0.724718 0.475675
0.391189 0.847521
0.745443 0.445057
0.34659 0.88053
0.575481 0.669457
0.583886 0.659717
0.901641 0.187908
0.640368 0.590752
0.709379 0.49766
0.527175 0.722834
0.878526 0.229037
0.885032 0.217761
0.341488 0.883919
