13081 30.0049
0.89689 0.206743
0.442637 0.805722
0.929573 0.147314
0.571454 0.681933
0.944768 0.124234
0.39049 0.854332
0.748561 0.450871
0.371953 0.869143
0.778679 0.406929
0.810776 0.352364
0.852078 0.284298
0.558113 0.700082
0.876619 0.241436
0.912121 0.17909
0.715269 0.498846
0.597891 0.653288
0.610533 0.636064
0.626141 0.616882
0.843331 0.300271
0.920265 0.164527
0.860269 0.272092
0.796453 0.379595
0.800719 0.370224
0.531407 0.727793
0.584555 0.667878
0.707996 0.508433
0.409525 0.839047
0.954075 0.101264
0.430275 0.821462
0.818156 0.340544
0.781694 0.401715
0.315636 0.906972
0.686597 0.537013
0.655929 0.581846
0.403535 0.844202
0.544126 0.714641
0.481992 0.776708
0.88585 0.226195
0.838733 0.312201
0.425773 0.827787
0.830324 0.323839
0.548658 0.709676
0.361288 0.878394
0.47283 0.783681
0.67329 0.556135
0.734671 0.472644
0.868121 0.25817
0.987257 0.0368756
0.635278 0.604953
0.490131 0.767648
0.648624 0.592339
0.463935 0.792283
0.337012 0.895616
0.982953 0.046599
0.590709 0.662696
0.677748 0.551986
0.345723 0.889671
0.74343 0.460814
0.728831 0.477653
0.694276 0.529501
0.311882 0.911841
1 4.87712e-11
0.280775 0.921165
0.816406 0.345955
0.927928 0.153004
0.880926 0.236436
0.399893 0.848491
0.99985 0.0159371
0.729431 0.479185
0.99974 0.0140644
0.990997 0.0317878
0.504223 0.754875
0.485805 0.772489
0.372012 0.869052
0.98772 0.0379565
0.834748 0.316027
0.738533 0.466312
0.643382 0.596201
0.389471 0.857338
0.3132 0.910317
0.9932 0.0298073
0.292261 0.923165
0.998641 0.0164554
0.602531 0.646142
0.997255 0.0197494
0.530548 0.72784
0.619873 0.626483
0.462749 0.794154
0.84942 0.291395
0.990477 0.0338259
0.924249 0.158987
0.999876 0.0145103
0.98094 0.0514842
0.295692 0.920195
0.988745 0.0373146
0.987252 0.040459
0.707847 0.509694
0.630213 0.612628
0.996396 0.0218855
0.853046 0.285607
