142829 490.093
1 0.00114585
0.280775 0.921783
0.992628 0.0158276
0.969458 0.0612623
0.809292 0.345995
0.956681 0.0858595
0.795415 0.36825
0.753587 0.433005
0.632483 0.600768
0.874214 0.236761
0.455649 0.793076
0.945504 0.107108
0.698335 0.51318
0.843008 0.290318
0.831747 0.309167
0.581827 0.662245
0.569969 0.675894
0.82009 0.32841
0.74725 0.442511
0.686223 0.529941
0.337388 0.886808
0.641155 0.589729
0.567261 0.678973
0.381053 0.855455
0.396311 0.8436
0.5966 0.644846
0.609178 0.629687
0.626238 0.608624
0.525286 0.724806
0.538488 0.71077
0.903096 0.185457
0.912725 0.167984
0.447177 0.80072
0.479701 0.770592
0.492847 0.757814
0.774918 0.400419
0.883664 0.220158
0.555272 0.692423
0.877395 0.231192
0.784793 0.385027
0.516929 0.733511
0.925282 0.144916
0.940474 0.116588
0.717762 0.485686
0.645003 0.584783
0.655537 0.571091
0.826143 0.318451
0.933863 0.128972
0.865368 0.252141
0.889739 0.209391
0.674181 0.546314
0.843063 0.290225
0.3647 0.867643
0.85173 0.275545
0.793778 0.37085
0.71556 0.488841
0.547187 0.701331
0.586585 0.656688
0.5966 0.644846
0.68345 0.533737
0.865368 0.252141
0.857243 0.266128
0.316015 0.900765
0.732208 0.464751
0.996708 0.00771427
0.423768 0.821097
0.620228 0.616111
0.327987 0.893059
0.895733 0.198696
0.903096 0.185457
0.706083 0.502306
0.661877 0.562743
0.706083 0.502306
0.513218 0.737331
0.463462 0.785899
0.963426 0.0729156
0.725654 0.4743
0.761238 0.421421
0.433654 0.812625
0.416002 0.827615
0.405943 0.835878
0.432144 0.813932
0.361131 0.870232
0.933863 0.128972
0.698984 0.512275
0.538488 0.71077
0.399388 0.841154
0.768318 0.410599
0.761238 0.421421
0.609178 0.629687
0.669335 0.55282
0.525286 0.724806
0.969458 0.0612623
0.962713 0.0742884
0.54908 0.699257
0.344463 0.881986
0.35419 0.875195
0.738504 0.455497
0.377508 0.858143
0.478921 0.771339
