219583 600.002
1 0.0127122
1 0.0127122
0.280775 0.929023
0.280775 0.929023
0.596386 0.654149
0.563043 0.69242
0.930524 0.14843
0.704994 0.514458
0.511921 0.747085
0.309503 0.912604
0.858359 0.276179
0.690099 0.534117
0.976199 0.0618256
0.334432 0.895506
0.379284 0.864937
0.911938 0.181881
0.486725 0.772685
0.356073 0.881836
0.877133 0.244203
0.615001 0.632064
0.400198 0.84859
0.760889 0.431316
0.532278 0.726565
0.776052 0.409549
0.45371 0.803489
0.789726 0.38815
0.746151 0.453661
0.988744 0.0363572
0.730656 0.476071
0.947101 0.116899
0.844732 0.298532
0.419701 0.83285
0.886987 0.226192
0.630844 0.612404
0.547037 0.710245
0.473102 0.785508
0.436455 0.818629
0.820265 0.338252
0.83274 0.3198
0.960201 0.091963
0.644699 0.594793
0.656488 0.579643
0.803715 0.365028
0.807953 0.360047
0.6689 0.562536
0.6689 0.562536
0.733144 0.473866
0.954743 0.102944
0.901395 0.199412
0.999998 0.0150593
0.901395 0.199412
1 0.0132749
0.730656 0.477332
0.901395 0.200518
0.954743 0.103198
0.999998 0.0152075
1 0.0144291
0.730656 0.47792
0.901395 0.201505
0.954743 0.103368
0.999998 0.0155728
1 0.0146704
0.730656 0.478437
0.901395 0.201589
0.954743 0.103499
1 0.0150682
1 0.0152307
1 0.0153086
1 0.0153536
1 0.0153889
1 0.0153949
1 0.0154237
1 0.0154281
1 0.0154509
1 0.0154935
1 0.0155018
1 0.0155079
1 0.0155147
1 0.0155372
1 0.0155624
1 0.0155637
1 0.0155822
1 0.0155952
1 0.0156025
1 0.0156033
1 0.0156075
1 0.0156134
1 0.0156413
1 0.0156524
1 0.0156821
1 0.0156859
1 0.0157537
1 0.0158246
1 0.0159107
1 0.015955
1 0.01599
1 0.0161346
1 0.0162366
1 0.0162401
1 0.0168667
