11850 40.0074
1 0.00103241
0.280775 0.921778
0.280775 0.921778
0.891019 0.20701
0.945517 0.106975
0.654706 0.572098
0.342888 0.883063
0.365867 0.866727
0.877388 0.231105
0.937435 0.122186
0.67064 0.551065
0.443569 0.803865
0.329679 0.891941
0.737273 0.457225
0.845794 0.285518
0.832352 0.308152
0.995801 0.00951083
0.814049 0.338268
0.69048 0.523999
0.309176 0.904976
0.29017 0.916417
0.774688 0.400684
0.711175 0.495007
0.698337 0.513094
0.482467 0.767862
0.375316 0.859727
0.421859 0.822643
0.860628 0.260219
0.810838 0.343397
0.970206 0.0598033
0.744815 0.446133
0.400768 0.839984
0.386011 0.851648
0.72865 0.469938
0.824271 0.32153
0.469105 0.780571
0.802755 0.356433
0.792777 0.37243
0.923973 0.147231
0.718131 0.48507
0.563392 0.683269
0.575244 0.669849
0.765212 0.415269
0.961366 0.0767688
0.970206 0.0598033
0.563392 0.683269
0.552104 0.695855
0.874469 0.236306
0.95491 0.0891337
0.509892 0.740661
0.542034 0.706867
0.494802 0.755814
0.903958 0.183891
0.461677 0.78748
0.987879 0.0252175
0.980107 0.040403
0.518486 0.731828
0.342888 0.883063
0.600659 0.639912
0.937435 0.122186
0.785286 0.384244
0.916609 0.160777
0.987879 0.0252175
0.410554 0.832109
0.613172 0.624802
0.62259 0.613098
0.684142 0.532707
0.412662 0.830314
0.552104 0.695855
0.62285 0.612774
0.953032 0.0927144
0.824271 0.32153
0.832352 0.308152
0.484305 0.766086
0.577913 0.666774
0.802755 0.356433
0.853064 0.273263
0.526771 0.723172
0.923973 0.147231
0.594748 0.646974
0.632219 0.601022
0.530825 0.718953
0.632219 0.601022
0.729962 0.467948
0.382513 0.854276
0.58659 0.656606
0.457386 0.791423
0.845794 0.285518
0.867701 0.24809
0.792777 0.37243
0.86734 0.248627
0.677656 0.541535
0.856425 0.267431
0.698337 0.513094
0.961366 0.0767688
0.647922 0.581003
0.400768 0.839984
0.64023 0.590906
0.428129 0.817316
0.762656 0.419173
