77940 180.026
1 0.0169453
1 0.0169453
0.280798 0.934446
0.280798 0.934446
0.435447 0.825111
0.478701 0.785249
0.983417 0.0547606
0.593999 0.661578
0.307284 0.918568
0.566775 0.692456
0.411378 0.846008
0.613181 0.640867
0.963644 0.0899887
0.369842 0.879003
0.389444 0.860984
0.670278 0.566498
0.497216 0.766657
0.700637 0.525587
0.685541 0.54521
0.81 0.362229
0.932354 0.151396
0.79598 0.383739
0.741816 0.464975
0.514894 0.750271
0.782094 0.404239
0.860117 0.278244
0.716092 0.503113
0.823146 0.339585
0.336046 0.900337
0.872603 0.256416
0.896363 0.213247
0.755764 0.443763
0.884586 0.235081
0.768855 0.425459
0.84669 0.299481
0.909609 0.192935
0.728872 0.486291
0.653438 0.587033
0.920708 0.172287
0.945692 0.126119
0.835279 0.319407
0.554839 0.708505
0.345592 0.892919
0.630739 0.616034
0.53112 0.733512
0.955003 0.109814
0.999113 0.0234567
0.539342 0.722282
0.642268 0.601509
0.635869 0.609869
1 0.0203865
1 0.0198804
0.653438 0.588704
0.755764 0.446415
1 0.022381
1 0.0200852
0.653438 0.589337
1 0.0238615
1 0.0201754
1 0.0206346
1 0.0207359
1 0.0210997
1 0.0212056
1 0.0214079
1 0.0217767
1 0.0218582
1 0.0219095
1 0.0219301
1 0.021949
1 0.0219674
1 0.022
1 0.0220085
1 0.0220122
1 0.0220618
1 0.0220696
1 0.0221003
1 0.0221312
1 0.0221515
1 0.0221555
1 0.0221728
1 0.0221827
1 0.0223314
1 0.0223529
1 0.0223915
1 0.0224352
1 0.0224849
1 0.0225701
1 0.0225756
1 0.022598
1 0.0226427
1 0.0226883
1 0.0227211
1 0.0227595
1 0.022774
1 0.0227754
1 0.0228887
1 0.0229133
1 0.0230143
1 0.0230653
1 0.0242787
