135780 480.103
1 0.00155435
1 0.00155435
0.280775 0.922518
0.280775 0.922518
0.596666 0.645215
0.576848 0.668647
0.626363 0.609077
0.546734 0.702425
0.910838 0.172165
0.814394 0.338332
0.894006 0.202238
0.926305 0.143777
0.416145 0.828068
0.324754 0.895672
0.43921 0.808285
0.940526 0.117114
0.796866 0.366521
0.854957 0.270818
0.395417 0.844807
0.699336 0.512234
0.830434 0.311933
0.294578 0.914348
0.643072 0.587911
0.768953 0.41031
0.783085 0.388357
0.955029 0.0897911
0.52927 0.721204
0.375309 0.860219
0.657976 0.56843
0.754411 0.432367
0.871355 0.242496
0.513486 0.737692
0.683329 0.534641
0.842732 0.291453
0.482404 0.768411
0.497856 0.753558
0.879213 0.228407
0.357366 0.873268
0.67201 0.549793
0.342033 0.883993
0.734696 0.461629
0.458375 0.791195
0.714445 0.490961
0.982203 0.0370838
0.720623 0.482125
0.971926 0.057275
0.989111 0.0237577
0.742266 0.450312
0.965313 0.0700072
0.466122 0.783921
0.998943 0.00401104
0.999998 0.00194748
1 0.00183957
0.879213 0.228764
0.998943 0.00408007
1 0.00195671
0.879213 0.228837
0.998943 0.00409304
0.998943 0.00409304
1 0.00200815
0.879213 0.228944
0.998943 0.00411823
0.998943 0.00411823
1 0.00202042
0.998943 0.00413048
0.998943 0.00413048
1 0.00203246
0.998943 0.00414251
0.998943 0.00414251
0.998943 0.00414251
0.998943 0.00414251
1 0.00206736
0.998943 0.00416595
1 0.00208968
0.998943 0.00417737
1 0.0021113
1 0.0021113
0.998943 0.00421055
0.998943 0.00421055
0.998943 0.00421055
1 0.00213228
0.998943 0.00422127
1 0.00214254
0.998943 0.00424223
0.998943 0.00424223
0.998943 0.00424223
1 0.00217247
0.998943 0.00429208
1 0.00218218
1 0.00218218
0.998943 0.00430164
1 0.00219176
0.998943 0.00431109
0.998943 0.00431109
1 0.00221055
0.998943 0.00432041
1 0.00223787
0.998943 0.00433872
0.998943 0.00433872
0.998943 0.00439946
