133554 550.1
1 0
1 0
0.689864 0.524088
0.990235 0.0194349
1 0
0.99896 0.00207807
1 2.57496e-10
0.70618 0.50131
1 0
0.962316 0.073948
0.999729 0.000542165
1 0
1 0
1 0
0.997202 0.00558901
0.960439 0.0775569
0.995326 0.00932707
0.998876 0.00224606
0.984307 0.0311398
1 0
1 0
0.954144 0.0896099
0.875247 0.233943
0.891333 0.205525
1 2.89202e-11
0.326339 0.893503
0.281674 0.92066
1 0
0.835656 0.301679
1 0
0.467712 0.781246
0.885473 0.215938
1 0
0.645455 0.583388
0.700644 0.509098
1 0
0.990336 0.0192349
0.630834 0.602049
0.992501 0.0149422
0.999409 0.00118084
0.994246 0.011474
0.999986 2.71707e-05
0.920689 0.152331
0.999997 6.29538e-06
0.643023 0.586522
1 0
0.999417 0.00116619
0.722927 0.477376
0.914175 0.164284
0.999994 1.11594e-05
0.999999 1.82046e-06
0.721997 0.478721
0.994734 0.0105047
0.694717 0.517368
1 0
0.999941 0.000116998
1 6.07183e-09
1 0
1 0
0.947511 0.102223
0.981742 0.0361836
1 0
1 0
0.280993 0.921043
0.976859 0.0457469
1 0
1 0
1 0
1 0
0.998456 0.00308635
0.955662 0.0867109
1 0
1 0
1 3.27906e-07
1 4.19156e-07
0.545536 0.702391
1 0
0.914001 0.164602
1 0
0.809646 0.344473
0.999999 1.62548e-06
0.866107 0.249859
0.998042 0.00391176
1 0
0.995306 0.00936642
1 0
0.935696 0.124474
0.999493 0.00101394
0.934475 0.126757
0.993602 0.0127549
0.982189 0.0353046
0.999982 3.51832e-05
0.731185 0.465369
0.974693 0.0499731
0.923184 0.14773
0.996502 0.0069846
1 0
0.712098 0.492916
0.30293 0.908233
0.953984 0.0899136
