592986 220.005
0.997254 2.87609
0.997254 2.87609
0.280775 4.71321
0.280775 3.65143
0.573926 3.06669
0.280775 3.16195
0.280775 4.71321
0.280775 3.16311
0.811093 3.03363
0.634214 3.06074
0.634213 3.06177
0.573926 3.06669
0.8111 2.96635
0.882244 2.95335
0.846307 2.96308
0.846427 2.9625
0.846427 2.9625
0.846427 2.9625
0.913729 2.92535
0.883479 2.94268
0.971831 2.8912
0.953758 2.90135
0.936438 2.9128
0.953702 2.90188
0.811093 3.03363
0.811094 2.98188
0.634214 3.06074
0.913717 2.92547
0.882257 2.94283
0.811094 2.97704
0.8111 2.96635
0.846427 2.9625
0.811094 2.97704
0.811094 2.98188
0.883479 2.94268
0.280775 3.16195
0.280775 4.71321
0.634213 3.06177
0.913717 2.92547
0.846427 2.9625
0.953758 2.90135
0.953758 2.90135
0.882257 2.94283
0.913729 2.92535
0.882257 2.94283
0.8111 2.96635
0.280775 4.71321
0.811093 3.03363
0.280775 3.65143
0.883479 2.94268
0.280775 4.71321
0.883479 2.94268
0.846427 2.9625
0.882257 2.94283
0.846427 2.9625
0.573926 3.06669
0.280775 3.16311
0.882244 2.95335
0.811093 3.03363
0.280775 3.65143
0.811093 3.03363
0.811094 2.97704
0.280775 3.16195
0.953702 2.90188
0.811093 3.03363
0.811094 2.98188
0.811094 2.97704
0.846427 2.9625
0.811094 2.97704
0.811094 2.98188
0.280775 3.16195
0.913729 2.92535
0.846427 2.9625
0.846427 2.9625
0.882257 2.94283
0.846307 2.96308
0.8111 2.96635
0.280775 4.71321
0.811093 3.03363
0.882244 2.95335
0.280775 4.71321
0.573926 3.06669
0.634213 3.06177
0.846427 2.9625
0.573926 3.06669
0.280775 3.16311
0.634214 3.06074
0.811093 3.03363
0.883509 2.92877
0.883479 2.94268
0.811094 2.97704
0.882257 2.94283
0.280775 4.71321
0.280775 3.65143
0.846427 2.9625
0.811093 3.03363
0.280775 3.65143
0.280775 3.16195
0.882244 2.95335
0.280775 4.71321
