1417407 380.005
0.998563 2.32901
0.280775 4.10579
0.998563 2.32901
0.280775 3.4689
0.280775 2.67024
0.280775 3.24876
0.280775 2.67024
0.456351 2.62352
0.884245 2.41073
0.754088 2.49029
0.637673 2.55249
0.494142 2.61088
0.754018 2.51874
0.598328 2.56689
0.280775 3.24876
0.280775 3.4689
0.598328 2.56689
0.637673 2.55249
0.494142 2.61088
0.754088 2.49029
0.979429 2.34594
0.954839 2.36353
0.932966 2.37842
0.979429 2.34594
0.884245 2.41073
0.98 2.34555
0.994609 2.33402
0.456351 2.62352
0.900355 2.39956
0.91528 2.39268
0.900248 2.40011
0.942298 2.37246
0.637673 2.55249
0.900248 2.40011
0.932966 2.37842
0.91528 2.39268
0.754064 2.51729
0.754088 2.49029
0.954839 2.36353
0.998563 2.32901
0.994609 2.33402
0.598328 2.56689
0.456351 2.62352
0.754088 2.49029
0.954831 2.36443
0.900355 2.39956
0.884245 2.41073
0.754018 2.51874
0.598328 2.56689
0.954839 2.36353
0.280775 3.24876
0.280775 4.10579
0.754018 2.51874
0.494142 2.61088
0.954839 2.36353
0.494142 2.61088
0.637673 2.55249
0.494142 2.61088
0.884245 2.41073
0.637673 2.55249
0.754018 2.51874
0.900248 2.40011
0.280775 3.24876
0.994609 2.33402
0.280775 3.24876
0.954839 2.36353
0.280775 2.67024
0.884245 2.41073
0.456351 2.62352
0.280775 2.67024
0.637673 2.55249
0.456351 2.62352
0.280775 3.24876
0.280775 3.24876
0.994609 2.33402
0.754064 2.51729
0.998563 2.32901
0.994609 2.33402
0.456351 2.62352
0.754088 2.49029
0.932966 2.37842
0.900355 2.39956
0.900248 2.40011
0.598328 2.56689
0.954839 2.36353
0.280775 3.24876
0.280775 4.10579
0.494142 2.61088
0.280775 3.24876
0.494142 2.61088
0.637673 2.55249
0.98 2.34555
0.280775 3.24876
0.994609 2.33402
0.280775 3.24876
0.954839 2.36353
0.280775 2.67024
0.494142 2.61088
0.456351 2.62352
0.280775 3.4689
