1249186 570.014
0.280775 5.06966
0.280775 5.06966
0.999988 2.41271
0.280775 3.30207
0.280775 4.6262
0.843707 2.51755
0.758751 2.56359
0.420047 2.70933
0.420047 2.70933
0.420047 2.70933
0.419965 2.71025
0.280775 2.73864
0.280775 2.79503
0.280775 3.30207
0.280775 4.6262
0.758751 2.56359
0.843707 2.51755
0.56975 2.65413
0.758751 2.56359
0.923627 2.46629
0.963243 2.43245
0.999988 2.41271
0.923627 2.46629
0.978145 2.42893
0.420047 2.70933
0.963243 2.43245
0.772057 2.55917
0.280775 2.74567
0.280775 2.79503
0.77367 2.55552
0.963243 2.43245
0.62986 2.63139
0.280775 2.74567
0.62986 2.63139
0.280775 2.73864
0.923627 2.46629
0.917323 2.46882
0.984705 2.42237
0.56975 2.65413
0.923627 2.46629
0.772057 2.55917
0.280775 2.74567
0.963243 2.43245
0.963243 2.43245
0.843707 2.51755
0.978145 2.42893
0.978145 2.42893
0.280775 2.74567
0.280775 3.30207
0.420047 2.70933
0.420047 2.70933
0.999988 2.41271
0.56975 2.65413
0.923627 2.46629
0.56975 2.65413
0.419965 2.71025
0.963243 2.43245
0.984705 2.42237
0.420047 2.70933
0.56975 2.65413
0.963243 2.43245
0.963243 2.43245
0.420047 2.70933
0.963243 2.43245
0.772057 2.55917
0.999988 2.41271
0.280775 4.6262
0.621818 2.63267
0.420047 2.70933
0.280775 3.30207
0.280775 4.6262
0.280775 3.30207
0.978145 2.42893
0.420047 2.70933
0.963243 2.43245
0.772057 2.55917
0.280775 2.79503
0.77367 2.55552
0.923627 2.46629
0.917323 2.46882
0.984705 2.42237
0.963243 2.43245
0.963243 2.43245
0.843707 2.51755
0.963243 2.43245
0.280775 2.74567
0.280775 3.30207
0.420047 2.70933
0.999988 2.41271
0.56975 2.65413
0.923627 2.46629
0.56975 2.65413
0.419965 2.71025
0.963243 2.43245
0.420047 2.70933
0.56975 2.65413
0.420047 2.70933
0.758751 2.56359
0.280775 4.6262
0.621818 2.63267
