5 0.0119236
1 8.25056
0.999848 7.91933
0.999644 7.76803
0.733347 7.93788
0.995219 7.94105
1 7.84025
0.282477 8.13648
1 8.14192
0.834206 7.73902
1 8.40063
1 8.09689
0.874112 8.16395
1 8.14219
1 7.9374
0.966546 7.38175
1 8.14448
0.957799 8.09532
1 7.98301
0.914822 8.04132
1 7.64135
0.929944 7.83332
1 7.68726
0.998465 7.89567
0.999997 8.07213
0.999822 7.72665
0.631935 8.34976
1 7.69522
0.998776 7.41091
0.982306 7.96147
1 7.88966
0.987897 8.0284
0.990791 7.55251
0.413129 8.36314
1 8.23516
1 7.60735
0.606692 8.1161
0.988654 7.64047
1 7.74561
0.999319 8.16042
0.975177 7.82929
0.993267 8.00073
0.999456 7.88573
0.995448 7.86045
1 8.09488
0.981206 7.83274
1 8.15755
0.987897 7.71924
0.281445 8.36207
0.999951 7.69362
1 8.39222
0.987777 7.7096
1 8.24243
0.9997 7.84896
1 8.21547
1 7.65102
0.976394 8.26033
1 7.92396
0.979132 8.40812
0.926429 8.54773
1 7.96093
0.999897 7.83112
1 8.33612
0.999964 7.98941
1 8.04779
0.994183 7.69732
0.96903 7.87994
0.733284 7.96707
0.677526 8.11525
0.999992 8.18637
1 7.84146
1 8.15251
1 8.41494
1 8.03207
0.988771 8.09459
0.956321 7.8949
0.66329 8.25896
1 8.32981
0.945632 8.20003
0.999993 8.1384
1 7.93214
0.991725 7.71193
0.99692 7.95675
0.714935 8.11184
1 8.48234
0.994117 8.23287
0.732269 8.11727
1 8.14896
1 8.16334
0.684517 7.90366
1 8.23654
0.722203 8.268
0.857564 8.075
0.923252 8.25725
0.999957 7.92394
0.952046 8.01001
0.782188 7.87894
0.998019 7.6699
1 7.94981
0.999996 7.83769
0.982486 7.76139
