76502 210.03
0.284054 0.919313
1 0
0.995051 0.00987438
0.315829 0.900252
0.907034 0.177289
0.787861 0.379275
0.925908 0.142695
1 0
0.832866 0.306334
0.681444 0.535635
1 2.86943e-07
0.556058 0.690799
0.999169 0.00166207
0.998228 0.00354021
0.991017 0.0178855
1 0
1 0
1 0
0.975997 0.0474299
0.999456 0.00108688
1 0
0.536194 0.712496
0.30419 0.907468
0.9987 0.0025991
0.504 0.745984
0.976841 0.0457807
0.801072 0.358284
1 0
0.991497 0.0169346
0.861206 0.258324
0.965309 0.0681779
1 0
0.682172 0.534642
1 0
1 0
0.731969 0.464221
0.996389 0.00720822
1 0
1 0
0.997059 0.00587276
0.929352 0.136304
0.999298 0.00140343
1 0
0.862921 0.255367
0.786299 0.381734
0.309162 0.904419
1 0
0.999942 0.000116816
0.978829 0.0418934
1 0
0.885442 0.215993
0.998649 0.0026994
1 0
1 0
1 0
0.977442 0.0446073
0.995125 0.0097263
0.975937 0.0475462
0.934098 0.127461
0.632739 0.599641
0.945546 0.105942
0.845986 0.284308
1 0
0.336011 0.887096
0.730253 0.466731
0.939659 0.117041
0.919531 0.154463
0.417469 0.825719
0.858576 0.262847
0.371017 0.862347
1 0
1 0
0.836653 0.300012
0.999994 1.20732e-05
0.98891 0.0220571
0.872841 0.238149
0.944817 0.10732
1 0
0.7522 0.434195
0.970909 0.057335
1 0
0.935228 0.125348
0.990154 0.0195944
1 0
1 0
0.281849 0.920561
0.868439 0.245813
0.994685 0.0106019
0.999841 0.000317619
1 4.11684e-07
0.977496 0.0445022
0.950125 0.0972634
1 0
0.999994 1.10129e-05
0.749285 0.438572
1 0
1 0
0.96539 0.0680225
0.63272 0.599665
1 0
