224515 320.022
0.280775 0.934702
0.280775 0.934734
0.280775 0.938703
0.280775 0.935001
0.280775 0.939959
0.280775 0.935332
0.280775 0.935176
0.280775 0.935002
0.280775 0.940197
0.280775 0.93544
0.280775 0.935233
0.280775 0.935045
0.280775 0.935092
0.280775 0.94054
0.280775 0.935511
0.280775 0.935337
0.280775 0.935118
0.280775 0.940571
0.280775 0.93555
0.280775 0.935347
0.280775 0.935157
0.280775 0.941059
0.280775 0.935594
0.280775 0.935384
0.280775 0.935355
0.280775 0.935172
0.280775 0.941385
0.280775 0.935656
0.280775 0.935449
0.280775 0.935198
0.280775 0.935368
0.280775 0.935231
0.280775 0.941496
0.280775 0.935731
0.280775 0.935451
0.280775 0.935326
0.280775 0.935437
0.280775 0.935311
0.280775 0.942625
0.280775 0.935747
0.280775 0.935491
0.280775 0.935343
0.280775 0.935454
0.280775 0.935345
0.280775 0.942706
0.280775 0.93577
0.280775 0.935523
0.280775 0.935347
0.280775 0.935476
0.280775 0.935416
0.280775 0.942815
0.280775 0.935792
0.280775 0.935535
0.280775 0.93546
0.280775 0.935424
0.280775 0.935529
0.280775 0.935472
0.280775 0.942883
0.280775 0.93581
0.280775 0.935536
0.280775 0.935485
0.280775 0.93583
0.280775 0.935552
0.280775 0.937602
0.280775 0.938341
0.280775 0.937763
0.280775 0.937567
0.280775 0.937247
0.280775 0.938651
0.280775 0.938403
0.280775 0.937499
0.280775 0.937522
0.280775 0.939169
0.280775 0.938133
0.280775 0.938716
0.280775 0.93879
0.280775 0.939953
0.280775 0.937817
0.280775 0.938517
0.280775 0.939067
0.280775 0.938542
0.280775 0.939248
0.280775 0.937885
0.280775 0.9393
0.280775 0.938561
0.280775 0.938049
0.280775 0.93881
0.280775 0.939794
0.280775 0.938709
0.280775 0.938899
0.280775 0.938031
0.280775 0.938316
0.280775 0.937774
0.280775 0.937884
0.280775 0.938563
0.280775 0.938368
0.280775 0.93795
0.280775 0.939158
0.280775 0.938627
0.280775 0.938039
