136605 470.069
0.280775 0.921788
0.280775 0.921788
1 0.00112104
0.91135 0.170468
0.798877 0.362713
0.433269 0.812963
0.410939 0.831804
0.673155 0.5477
0.649729 0.578673
0.545965 0.70265
0.527117 0.722885
0.814061 0.338236
0.764374 0.416647
0.984607 0.0316843
0.876306 0.233079
0.303679 0.908409
0.893521 0.202629
0.502848 0.747846
0.679343 0.539337
0.927226 0.141294
0.398848 0.84157
0.460723 0.788414
0.596847 0.644533
0.611808 0.626462
0.847156 0.283318
0.776189 0.398455
0.583572 0.660217
0.329072 0.892351
0.824847 0.32057
0.570728 0.675034
0.771155 0.406239
0.638829 0.592686
0.937686 0.121829
0.713532 0.491718
0.947678 0.102971
0.820686 0.327412
0.661769 0.562868
0.971318 0.0576301
0.661769 0.562868
0.447429 0.8005
0.492666 0.757977
0.479568 0.770724
0.866581 0.250047
0.92075 0.153255
0.901516 0.188285
0.384706 0.852663
0.467794 0.781872
0.880631 0.225514
0.784138 0.386059
0.749169 0.43962
0.992209 0.0166651
0.436746 0.80994
0.622263 0.613567
0.509948 0.74068
0.836188 0.301743
0.956316 0.0865331
0.947678 0.102971
0.313936 0.902078
0.611808 0.626462
0.904078 0.183691
0.861533 0.258766
0.403171 0.838124
0.977533 0.0455576
0.593332 0.648737
0.719182 0.483653
0.368145 0.865106
0.492666 0.757977
0.978964 0.0427583
0.727505 0.471594
0.854736 0.270424
0.450448 0.797791
0.340282 0.884852
0.349008 0.87884
0.832362 0.308151
0.999246 0.00262747
0.337726 0.886584
0.281566 0.921343
0.687776 0.52779
0.687776 0.52779
0.319913 0.898274
0.740635 0.452354
0.292368 0.915147
0.733036 0.463545
0.755772 0.429689
0.586893 0.656333
0.695499 0.517137
0.854736 0.270424
0.706036 0.502378
0.69914 0.512062
0.925391 0.144692
0.888586 0.211419
0.292368 0.915147
0.962577 0.0745571
0.956316 0.0865331
0.993321 0.0144586
0.562686 0.684145
0.814061 0.338236
0.885815 0.216331
0.551308 0.696811
0.558276 0.689084
