558895 540.028
0.280782 0.935395
0.999969 6.23994e-05
0.998638 0.538108
0.404174 1.92041
0.665308 1.02569
1 0.394915
0.999925 0.481542
0.898549 0.547171
0.988206 0.358433
0.982164 0.399631
0.977653 0.486114
0.287216 2.94409
0.300728 2.61977
0.995867 0.481884
0.374976 2.63601
0.638329 2.62078
0.999523 0.37628
0.988419 0.422417
0.361187 0.952342
0.771722 1.30604
0.999523 0.37628
1 0.445339
1 0.414877
0.998368 0.379473
0.990326 0.441826
1 0.510955
0.839717 0.82073
0.287216 2.94409
0.7967 0.784964
0.419391 2.65395
1 0.404248
0.973743 0.431926
0.432219 2.71734
0.999216 0.42124
0.374976 2.63601
0.999859 0.236534
0.620692 2.27156
0.999812 0.457472
0.996833 0.508328
0.282279 1.89167
0.998368 0.379473
0.771722 1.30604
0.983275 0.332797
0.721033 0.880534
0.432219 2.71734
0.638329 2.62078
0.991885 0.52557
0.999925 0.481542
0.90196 2.82712
1 1.40144
0.620692 2.27156
0.839717 0.82073
0.680919 0.83874
0.999168 0.46258
0.7967 0.784964
0.999168 0.46258
0.899961 0.611708
0.898549 0.547171
0.721033 0.880534
0.986938 0.413484
1 0.548287
0.282279 1.89167
0.977653 0.486114
0.814076 0.772064
0.971082 0.571092
0.999812 0.457472
0.961042 0.45956
0.999926 0.435259
0.92338 0.642966
0.988206 0.358433
0.999941 0.453777
0.291693 2.67303
0.999216 0.42124
0.900682 0.348207
0.730117 2.5793
0.557212 1.15302
1 0.426772
0.557212 1.15302
1 0.568651
0.320142 2.63899
0.995867 0.481884
0.992535 0.504445
0.998638 0.538108
0.932712 0.481268
0.988419 0.422417
1 0.520518
0.980375 1.90547
0.320142 2.63899
0.871388 0.684834
0.665308 1.02569
1 0.567112
0.98714 0.446436
0.996833 0.508328
0.991885 0.52557
0.999907 0.448485
0.997312 1.32604
0.999914 0.535978
1 0.414877
0.284321 2.64336
1 0.520518
