15 0.0213882
0.517776 7.46438
0.999993 7.36599
0.655722 7.16997
0.986272 7.52709
0.999991 7.6074
0.996907 8.06
1 7.25371
1 7.29574
1 7.86191
0.998188 7.38206
0.939821 8.01445
0.971994 7.3936
0.90268 7.4091
0.999275 7.54918
0.989968 7.35682
0.902923 7.5396
0.997812 7.23194
1 8.07131
0.9878 7.22382
0.999612 7.78827
0.966588 7.36823
1 7.61278
1 7.48899
1 7.28977
1 7.09977
0.999129 7.45499
0.877267 7.68392
0.907426 7.6057
1 7.56308
1 7.38241
1 7.56103
0.999998 8.15652
0.618778 7.62532
0.996811 7.42267
1 7.57623
0.993209 7.57512
0.798328 7.76468
0.892967 7.27307
0.999899 7.2746
1 7.64748
0.999988 7.8796
0.985357 7.57921
1 7.58788
1 7.21715
0.630743 7.40404
1 7.49472
1 7.49403
0.31157 7.31423
0.823207 7.40721
1 7.56201
0.996172 7.47604
1 7.65102
0.935174 7.72945
0.76715 7.27414
0.952823 7.29549
0.653258 7.89797
1 7.30076
0.999997 7.60248
0.957395 7.66715
1 7.46582
0.999063 7.82444
1 7.35817
0.906106 7.66486
1 7.88992
0.982462 7.61445
1 7.79784
0.851811 7.61001
0.368311 7.53205
1 7.27507
1 7.46175
1 7.84396
1 7.30161
0.995844 7.43088
0.819158 7.55892
0.999992 7.46971
0.836548 7.71643
0.988915 7.14005
1 7.81624
0.934204 7.87823
0.9999 7.45176
1 7.56447
0.8734 7.37437
0.971573 7.53916
1 7.56996
0.923865 7.42626
0.996737 7.46311
1 7.35774
0.975793 7.77626
1 7.34335
1 7.52751
1 7.64227
0.999803 7.82407
0.969858 7.49159
0.783363 7.74156
0.999365 7.66188
0.916044 7.62815
0.999998 7.4631
1 7.39418
0.95139 7.48913
0.829219 7.28316
