1124035 510.012
0.280775 4.56531
0.280775 4.56531
0.999998 2.2392
0.280775 3.90576
0.280775 2.58987
0.716702 2.42886
0.564451 2.49933
0.999998 2.2392
0.439597 2.54808
0.999998 2.2392
0.564451 2.49933
0.92676 2.29544
0.564451 2.49933
0.564451 2.49933
0.716987 2.42372
0.765682 2.39787
0.765682 2.39787
0.41991 2.55316
0.775439 2.39085
0.955253 2.27427
0.936513 2.28517
0.564451 2.49933
0.936513 2.28517
0.993051 2.24354
0.972113 2.26084
0.844902 2.34709
0.434294 2.55257
0.434294 2.55257
0.92676 2.29544
0.993051 2.24354
0.765682 2.39787
0.936513 2.28517
0.280775 4.56531
0.439597 2.54808
0.972113 2.26084
0.775439 2.39085
0.716746 2.42627
0.765682 2.39787
0.716746 2.42627
0.787011 2.38643
0.765682 2.39787
0.844883 2.3483
0.92676 2.29544
0.434294 2.55257
0.716965 2.42456
0.844883 2.3483
0.41991 2.55316
0.844902 2.34709
0.92676 2.29544
0.844902 2.34709
0.716965 2.42456
0.844883 2.3483
0.564451 2.49933
0.999998 2.2392
0.999998 2.2392
0.765682 2.39787
0.716965 2.42456
0.765682 2.39787
0.716965 2.42456
0.844902 2.34709
0.280775 2.58987
0.993051 2.24354
0.92676 2.29544
0.972113 2.26084
0.993051 2.24354
0.844902 2.34709
0.844902 2.34709
0.280775 2.58987
0.765682 2.39787
0.564451 2.49933
0.439597 2.54808
0.999998 2.2392
0.564451 2.49933
0.716987 2.42372
0.41991 2.55316
0.564451 2.49933
0.936513 2.28517
0.993051 2.24354
0.765682 2.39787
0.280775 4.56531
0.775439 2.39085
0.280775 2.58987
0.787011 2.38643
0.765682 2.39787
0.844902 2.34709
0.92676 2.29544
0.716702 2.42886
0.844883 2.3483
0.564451 2.49933
0.999998 2.2392
0.999998 2.2392
0.280775 2.58987
0.993051 2.24354
0.844902 2.34709
0.844902 2.34709
0.844795 2.34917
0.765682 2.39787
0.92676 2.29544
0.716965 2.42456
0.564451 2.49933
