101176 90.0043
0.28085 0.9472
0.999975 5.30111e-05
0.926074 1.05563
0.999999 0.39791
0.959199 0.402971
0.993625 0.344395
0.671128 0.97168
0.99985 0.255492
0.294171 1.20464
0.999513 0.635318
0.924277 0.442912
0.924277 0.442912
0.990759 0.390264
0.836658 1.89029
0.909414 2.6489
0.975269 0.358953
0.995255 0.365315
0.948717 2.062
0.913277 2.61875
0.810998 0.652746
0.632825 2.89824
0.807992 0.602769
0.630798 3.16569
0.999377 0.481807
0.975269 0.358953
0.974936 0.431078
0.938341 0.479005
0.998255 0.445103
0.990444 0.34599
0.984953 0.309899
0.9436 0.407784
0.815547 1.98144
0.997608 0.218921
0.999985 0.381128
0.977787 0.502953
0.99941 0.329118
0.99985 0.255492
0.840111 3.02757
0.96401 0.66206
0.815547 1.98144
0.999355 0.294695
0.99659 0.410508
0.980662 1.16899
0.982756 0.39687
0.948717 2.062
0.811936 0.579037
0.997424 0.365075
0.807992 0.602769
0.946286 1.09086
1 0.0879221
0.978901 0.427356
0.999679 0.371866
0.999961 0.532553
0.898503 0.476529
0.976473 0.29508
0.836658 1.89029
0.932514 0.417222
1 0.423348
0.932514 0.417222
0.995255 0.365315
0.294171 1.20464
0.99985 0.392404
0.811383 0.630669
0.97664 0.376478
0.960388 0.3743
0.811383 0.630669
1 0.222821
1 0.373513
0.840111 3.02757
0.998255 0.445103
0.810998 0.652746
0.959199 0.402971
0.999975 0.307483
0.999679 0.371866
0.99659 0.410508
0.976473 0.29508
0.994437 0.271707
0.989667 1.59829
1 0.298654
0.999975 0.307483
0.28242 3.5872
0.94373 0.427054
0.913277 2.61875
1 0.0879221
0.9436 0.407784
0.975173 0.30896
0.984279 0.454709
0.977787 0.502953
0.99985 0.392404
0.999355 0.294695
0.998449 0.402043
0.938341 0.479005
0.992068 0.345969
0.898503 0.476529
0.937147 0.640895
0.992349 0.337828
0.990444 0.34599
0.999362 0.361398
0.946286 1.09086
0.989667 1.59829
