421461 380.018
0.280775 0.921216
0.280775 0.921247
0.280775 0.921217
0.280775 0.921216
0.280775 0.921216
0.280775 0.921248
0.280775 0.921218
0.280775 0.921217
0.280775 0.921217
0.280775 0.921217
0.280775 0.921216
0.280775 0.921248
0.280775 0.921218
0.280775 0.921217
0.280775 0.921217
0.280775 0.921217
0.280775 0.921217
0.280775 0.921217
0.280775 0.921249
0.280775 0.921218
0.280775 0.921217
0.280775 0.921217
0.280775 0.921217
0.280775 0.921217
0.280775 0.92125
0.280775 0.921219
0.280775 0.921217
0.280775 0.921217
0.280775 0.921217
0.280775 0.921251
0.280775 0.921219
0.280775 0.921217
0.280775 0.921217
0.280775 0.921217
0.280775 0.921217
0.280775 0.921251
0.280775 0.921219
0.280775 0.921217
0.280775 0.921217
0.280775 0.921217
0.280775 0.921217
0.280775 0.921251
0.280775 0.921219
0.280775 0.921217
0.280775 0.921217
0.280775 0.921217
0.280775 0.921217
0.280775 0.921251
0.280775 0.921219
0.280775 0.921218
0.280775 0.921217
0.280775 0.921217
0.280775 0.921251
0.280775 0.921219
0.280775 0.921218
0.280775 0.921217
0.280775 0.921217
0.280775 0.921252
0.280775 0.921219
0.280775 0.921218
0.280775 0.921217
0.280775 0.921217
0.280775 0.921219
0.280775 0.921258
0.280775 0.921259
0.280775 0.921255
0.280775 0.921253
0.280775 0.921265
0.280775 0.92126
0.280775 0.921253
0.280775 0.921264
0.280775 0.921263
0.280775 0.921253
0.280775 0.921254
0.280775 0.921256
0.280775 0.921254
0.280775 0.921256
0.280775 0.921262
0.280775 0.921259
0.280775 0.921265
0.280775 0.921256
0.280775 0.921257
0.280775 0.921265
0.280775 0.921253
0.280775 0.921254
0.280775 0.921249
0.280775 0.921258
0.280775 0.92126
0.280775 0.921252
0.280775 0.921256
0.280775 0.92125
0.280775 0.921259
0.280775 0.921262
0.280775 0.921262
0.280775 0.921262
0.280775 0.921253
0.280775 0.921259
0.280775 0.921265
0.280775 0.92126
0.280775 0.921251
