1248448 590.015
0.999981 2.32569
0.280775 3.92718
0.280775 2.66883
0.280775 3.92718
0.835313 2.43633
0.66998 2.53023
0.41705 2.63488
0.280775 2.66817
0.539712 2.58826
0.41705 2.63488
0.635732 2.54897
0.573607 2.57284
0.573607 2.57284
0.973005 2.34566
0.932339 2.37322
0.635751 2.54675
0.66998 2.53023
0.900611 2.39598
0.573444 2.57432
0.539789 2.58712
0.932315 2.37528
0.999778 2.3258
0.977925 2.33998
0.886672 2.40532
0.900543 2.39666
0.932315 2.37528
0.977925 2.33998
0.973005 2.34566
0.977914 2.34336
0.977914 2.34336
0.932339 2.37322
0.539789 2.58712
0.41705 2.63488
0.973005 2.34566
0.635749 2.54785
0.635749 2.54785
0.573542 2.57366
0.573607 2.57284
0.573444 2.57432
0.900543 2.39666
0.900611 2.39598
0.573542 2.57366
0.280775 2.66883
0.999981 2.32569
0.977925 2.33998
0.886663 2.40587
0.635749 2.54785
0.977925 2.33998
0.977925 2.33998
0.999981 2.32569
0.886663 2.40587
0.573444 2.57432
0.573607 2.57284
0.573542 2.57366
0.977925 2.33998
0.977914 2.34336
0.539712 2.58826
0.280775 2.66883
0.635749 2.54785
0.973005 2.34566
0.977925 2.33998
0.539712 2.58826
0.41705 2.63488
0.635732 2.54897
0.66998 2.53023
0.835313 2.43633
0.280775 3.92718
0.539789 2.58712
0.635749 2.54785
0.932339 2.37322
0.977914 2.34336
0.973005 2.34566
0.66998 2.53023
0.66998 2.53023
0.932315 2.37528
0.900543 2.39666
0.886663 2.40587
0.573444 2.57432
0.573607 2.57284
0.977925 2.33998
0.977925 2.33998
0.977914 2.34336
0.539712 2.58826
0.280775 2.66883
0.635749 2.54785
0.973005 2.34566
0.977925 2.33998
0.539712 2.58826
0.635749 2.54785
0.573444 2.57432
0.66998 2.53023
0.835313 2.43633
0.280775 3.92718
0.280775 2.66883
0.635749 2.54785
0.573542 2.57366
0.66998 2.53023
0.999778 2.3258
0.66998 2.53023
0.66998 2.53023
