56730 80.007
0.280871 0.999229
0.999974 6.2383e-05
1 0.363798
0.996338 0.450222
0.757498 2.93521
0.98912 0.274888
1 0.252097
0.917809 0.495184
0.959999 0.364134
1 0.328114
0.998865 1.15713
0.970294 0.386065
0.999994 0.250949
0.995683 0.320745
0.757498 2.89926
0.948441 0.418115
0.959999 0.364134
0.961913 0.46198
1 0.324673
0.875653 3.03409
0.986634 0.408934
0.390309 3.16716
0.935482 0.422722
0.998911 0.407305
0.8497 1.25608
0.771397 0.710767
1 0.324673
0.937186 1.10156
0.998461 0.323248
0.978297 0.309874
0.970294 0.386065
1 0.304189
1 0.244087
0.757498 2.89926
0.999875 0.298472
0.994729 0.367501
0.875653 3.03409
0.999518 0.294102
0.637383 3.26524
0.974595 0.309496
1 0.240127
0.974595 0.306179
0.953532 1.10052
0.949826 0.366497
0.998911 0.407305
0.999948 0.33212
0.999203 0.275328
0.827051 2.09837
0.936107 2.34941
0.999999 0.147964
0.285609 1.08869
0.999948 0.33212
0.991179 0.342583
0.953532 1.10052
0.995683 0.320745
0.95919 0.459162
0.990187 0.408244
0.999528 0.327337
0.759091 1.22202
0.948441 0.418115
0.991179 0.342583
0.823175 1.17333
0.984235 0.34738
0.999766 0.317982
0.947662 0.347856
0.974595 0.309496
0.903583 2.43235
0.975408 0.307839
1 0.328114
0.955548 0.362661
0.936546 2.50483
0.637383 3.26524
0.990816 0.37452
0.804562 1.31364
0.999528 0.327337
0.988783 0.332313
0.95919 0.459162
0.990187 0.408244
0.81694 1.28841
0.995291 0.671218
0.955548 0.362661
0.999103 0.510729
0.919124 0.591622
1 0.240127
0.936107 2.34941
0.98912 0.274888
1 0.298726
0.961913 0.46198
0.974595 0.306179
1 0.298726
0.919124 0.591622
1 0.304189
0.759091 1.22202
1 0.363798
0.8497 1.25608
0.810472 1.05249
0.9936 0.287296
0.907249 1.25917
0.390309 3.16716
0.924518 0.366355
