42 0.0748312
0.996695 8.05974
0.820541 6.81056
0.99983 6.48995
1 8.07867
0.999984 6.76703
0.999983 6.61683
0.999791 6.43924
0.988271 6.3946
0.99967 6.56201
1 8.43947
1 7.71236
0.989996 6.17804
1 7.76623
1 6.67017
0.999844 7.96968
0.999999 7.09887
0.960948 7.47693
0.280906 8.40577
1 6.96733
1 6.3397
0.999774 7.26249
0.991269 7.63402
0.868602 7.96061
0.99955 7.20841
0.965862 7.38185
1 6.73924
1 7.44809
0.286507 7.66683
1 6.79352
0.923723 6.79657
0.813229 7.05313
0.992692 6.67704
0.999486 6.97948
1 6.21289
0.999999 6.54901
0.548558 8.09036
0.972605 7.42203
0.860602 8.05427
0.915513 7.31794
0.636753 7.35163
1 7.74956
0.56822 7.58596
0.995027 7.40123
0.907549 6.55754
0.999973 6.8341
0.904866 7.80464
0.99863 6.26434
0.632461 6.89171
0.990861 6.89406
1 8.07004
0.998136 7.72056
0.978968 6.38598
1 6.00147
0.980665 6.43738
0.866719 8.00977
0.990404 6.74001
0.990512 6.65762
0.913593 7.73961
0.989274 6.68992
0.9109 7.32743
1 7.66788
0.92525 6.63038
0.999742 7.0585
0.919585 6.94245
1 7.03714
0.961251 6.5744
1 7.10321
0.999993 7.86326
1 6.37313
1 6.42965
0.999864 6.76394
1 6.36192
1 6.35751
1 6.244
0.712949 8.09191
0.922777 6.37787
1 6.0062
1 6.34512
0.872158 8.11388
0.750353 7.78647
1 8.10493
1 7.84987
0.305797 8.01952
0.999995 6.85774
0.999847 7.98221
1 7.9335
1 7.95323
0.999903 6.59869
0.994893 6.81641
1 6.63148
0.98436 6.22709
0.978752 6.83032
0.881049 7.83154
0.96798 6.53379
0.999175 7.02222
1 7.11936
0.985777 6.47768
0.848297 6.94103
0.979624 6.72174
0.951853 6.84892
