73841 130.031
0.999819 0.0327727
0.999819 0.0327727
0.280775 0.939548
0.280775 0.939548
0.670761 0.577638
0.536268 0.737214
0.611065 0.652285
0.64416 0.611645
0.748968 0.468602
0.36742 0.886688
0.729925 0.497974
0.592115 0.674056
0.574111 0.69565
0.555349 0.716988
0.948156 0.138026
0.76463 0.445351
0.448672 0.822789
0.39091 0.868985
0.34223 0.90158
0.631846 0.626266
0.426709 0.842281
0.509329 0.764569
0.80668 0.380493
0.96251 0.110833
0.465221 0.804425
0.686916 0.55657
0.780813 0.421787
0.324084 0.916055
0.302379 0.929816
0.933615 0.161617
0.484642 0.788618
0.701051 0.536558
0.864351 0.288365
0.715776 0.517234
0.877431 0.264679
0.793229 0.402413
0.821079 0.357747
0.922209 0.183378
0.40851 0.854213
0.910153 0.204208
0.899583 0.226636
0.889521 0.245203
0.85117 0.30708
0.832299 0.339457
0.842529 0.322946
0.989822 0.057682
0.501228 0.773271
0.977133 0.0827001
0.973319 0.0901074
0.994921 0.0494352
0.999772 0.0395067
0.999819 0.0383965
0.631846 0.628057
0.851329 0.309055
0.973319 0.0905496
0.910153 0.208215
0.922209 0.187143
0.994921 0.0495348
0.999772 0.0396004
0.999819 0.0386956
0.631846 0.628915
0.910153 0.209017
0.973319 0.0912055
0.999772 0.0399801
0.999819 0.0387879
0.910153 0.209697
0.973319 0.0913129
0.999772 0.0407041
0.999819 0.0388516
0.999772 0.0407907
0.999819 0.038939
0.999819 0.0390747
0.999819 0.0391998
0.999819 0.0393346
0.999819 0.0394931
0.999819 0.0395117
0.999819 0.0396359
0.999819 0.0398678
0.999819 0.0401657
0.999819 0.0402651
0.999819 0.0403417
0.999819 0.0403507
0.999819 0.0404314
0.999819 0.0404972
0.999819 0.0405978
0.999819 0.0407727
0.999819 0.0407796
0.999819 0.040801
0.999819 0.0409089
0.999819 0.0409211
0.999819 0.0409254
0.999819 0.0412793
0.999819 0.0414168
0.999819 0.0415256
0.999819 0.0417106
0.999819 0.0418235
0.999819 0.0418398
0.999819 0.0418488
0.999819 0.0423065
0.999819 0.0425382
