41115 130.026
0.999986 0.00351872
0.999986 0.00351872
0.280776 0.923103
0.280776 0.923103
0.877895 0.232626
0.982765 0.037976
0.518764 0.733427
0.852227 0.27709
0.902622 0.188946
0.694178 0.521028
0.959374 0.0834141
0.71805 0.487385
0.551819 0.698094
0.814313 0.340147
0.91552 0.165374
0.675586 0.546616
0.373152 0.862985
0.484539 0.767645
0.613943 0.62556
0.347833 0.881141
0.597421 0.645547
0.797358 0.367277
0.579651 0.666551
0.39289 0.847923
0.659227 0.568074
0.631975 0.603287
0.500444 0.751961
0.460205 0.790649
0.933363 0.132644
0.766358 0.415792
0.311817 0.904901
0.645103 0.586694
0.831479 0.312012
0.330027 0.893232
0.732867 0.465998
0.563066 0.685583
0.753366 0.435535
0.947937 0.105232
0.838172 0.300842
0.29288 0.916375
0.743356 0.450563
0.997967 0.00798783
0.412927 0.831722
0.784826 0.387195
0.449827 0.799938
0.778704 0.396774
0.939882 0.120296
0.435816 0.812397
0.435816 0.812397
0.41914 0.826612
0.41914 0.826612
0.99995 0.00431408
0.435816 0.812397
0.999986 0.00396427
0.29288 0.916384
0.784826 0.387214
0.435816 0.812618
0.947937 0.105257
0.41914 0.826628
0.999986 0.00398218
0.29288 0.916459
0.784826 0.387235
0.41914 0.826702
0.947937 0.105263
0.999986 0.0040157
0.29288 0.916536
0.784826 0.387298
0.41914 0.826731
0.947937 0.105273
0.999986 0.00403817
0.41914 0.826893
0.784826 0.387303
0.947937 0.105303
0.999986 0.00403914
0.784826 0.387322
0.947937 0.10531
0.999986 0.00408781
0.784826 0.387337
0.999986 0.00409971
0.784826 0.387345
0.999986 0.00428246
0.784826 0.38735
0.999986 0.00432212
0.784826 0.387354
0.999986 0.00432339
0.784826 0.387372
0.999986 0.00437173
0.784826 0.387376
0.784826 0.387392
0.784826 0.387439
0.784826 0.387444
0.784826 0.387485
0.784826 0.387519
0.784826 0.387522
0.784826 0.387531
0.784826 0.387536
0.784826 0.387548
0.784826 0.387556
0.784826 0.387561
0.784826 0.387561
