551559 210.004
0.280775 3.09866
0.280775 3.78143
0.280775 3.09866
0.630882 2.99697
0.280775 3.09866
0.642108 2.99375
0.728975 2.95626
0.476992 3.05237
0.401659 3.07244
0.92183 2.85325
0.822094 2.90858
0.92183 2.85325
0.980806 2.81581
0.876396 2.8796
0.821985 2.90956
0.630882 2.99697
0.742699 2.94815
0.476992 3.05237
0.980806 2.81581
0.401659 3.07244
0.630882 2.99697
0.876396 2.8796
0.280775 3.09866
0.742699 2.94815
0.742699 2.94815
0.642108 2.99375
0.280775 3.09866
0.728975 2.95626
0.630882 2.99697
0.980806 2.81581
0.728975 2.95626
0.477172 3.0516
0.280775 3.09866
0.822094 2.90858
0.921817 2.85358
0.401659 3.07244
0.728975 2.95626
0.92183 2.85325
0.92183 2.85325
0.630882 2.99697
0.742699 2.94815
0.742699 2.94815
0.876396 2.8796
0.280775 3.09866
0.630882 2.99697
0.630882 2.99697
0.642108 2.99375
0.742699 2.94815
0.280775 3.09866
0.876396 2.8796
0.401659 3.07244
0.821985 2.90956
0.876396 2.8796
0.980806 2.81581
0.92183 2.85325
0.280775 3.78143
0.630882 2.99697
0.630882 2.99697
0.477172 3.0516
0.280775 3.09866
0.401659 3.07244
0.742699 2.94815
0.822094 2.90858
0.401659 3.07244
0.742699 2.94815
0.40154 3.07271
0.630882 2.99697
0.642108 2.99375
0.783116 2.92762
0.401659 3.07244
0.280775 3.09866
0.630882 2.99697
0.821985 2.90956
0.876396 2.8796
0.280775 3.09866
0.280775 3.09866
0.280775 3.09866
0.280775 3.09866
0.742699 2.94815
0.876396 2.8796
0.280775 3.09866
0.742699 2.94815
0.280775 3.09866
0.280775 3.09866
0.280775 3.09866
0.998588 2.80501
0.280775 3.09866
0.280775 3.09866
0.630882 2.99697
0.280775 3.78143
0.401659 3.07244
0.630882 2.99697
0.280775 3.09866
0.990063 2.80968
0.728975 2.95626
0.630882 2.99697
0.280775 3.09866
0.998588 2.80501
0.630882 2.99697
0.980806 2.81581
