106784 420.074
0.726086 0.472798
0.828763 0.313153
0.999995 9.83209e-06
0.881048 0.223754
0.342258 0.882859
0.999491 0.00101866
0.996421 0.00714617
0.926056 0.142421
0.99903 0.00193864
0.982595 0.0345069
0.292369 0.91452
0.978668 0.0422083
0.964249 0.0702237
0.996876 0.00623756
1 0
0.846191 0.283961
0.914145 0.164339
0.832702 0.306608
0.642484 0.587214
0.99983 0.00033966
0.927094 0.140496
1 0
0.639103 0.591547
0.983386 0.0329525
1 0
0.981346 0.0369609
0.728375 0.469469
0.776049 0.397748
0.517519 0.732174
0.996736 0.00651761
0.999679 0.000641894
0.927785 0.139215
1 0
0.97856 0.0424211
1 0
0.283933 0.919382
1 0
1 0
0.997297 0.00539831
0.967443 0.0640532
0.455166 0.792824
0.903913 0.182942
1 0
0.999996 8.98757e-06
1 0
0.970097 0.0589121
0.751429 0.435355
0.991045 0.0178297
1 3.12842e-07
1 0
0.970414 0.0582972
0.996067 0.00785131
1 1.79955e-09
0.999973 5.33086e-05
0.952676 0.0924088
0.92576 0.142968
0.533743 0.715118
1 0
1 0
0.296666 0.911989
0.773741 0.401326
0.999995 9.20485e-06
0.996251 0.00748429
0.945185 0.106624
0.996459 0.00706916
0.688481 0.525994
0.991716 0.0164985
1 0
0.999757 0.000485764
0.999882 0.000234999
0.631016 0.601819
0.985697 0.0284014
0.593911 0.64727
1 5.38439e-07
0.955287 0.0874271
0.814787 0.336122
0.973542 0.0522163
0.999865 0.000269397
0.975584 0.0482367
0.993397 0.0131627
0.683547 0.532764
0.985081 0.0296157
0.942427 0.111831
0.859441 0.26136
1 0
0.974961 0.0494515
1 3.29347e-08
1 0
0.836305 0.300593
1 0
0.999023 0.00195364
1 0
1 0
0.993492 0.0129743
1 0
0.964854 0.0690565
0.694359 0.517866
1 0
0.961362 0.0757834
0.998194 0.00360877
