138521 260.026
0.280775 0.921696
1 0.000983428
0.280775 0.921696
0.857444 0.265644
0.793063 0.371851
0.776059 0.39852
0.953657 0.0914777
0.711158 0.494995
0.926234 0.143004
0.485979 0.764432
0.530714 0.718973
0.559889 0.687171
0.844275 0.288042
0.750941 0.436857
0.860983 0.259564
0.319016 0.89877
0.356168 0.873699
0.337403 0.886707
0.914157 0.16522
0.816568 0.334036
0.426957 0.818289
0.837722 0.299058
0.620977 0.615068
0.977675 0.0451133
0.989833 0.0212049
0.678377 0.540523
0.887705 0.212858
0.510756 0.739749
0.698638 0.512637
0.662694 0.561544
0.769018 0.409394
0.603416 0.63656
0.598651 0.642285
0.828533 0.314363
0.50689 0.74368
0.493121 0.757443
0.80353 0.355149
0.578426 0.66608
0.302114 0.909264
0.389367 0.84896
0.632757 0.600307
0.581493 0.662524
0.733088 0.463338
0.933624 0.129267
0.903506 0.184569
0.87836 0.229356
0.89891 0.19285
0.764253 0.416696
0.797974 0.364042
0.400845 0.839894
0.870041 0.243893
0.832328 0.308062
0.542146 0.706714
0.377828 0.857808
0.46272 0.786487
0.474568 0.775388
0.945461 0.107035
0.981834 0.0369675
0.474931 0.775044
0.87836 0.229356
0.870041 0.243893
0.521649 0.728507
0.999969 0.00104612
0.652657 0.574739
0.971064 0.0579895
0.939272 0.118693
0.99243 0.0160583
0.715043 0.489457
0.724113 0.47641
0.745315 0.44527
0.451781 0.796486
0.46272 0.786487
0.568726 0.677201
0.542146 0.706714
0.552039 0.695894
0.373262 0.861236
0.959859 0.0796161
0.611852 0.626313
0.307027 0.906273
0.741299 0.451238
0.80881 0.34664
0.420129 0.82407
0.590377 0.652119
0.671108 0.550327
0.290509 0.916138
0.692175 0.521621
0.686417 0.529555
0.568726 0.677201
0.684082 0.532753
0.436764 0.809823
0.446501 0.801227
0.611852 0.626313
0.436764 0.809823
0.821459 0.326029
0.590515 0.651955
0.365421 0.867025
0.730775 0.466722
0.410883 0.83175
0.889545 0.20959
0.776059 0.39852
