151548 520.089
0.280775 0.921736
1 0.00105789
0.944526 0.108872
0.926976 0.1417
0.312719 0.902788
0.35975 0.871177
0.334316 0.888821
0.902374 0.186681
0.814218 0.337929
0.334316 0.888821
0.992057 0.0168724
0.511715 0.738815
0.673125 0.547671
0.716217 0.487833
0.841706 0.292435
0.457994 0.790882
0.865985 0.250995
0.889661 0.20945
0.802282 0.357214
0.741263 0.451349
0.854731 0.27035
0.655047 0.571669
0.582271 0.661668
0.568555 0.677445
0.822517 0.324353
0.833811 0.305656
0.554904 0.692773
0.568555 0.677445
0.631736 0.60165
0.787046 0.381415
0.984142 0.032506
0.917445 0.159269
0.643717 0.586377
0.531881 0.717781
0.70814 0.499332
0.926976 0.1417
0.588216 0.654714
0.491749 0.75884
0.479252 0.770968
0.406176 0.835637
0.377862 0.857825
0.544691 0.703997
0.371349 0.862702
0.605465 0.634135
0.751369 0.436272
0.294049 0.91411
0.616348 0.620845
0.775355 0.399671
0.867609 0.248182
0.446042 0.801681
0.999005 0.00304661
0.793418 0.37135
0.770878 0.406591
0.423328 0.821417
0.725333 0.474699
0.690856 0.523499
0.68248 0.534997
0.281927 0.921088
0.395857 0.843909
0.518558 0.731768
0.554904 0.692773
0.822517 0.324353
0.733167 0.46328
0.468819 0.780854
0.756496 0.428545
0.95903 0.0812763
0.875104 0.235127
0.833811 0.305656
0.624348 0.610925
0.479252 0.770968
0.699511 0.511472
0.699511 0.511472
0.463748 0.785581
0.500835 0.749826
0.854731 0.27035
0.847106 0.28332
0.909778 0.173271
0.909778 0.173271
0.874696 0.235841
0.917032 0.160027
0.882523 0.222095
0.386292 0.851386
0.895097 0.199754
0.953926 0.0910364
0.807201 0.3493
0.710694 0.49571
0.882523 0.222095
0.398111 0.84212
0.364411 0.867804
0.613808 0.623968
0.491749 0.75884
0.689534 0.525324
0.759965 0.423287
0.976507 0.0474671
0.970487 0.0591817
0.661947 0.562587
0.782145 0.389101
0.725333 0.474699
0.411562 0.831235
0.297233 0.912228
