49035 160.031
0.999986 0.00351872
0.999986 0.00351872
0.280775 0.923136
0.280775 0.923136
0.5773 0.669357
0.917026 0.162807
0.377483 0.859605
0.554731 0.69476
0.600058 0.642625
0.491962 0.760417
0.537253 0.713785
0.965561 0.0712709
0.897183 0.198401
0.334246 0.89047
0.401427 0.841137
0.860218 0.26357
0.981403 0.0407403
0.354031 0.876824
0.95238 0.0966399
0.846054 0.287586
0.687247 0.530748
0.439923 0.808804
0.420129 0.825786
0.875396 0.237008
0.631104 0.604323
0.819059 0.332349
0.831323 0.312223
0.615755 0.623507
0.674662 0.547669
0.756424 0.430687
0.80387 0.35702
0.740694 0.454411
0.706298 0.504024
0.471462 0.780168
0.657918 0.569765
0.729272 0.471102
0.938597 0.122698
0.459128 0.791573
0.647608 0.583435
0.930468 0.138102
0.886889 0.216815
0.715216 0.491421
0.308452 0.907131
0.992775 0.0180666
0.514884 0.737399
0.784826 0.387154
0.793059 0.374348
0.513108 0.738991
0.304761 0.909154
0.768217 0.413342
0.773444 0.404887
0.99875 0.00675495
0.999986 0.00387436
0.784826 0.387199
0.992775 0.0181595
0.992775 0.0181595
0.999986 0.00390045
0.784826 0.387223
0.992775 0.0185381
0.999986 0.00403293
0.784826 0.38724
0.992775 0.0186498
0.999986 0.00404224
0.784826 0.387253
0.999986 0.00405301
0.784826 0.38727
0.999986 0.00407128
0.784826 0.387282
0.999986 0.0040743
0.784826 0.387292
0.999986 0.00409377
0.784826 0.387315
0.999986 0.00415057
0.784826 0.387325
0.999986 0.00419685
0.784826 0.387368
0.999986 0.00420785
0.784826 0.387372
0.999986 0.00421058
0.784826 0.387379
0.999986 0.00427334
0.784826 0.38739
0.999986 0.00431707
0.784826 0.387392
0.999986 0.00442441
0.784826 0.387395
0.784826 0.387401
0.784826 0.387433
0.784826 0.387453
0.784826 0.387475
0.784826 0.387506
0.784826 0.38754
0.784826 0.387548
0.784826 0.387558
0.784826 0.38756
0.784826 0.38757
0.784826 0.387578
0.784826 0.387583
0.784826 0.387584
0.784826 0.387611
