11826 50.0115
0.353337 0.875153
0.999036 0.0019263
0.871244 0.240933
0.8953 0.198438
0.941587 0.113415
0.95289 0.0920005
1 0
0.907173 0.177037
0.999994 1.10177e-05
0.869707 0.243609
0.810422 0.343216
1 0
0.790964 0.374375
0.999815 0.000369823
0.909069 0.173593
1 0
0.850368 0.276874
0.875936 0.232736
1 0
1 0
1 0
0.999076 0.00184631
0.999996 8.66989e-06
1 0
0.736312 0.457845
0.702154 0.50698
0.713401 0.491059
0.999998 3.63596e-06
0.994897 0.0101791
1 0
0.955624 0.0867835
0.74435 0.445943
1 0
1 0
0.999939 0.000121413
0.973633 0.0520396
0.282048 0.920449
0.850109 0.277316
0.986187 0.027436
1 0
0.66315 0.560232
0.976033 0.0473602
1 2.50077e-07
0.930609 0.133966
0.999956 8.76313e-05
0.98775 0.0243501
0.999955 9.06198e-05
1 0
1 0
0.991076 0.0177674
0.999263 0.00147336
0.866912 0.248463
1 4.52287e-07
0.582083 0.66118
1 2.28288e-07
0.999648 0.000704605
1 0
1 0
0.283439 0.919662
0.902665 0.185196
0.843493 0.28852
1 4.08073e-09
0.999603 0.00079483
0.999992 1.58378e-05
0.899354 0.191162
0.665295 0.557382
1 0
1 0
0.913855 0.164869
0.997072 0.00584773
1 0
0.632295 0.600203
0.829527 0.311885
0.96538 0.0680417
0.38079 0.854999
0.631969 0.600615
1 0
1 0
1 0
1 0
0.818694 0.329741
0.999922 0.000155351
0.32792 0.892469
0.656893 0.568492
0.862333 0.256382
0.683822 0.532387
1 0
0.988784 0.0223068
0.836885 0.299623
1 1.92116e-07
0.989719 0.0204571
0.686315 0.528972
0.779015 0.393135
0.999405 0.00118925
0.638272 0.592609
1 0
0.683251 0.533168
0.999996 7.01992e-06
0.996336 0.00731401
0.93884 0.118579
