623491 240.004
0.280775 5.95314
0.999762 2.87465
0.594274 3.07696
0.280775 4.81187
0.366627 3.14539
0.280775 4.81187
0.366627 3.14539
0.280775 3.16335
0.84525 2.96353
0.908179 2.96314
0.84525 2.96353
0.845225 2.96472
0.738835 3.03853
0.677997 3.04377
0.908179 2.96314
0.789254 2.99337
0.952905 2.90354
0.993666 2.89655
0.952906 2.90311
0.993666 2.89655
0.280775 3.16335
0.280775 3.16373
0.908192 2.95125
0.280775 4.81187
0.908179 2.96314
0.280775 4.81187
0.845225 2.96472
0.993666 2.89655
0.908179 2.96314
0.952905 2.90354
0.280775 3.1636
0.993666 2.89655
0.993666 2.89655
0.280775 3.1636
0.280775 3.16373
0.84525 2.96353
0.280775 4.81187
0.280775 5.95314
0.908179 2.96314
0.280775 5.95314
0.908179 2.96314
0.789254 2.99337
0.84525 2.96353
0.993666 2.89655
0.789254 2.99337
0.84525 2.96353
0.280775 4.81187
0.677997 3.04377
0.789254 2.99337
0.84525 2.96353
0.789254 2.99337
0.84525 2.96353
0.993666 2.89655
0.952906 2.90311
0.908179 2.96314
0.845225 2.96472
0.908179 2.96314
0.908192 2.95125
0.280775 3.16335
0.993666 2.89655
0.952906 2.90311
0.280775 3.1636
0.789254 2.99337
0.677997 3.04377
0.738835 3.03853
0.845225 2.96472
0.84525 2.96353
0.366627 3.14539
0.594274 3.07696
0.908179 2.96314
0.952906 2.90311
0.993666 2.89655
0.84525 2.96353
0.84525 2.96353
0.789254 2.99337
0.993666 2.89655
0.84525 2.96353
0.280775 5.95314
0.908179 2.96314
0.280775 5.95314
0.280775 4.81187
0.280775 3.16373
0.280775 3.1636
0.908203 2.93061
0.280775 3.16373
0.908192 2.95125
0.789254 2.99337
0.280775 3.16335
0.993666 2.89655
0.738835 3.03853
0.280775 4.81187
0.993666 2.89655
0.280775 3.16379
0.594274 3.07696
0.366627 3.14539
0.789254 2.99337
0.993666 2.89655
0.366627 3.14539
0.845225 2.96472
0.845225 2.96472
