995609 220.003
0.999997 2.37302
0.280775 2.7152
0.999997 2.37302
0.999997 2.37302
0.280775 2.70896
0.728727 2.54298
0.81134 2.49781
0.568576 2.62036
0.653063 2.58146
0.728727 2.54298
0.858624 2.46898
0.858624 2.46898
0.902853 2.44112
0.902853 2.44112
0.653193 2.58068
0.653193 2.58068
0.728727 2.54298
0.914256 2.43228
0.914256 2.43228
0.811347 2.49764
0.955263 2.4041
0.994184 2.37602
0.97519 2.39226
0.902854 2.43869
0.980156 2.38531
0.980156 2.38531
0.980156 2.38531
0.280775 2.70972
0.914256 2.43228
0.999943 2.37359
0.97519 2.39226
0.975935 2.38972
0.975935 2.38972
0.97519 2.39226
0.902854 2.43869
0.994184 2.37602
0.653063 2.58146
0.955261 2.40477
0.653193 2.58068
0.653063 2.58146
0.902854 2.43869
0.97519 2.39226
0.653193 2.58068
0.95526 2.40494
0.280775 2.70896
0.999965 2.37353
0.653193 2.58068
0.980156 2.38531
0.902853 2.44112
0.280775 2.70896
0.280775 2.7152
0.280775 2.7152
0.568576 2.62036
0.914256 2.43228
0.280775 2.7152
0.811347 2.49764
0.811347 2.49764
0.902854 2.43869
0.95526 2.40494
0.980156 2.38531
0.81134 2.49781
0.858624 2.46898
0.95526 2.40494
0.728727 2.54298
0.653193 2.58068
0.902853 2.44112
0.902853 2.44112
0.95526 2.40494
0.728727 2.54298
0.980156 2.38531
0.280775 2.7152
0.999997 2.37302
0.914256 2.43228
0.999943 2.37359
0.914256 2.43228
0.994184 2.37602
0.955261 2.40477
0.653193 2.58068
0.653193 2.58068
0.955263 2.4041
0.811347 2.49764
0.980156 2.38531
0.280775 2.70896
0.280775 2.7152
0.858624 2.46898
0.568576 2.62036
0.914256 2.43228
0.728727 2.54298
0.902854 2.43869
0.95526 2.40494
0.980156 2.38531
0.81134 2.49781
0.858624 2.46898
0.653193 2.58068
0.902853 2.44112
0.858624 2.46898
0.980152 2.3869
0.975935 2.38972
0.994184 2.37602
0.975935 2.38972
