130194 560.127
0.850147 0.277249
0.632434 0.600027
0.950497 0.0965546
1 2.38882e-08
0.454566 0.79337
1 0
0.959663 0.0790465
1 0
1 0
1 0
0.880585 0.224571
0.28878 0.916606
0.994346 0.0112766
0.810482 0.343118
0.829525 0.311888
0.99567 0.00864205
0.670908 0.549882
0.994175 0.0116164
0.987436 0.0249692
0.618441 0.617531
0.999951 9.7238e-05
0.814624 0.336388
0.912568 0.16722
0.953559 0.0907248
0.336363 0.88686
0.98764 0.0245672
1 2.86438e-10
0.999998 4.40842e-06
0.976481 0.0464847
1 7.65256e-07
0.99616 0.00766461
0.657043 0.568294
0.936995 0.12204
0.281727 0.92063
0.991739 0.0164534
1 0
0.97526 0.0488687
0.999237 0.00152538
0.348408 0.878612
0.668796 0.552712
0.982706 0.0342898
1 0
0.635828 0.595723
1 0
1 0
0.882056 0.221978
0.39777 0.841779
1 0
0.973474 0.0523492
0.72922 0.468238
1 0
0.680978 0.536269
0.568018 0.677355
1 0
0.697323 0.51374
0.862846 0.255497
0.861808 0.257287
0.720711 0.480576
0.849811 0.277821
1 0
0.999945 0.000109296
0.902953 0.184676
0.999933 0.000133148
0.922481 0.149029
1 0
0.829521 0.311895
0.458075 0.790167
0.81291 0.339177
0.285489 0.918496
1 0
0.999999 2.15087e-06
1 0
0.999333 0.0013339
0.861653 0.257555
0.983842 0.0320546
0.99863 0.00273778
1 0
1 0
0.999607 0.000786522
0.760557 0.421553
0.969899 0.0592968
0.329074 0.89171
1 0
1 0
0.998138 0.00372055
0.996503 0.0069811
0.911671 0.168856
1 0
0.904747 0.181433
0.738949 0.453954
0.777854 0.394943
1 6.71898e-07
0.999563 0.000873957
0.99984 0.000320615
0.99881 0.00237785
0.765732 0.413655
0.909033 0.173658
0.995063 0.00984988
0.992657 0.0146329
0.926525 0.141551
