1579236 450.008
0.280775 4.04331
0.99568 1.95196
0.280775 3.9285
0.280775 2.33864
0.344517 2.31756
0.542407 2.24957
0.565537 2.23502
0.716415 2.15463
0.843902 2.07306
0.716415 2.15463
0.344517 2.31756
0.899234 2.02991
0.95157 1.99127
0.280775 2.33502
0.892268 2.03438
0.843955 2.07111
0.565537 2.23502
0.344517 2.31756
0.280775 4.04331
0.565352 2.23655
0.974148 1.97062
0.993531 1.95663
0.953838 1.98524
0.972881 1.97477
0.843955 2.07111
0.899179 2.03112
0.892393 2.03412
0.280775 2.33502
0.542407 2.24957
0.99568 1.95196
0.993531 1.95663
0.899179 2.03112
0.95157 1.99127
0.95157 1.99127
0.542407 2.24957
0.972881 1.97477
0.953831 1.98762
0.280775 2.33864
0.892393 2.03412
0.899179 2.03112
0.843902 2.07306
0.565352 2.23655
0.716415 2.15463
0.280775 2.33502
0.565537 2.23502
0.565537 2.23502
0.565537 2.23502
0.899179 2.03112
0.280775 2.33502
0.89921 2.03081
0.899212 2.03056
0.899212 2.03056
0.280775 4.04331
0.280775 4.04331
0.280775 4.04331
0.974148 1.97062
0.95157 1.99127
0.716415 2.15463
0.843902 2.07306
0.280775 2.33864
0.892393 2.03412
0.899212 2.03056
0.974148 1.97062
0.716415 2.15463
0.344517 2.31756
0.716415 2.15463
0.565352 2.23655
0.953831 1.98762
0.280775 2.33864
0.899179 2.03112
0.892268 2.03438
0.843955 2.07111
0.344517 2.31756
0.899234 2.02991
0.565352 2.23655
0.974148 1.97062
0.993531 1.95663
0.344517 2.31756
0.843955 2.07111
0.892393 2.03412
0.993531 1.95663
0.95157 1.99127
0.542407 2.24957
0.716415 2.15463
0.892393 2.03412
0.899179 2.03112
0.280775 2.33502
0.565537 2.23502
0.899179 2.03112
0.899212 2.03056
0.280775 4.04331
0.280775 4.04331
0.974148 1.97062
0.95157 1.99127
0.843902 2.07306
0.899212 2.03056
0.974148 1.97062
0.344517 2.31756
0.716415 2.15463
0.843902 2.07306
