40517 170.028
0.999977 4.56618e-05
0.99974 0.000520213
1 0
1 0
0.999995 9.28723e-06
1 0
0.971372 0.0564363
0.997783 0.00442826
1 0
1 0
0.999561 0.000877173
0.999999 2.38382e-06
0.281051 0.92101
0.50291 0.747081
0.832521 0.306908
1 3.23726e-09
0.999999 1.14283e-06
1 0
0.977195 0.0450899
0.667645 0.55425
0.955881 0.0862907
1 0
0.659141 0.565533
0.998799 0.00240065
0.512765 0.737072
1 0
1 0
0.999998 4.63028e-06
0.796837 0.365051
1 0
0.872832 0.238164
1 0
0.838965 0.296138
0.981237 0.0371741
0.913505 0.165508
0.404591 0.836306
1 0
0.999589 0.000821844
0.926737 0.141158
1 3.28348e-07
1 0
0.376748 0.858061
0.999984 3.11835e-05
0.846848 0.282848
0.67521 0.544091
1 0
0.98256 0.0345759
0.99562 0.00874094
0.874675 0.234944
0.916511 0.160008
0.990613 0.0186858
1 0
0.999975 5.09109e-05
0.528128 0.721081
0.355259 0.873791
0.974289 0.0507617
0.703368 0.505273
0.916545 0.159945
0.994744 0.010485
0.999993 1.37687e-05
0.944116 0.108645
0.836984 0.299459
0.702487 0.506512
1 0
1 0
0.984483 0.0307939
0.359709 0.87061
0.999974 5.2053e-05
0.999871 0.000257565
0.856524 0.266367
0.990716 0.0184821
0.947443 0.102352
0.998735 0.00252921
0.893728 0.201251
0.999591 0.000817659
0.9637 0.0712825
0.812426 0.339964
1 0
0.813625 0.338015
1 0
0.848518 0.280017
0.861826 0.257256
0.996319 0.00734892
0.999317 0.00136624
0.997181 0.00563056
0.948054 0.101193
0.999776 0.000448086
0.814536 0.336531
0.650645 0.576661
0.999995 9.13058e-06
0.622643 0.612316
0.970104 0.0588979
0.999751 0.000498058
1 0
1 0
0.902869 0.184828
1 0
1 0
0.35553 0.873598
0.999958 8.47049e-05
