84999 160.014
0.280775 0.921785
0.280775 0.921785
1 0.00114957
0.556437 0.691131
0.860234 0.260998
0.458623 0.790361
0.437248 0.809499
0.683733 0.533353
0.880488 0.225761
0.650066 0.578232
0.572083 0.673484
0.503051 0.74766
0.875649 0.234255
0.478878 0.771382
0.953285 0.0923455
0.484211 0.766249
0.910331 0.172348
0.761074 0.421674
0.738464 0.45556
0.530542 0.719262
0.901509 0.188323
0.581359 0.66279
0.288958 0.917126
0.891403 0.206432
0.706394 0.501869
0.322719 0.896487
0.694133 0.519031
0.49482 0.755869
0.807643 0.348662
0.314427 0.901768
0.77145 0.405782
0.383582 0.853525
0.586042 0.657327
0.888886 0.210911
0.388138 0.850011
0.666864 0.556123
0.999997 0.00115473
0.990564 0.0199209
0.773026 0.403349
0.800502 0.36014
0.303362 0.9086
0.783389 0.387229
0.710622 0.495882
0.748764 0.44025
0.60294 0.637247
0.623245 0.612364
0.337423 0.886786
0.747848 0.44162
0.357016 0.873188
0.420001 0.824275
0.758215 0.426016
0.515114 0.735386
0.972561 0.0552435
0.694133 0.519031
0.298636 0.911443
0.850843 0.277058
0.630509 0.603262
0.372705 0.861746
0.639793 0.591475
0.852411 0.274388
0.39894 0.841513
0.842072 0.291898
0.536886 0.712494
0.831744 0.309175
0.411147 0.83163
0.794821 0.369197
0.868365 0.246951
0.811741 0.342031
0.717142 0.486578
0.726283 0.47339
0.350066 0.878099
0.468099 0.781584
0.613544 0.624355
0.824003 0.321984
0.979808 0.0411038
0.930281 0.13565
0.922623 0.149831
0.937357 0.122442
0.726283 0.47339
0.73497 0.460704
0.635442 0.597021
0.541505 0.707516
0.960478 0.0785879
0.823454 0.322887
0.788257 0.379582
0.572083 0.673484
0.434252 0.812109
0.39865 0.841745
0.946019 0.106138
0.521996 0.728252
0.868599 0.246544
0.654948 0.571865
0.960488 0.0785671
0.594121 0.647798
0.967295 0.0654537
0.654948 0.571865
0.816237 0.334715
0.922623 0.149831
0.916009 0.161984
0.458941 0.790069
