0 0.000347351 14
7680 10.0014 28
14595 20.0019 25
21478 30.0028 32
28342 40.004 26
35082 50.0051 32
41845 60.0052 27
48631 70.0066 32
55386 80.0079 29
62157 90.0091 20
68877 100.01 21
75588 110.012 24
82314 120.013 32
89029 130.013 30
95716 140.014 20
102473 150.015 28
109224 160.016 19
115998 170.016 31
122766 180.017 24
129530 190.017 22
136284 200.019 26
143012 210.019 26
149763 220.02 22
156543 230.021 23
163321 240.022 27
170106 250.022 25
176910 260.023 25
183719 270.024 28
190579 280.025 32
197371 290.025 25
204117 300.027 29
210870 310.027 30
217713 320.028 22
224530 330.029 34
232650 340.03 33
243484 350.03 19
254260 360.031 22
265051 370.031 27
275881 380.031 29
286703 390.031 15
297520 400.032 34
308315 410.032 29
319184 420.032 31
329947 430.033 24
341036 440.034 33
351959 450.035 22
362883 460.035 23
373668 470.036 26
384464 480.036 26
395327 490.037 28
406190 500.037 24
417060 510.037 18
427903 520.038 32
438719 530.038 20
449605 540.038 32
460605 550.038 26
471444 560.039 19
482350 570.039 30
493311 580.04 21
504251 590.04 27
514790 600.001 22
