0 0.000337016 4
3170 10.0022 66
6266 20.0046 71
9366 30.006 71
12455 40.0089 65
15528 50.0113 66
18597 60.0144 74
21669 70.016 59
24729 80.0186 70
27808 90.0188 71
30915 100.02 69
33991 110.022 69
37070 120.023 62
40138 130.026 66
43200 140.029 64
46284 150.031 73
49370 160.034 66
52464 170.034 74
55537 180.035 68
58611 190.037 64
61676 200.039 72
64745 210.04 70
67794 220.042 72
70848 230.043 64
73940 240.045 70
77012 250.045 69
80069 260.047 62
83111 270.048 65
86167 280.051 64
89253 290.052 68
92310 300.053 62
95389 310.054 65
98462 320.057 61
101514 330.058 70
104566 340.058 69
107617 350.058 63
110684 360.059 64
113743 370.061 65
116819 380.064 63
119889 390.065 65
122950 400.068 67
126032 410.07 55
129107 420.071 74
132157 430.072 64
135226 440.073 66
138278 450.074 74
141324 460.075 63
144394 470.078 71
147453 480.081 66
150506 490.081 66
153596 500.082 61
156666 510.084 69
159713 520.086 71
162774 530.086 75
165837 540.087 64
168909 550.088 69
171967 560.089 70
175041 570.09 63
178102 580.09 63
181192 590.093 64
184639 600.001 67
