0 0.000292568 4
3112 10.0027 100
5825 20.003 100
8554 30.005 100
11305 40.0052 100
14050 50.0079 100
16822 60.0115 100
19594 70.0141 100
22352 80.0167 100
25117 90.0171 100
27882 100.017 100
30634 110.017 100
33405 120.021 100
36180 130.023 100
38947 140.025 100
41721 150.028 100
44477 160.031 100
47247 170.031 100
50016 180.032 100
52783 190.033 100
55552 200.035 100
58314 210.036 100
61080 220.039 100
63850 230.039 100
66611 240.041 100
69379 250.042 100
72151 260.042 100
74917 270.044 100
77677 280.044 100
80432 290.046 100
83198 300.05 100
85960 310.05 100
88722 320.051 100
91484 330.055 100
94251 340.058 100
97030 350.059 100
99786 360.062 100
102546 370.064 100
105303 380.067 100
108058 390.067 100
110817 400.069 100
113578 410.069 100
116338 420.072 100
119094 430.074 100
121861 440.075 100
124623 450.077 100
127398 460.079 100
130159 470.082 100
132921 480.084 100
135684 490.085 100
138447 500.087 100
141217 510.089 100
143983 520.091 100
146748 530.093 100
149513 540.096 100
152278 550.098 100
155041 560.101 100
157806 570.101 100
160562 580.103 100
163317 590.105 100
166045 600.001 100
