0 0.00183923 15
6910 10.003 100
14595 20.0031 100
22288 30.004 100
30046 40.0041 100
37780 50.0052 100
45517 60.0054 100
53346 70.0058 100
61056 80.0069 100
68848 90.0081 100
76607 100.008 100
84319 110.009 100
92076 120.01 100
99813 130.01 100
107487 140.011 100
115192 150.011 100
122882 160.012 100
130559 170.013 100
138323 180.014 100
146011 190.015 100
153852 200.016 100
161607 210.016 100
169356 220.017 100
177169 230.017 100
184962 240.018 100
192825 250.018 100
200680 260.019 100
208476 270.019 100
216281 280.02 100
224080 290.02 100
231870 300.021 100
239660 310.021 100
247496 320.021 100
255281 330.023 100
263018 340.024 100
270761 350.024 100
278523 360.024 100
286289 370.024 100
294028 380.025 100
301763 390.025 100
309560 400.026 100
317432 410.026 100
325307 420.026 100
333187 430.027 100
341039 440.028 100
348801 450.028 100
356665 460.029 100
364432 470.029 100
371217 480.031 100
375708 490.033 100
380218 500.034 100
384705 510.035 100
389186 520.036 100
393653 530.037 100
398122 540.039 100
402589 550.039 100
407029 560.04 100
411497 570.042 100
415967 580.043 100
420439 590.045 100
424933 600.002 100
