0 0.00151706 14
6812 10.0029 99
13638 20.0036 97
20460 30.0048 98
27294 40.0053 100
34079 50.006 96
40876 60.0063 98
47662 70.0069 99
54437 80.0074 98
61293 90.0088 99
68155 100.01 96
74991 110.01 97
81784 120.01 99
88584 130.011 99
95384 140.012 100
102143 150.012 45
108892 160.013 100
115687 170.014 100
122544 180.014 94
129383 190.016 100
136189 200.017 98
143017 210.018 99
149814 220.019 97
156606 230.02 98
163421 240.021 99
170239 250.021 98
177060 260.022 97
183869 270.023 100
190674 280.024 96
197536 290.024 99
204374 300.025 100
211235 310.026 99
218062 320.027 99
224837 330.027 100
231615 340.027 100
238387 350.027 98
245164 360.028 95
251943 370.029 47
258707 380.029 97
265491 390.031 100
272278 400.031 100
279109 410.031 100
285904 420.031 98
292679 430.031 98
299476 440.031 98
306248 450.032 98
313005 460.032 95
319771 470.033 100
326544 480.033 94
333340 490.036 17
340126 500.037 100
346927 510.037 98
353750 520.038 99
360590 530.038 99
367408 540.039 99
374219 550.039 97
381003 560.04 99
387788 570.041 97
394579 580.041 100
401370 590.041 99
407836 600.001 100
