0 0.000376791 3
6982 10.0004 21
13904 20.0009 24
20692 30.0013 22
27434 40.0027 24
34141 50.003 25
40837 60.0042 25
47525 70.0052 25
54208 80.0058 25
60885 90.0067 25
67556 100.008 24
74234 110.009 24
80925 120.009 24
87642 130.01 24
94350 140.01 27
101101 150.011 27
107813 160.011 11
114755 170.011 6
120952 180.012 98
124142 190.013 84
127449 200.013 93
130758 210.017 86
134074 220.018 89
137358 230.019 85
140671 240.019 93
143995 250.021 86
147307 260.021 90
150628 270.022 91
153916 280.024 91
157222 290.025 92
160510 300.026 91
163795 310.026 95
167086 320.029 92
170361 330.031 97
173663 340.033 95
176925 350.033 93
180225 360.034 93
183489 370.036 89
186759 380.038 87
190040 390.042 84
193340 400.043 95
196626 410.045 88
199919 420.047 93
203190 430.049 93
206466 440.051 91
209735 450.053 90
213028 460.056 83
216298 470.056 89
219582 480.059 89
222853 490.061 88
226135 500.062 90
229413 510.064 89
232700 520.067 87
235955 530.067 86
239238 540.069 87
242523 550.071 94
245821 560.072 94
249099 570.073 89
252404 580.075 88
255687 590.075 85
259237 600.001 89
