0 0.000385863 6
5124 10.0008 100
10379 20.0022 100
15626 30.0022 100
20881 40.0027 100
26141 50.0034 100
31412 60.0047 100
36672 70.0051 100
41954 80.0065 100
47242 90.0079 100
52542 100.009 100
57834 110.01 100
63145 120.012 100
68460 130.012 100
73780 140.013 100
79091 150.013 100
84402 160.014 100
89730 170.015 100
95060 180.016 100
100374 190.018 100
105702 200.019 100
111025 210.021 100
116347 220.022 100
121671 230.023 100
126963 240.024 100
132206 250.025 100
137446 260.026 100
142698 270.028 100
147951 280.029 100
153192 290.029 100
158437 300.03 100
163675 310.031 100
168913 320.031 100
174159 330.033 100
179411 340.034 100
184666 350.035 100
189917 360.037 100
195163 370.037 100
200410 380.038 100
205660 390.04 100
210912 400.041 100
216159 410.042 100
221410 420.043 100
226672 430.044 100
231920 440.046 100
237181 450.046 100
242440 460.048 100
247686 470.049 100
252926 480.05 100
258186 490.051 100
263444 500.052 100
268696 510.053 100
273954 520.055 100
279206 530.056 100
284460 540.057 100
289702 550.058 100
294941 560.058 100
300189 570.058 100
305427 580.06 100
310679 590.062 100
315888 600.001 100
