0 0.00024425 6
54822 10.0004 100
110189 20.0004 100
165449 30.0005 99
218487 40.0006 88
271670 50.0006 100
322722 60.0008 100
372683 70.0008 100
416925 80.0009 100
458763 90.001 100
503216 100.001 100
543937 110.001 100
583380 120.001 100
619347 130.001 100
652159 140.002 100
684046 150.002 100
717513 160.002 100
753887 170.002 100
795125 180.002 100
839148 190.002 100
876469 200.002 100
922408 210.003 100
962052 220.003 100
992554 230.003 100
1030335 240.003 100
1072229 250.003 100
1107136 260.004 100
1136314 270.004 100
1162238 280.004 100
1184690 290.005 100
1211470 300.005 100
1240254 310.005 100
1264246 320.005 100
1287961 330.005 100
1310761 340.005 100
1341521 350.006 100
1372308 360.006 100
1399938 370.006 100
1424184 380.006 100
1446576 390.006 100
1467024 400.007 100
1486069 410.007 100
1507700 420.007 100
1531718 430.008 100
1555410 440.008 100
1579236 450.008 100
1602065 460.008 100
1623872 470.008 100
1646992 480.009 100
1670422 490.009 100
1693998 500.009 100
1721272 510.009 100
1749954 520.009 97
1778637 530.01 100
1809747 540.01 100
1836691 550.01 100
1863272 560.01 100
1888278 570.01 100
1912639 580.01 100
1940959 590.01 100
1965945 600 100
