0 0.000620785 10
5235 10.0022 50
10105 20.0041 50
13737 30.0052 50
16197 40.0078 50
18655 50.0117 50
21119 60.0153 50
23587 70.0157 50
26061 80.019 50
28546 90.0197 50
31033 100.023 50
33514 110.026 50
35994 120.028 50
38473 130.031 50
40932 140.031 50
43406 150.031 50
45874 160.033 50
48347 170.036 50
50827 180.038 50
53354 190.039 50
55912 200.04 50
58478 210.042 50
61039 220.043 50
63593 230.043 50
66152 240.045 50
68711 250.047 50
71268 260.051 50
73827 270.054 50
76387 280.057 50
78951 290.06 50
81529 300.063 50
84095 310.066 50
86668 320.067 50
89239 330.068 50
91810 340.072 50
94385 350.073 50
96951 360.075 50
99519 370.078 50
102091 380.078 50
104660 390.079 50
107230 400.082 50
109797 410.083 50
112372 420.085 50
114940 430.089 50
117509 440.091 50
120084 450.091 50
122653 460.093 50
125225 470.097 50
127800 480.098 50
130370 490.101 50
132941 500.101 50
135506 510.102 50
138078 520.105 50
140646 530.106 50
143215 540.109 50
145787 550.111 50
148372 560.114 50
150949 570.115 50
153528 580.117 50
156100 590.12 50
158642 600 50
