0 0.000374203 50
3478 10.0027 50
6274 20.0062 50
9138 30.0095 50
12019 40.0126 50
14780 50.0135 50
17563 60.0141 50
20484 70.0164 50
23381 80.0169 50
26084 90.0176 50
28890 100.018 50
31643 110.02 50
34150 120.022 50
36728 130.022 50
39105 140.025 50
41882 150.028 50
44622 160.032 50
47415 170.032 50
50232 180.037 50
53008 190.038 50
55782 200.04 50
58586 210.041 50
61468 220.045 50
64256 230.048 50
66891 240.049 50
69688 250.05 50
72468 260.051 50
75246 270.053 50
79356 280.053 50
84493 290.054 50
89595 300.055 50
94511 310.056 50
99685 320.057 50
104850 330.058 50
109795 340.058 50
114925 350.06 50
120056 360.06 50
125385 370.06 50
130668 380.062 50
136135 390.062 50
141415 400.064 50
146412 410.065 50
151159 420.066 50
155794 430.067 50
160524 440.069 50
165624 450.07 50
170683 460.071 50
176024 470.071 50
181203 480.073 50
186308 490.073 50
191683 500.075 50
196954 510.077 50
201913 520.077 50
207027 530.079 50
211854 540.082 50
216978 550.083 50
222157 560.084 50
227714 570.086 50
233144 580.087 50
238462 590.088 50
243589 600.002 50
