0 0.000619088 10
7392 10.0009 50
12256 20.0013 50
17106 30.0028 50
21545 40.0045 50
26002 50.0051 50
31772 60.0067 50
37022 70.0089 50
42279 80.0092 50
47877 90.0104 50
53591 100.011 50
58845 110.013 50
64292 120.015 50
69834 130.016 50
74809 140.017 50
79360 150.018 50
84217 160.019 50
89692 170.02 50
94674 180.02 50
100540 190.02 50
105937 200.021 50
110552 210.021 50
116445 220.022 50
121389 230.023 50
126034 240.024 50
131058 250.026 50
135968 260.027 50
141450 270.027 50
147036 280.028 50
152228 290.028 50
157266 300.028 50
162187 310.03 50
167548 320.032 50
172527 330.032 50
177846 340.033 50
182434 350.035 50
187224 360.036 50
192372 370.038 50
197758 380.04 50
203212 390.041 50
208842 400.041 50
214134 410.042 50
218979 420.044 50
223887 430.045 50
229542 440.047 50
234243 450.048 50
239437 460.05 50
244997 470.05 50
250599 480.052 50
255993 490.052 50
260371 500.054 50
264836 510.056 50
270200 520.056 50
275233 530.058 50
280706 540.059 50
285391 550.061 50
290297 560.063 50
295611 570.064 50
301162 580.066 50
305824 590.067 50
311264 600.002 50
