9029 30.0041
0.999984 0.00423619
2.43805e-07 1.01671
0.66186 0.192872
0.0102721 0.908753
0.183127 0.581715
0.0886672 0.710083
0.134306 0.642122
0.717965 0.15787
0.79515 0.116252
0.0834738 0.719809
0.488104 0.307455
0.702003 0.168792
0.653965 0.197724
0.614562 0.226153
0.239426 0.517579
0.189551 0.573434
0.277362 0.481308
0.245831 0.510863
0.422545 0.356809
0.268487 0.487791
0.0930125 0.704687
0.0527621 0.783188
0.0130346 0.897487
0.56242 0.256469
0.252002 0.508437
0.129143 0.64765
0.648051 0.201524
0.141245 0.635586
0.415062 0.36124
0.784482 0.120641
0.327388 0.435587
0.604704 0.228708
0.829285 0.0959723
0.727959 0.153396
0.443014 0.340731
0.822885 0.101923
0.670967 0.187718
0.497666 0.302472
0.0261081 0.85562
0.959942 0.0249554
0.022953 0.862298
0.583095 0.24655
0.0627351 0.76295
0.00134665 0.976774
0.437392 0.345248
0.573461 0.248807
0.322382 0.439263
0.179336 0.587931
3.36576e-05 1.00671
0.939757 0.0365676
0.00265314 0.960021
0.678977 0.181053
0.372233 0.397756
0.901422 0.05818
0.968816 0.0243299
0.555336 0.262886
0.685519 0.17852
0.0417039 0.807715
0.231391 0.525767
0.509383 0.293703
0.856568 0.0817874
0.0663803 0.753694
0.410438 0.364894
0.633505 0.21097
0.317411 0.444381
0.1133 0.672827
0.752893 0.138347
0.00195928 0.967909
0.894683 0.0603251
0.284542 0.472091
0.0197548 0.868519
0.428387 0.352861
0.518866 0.285979
0.126365 0.654681
0.849398 0.0837644
0.00854756 0.919356
0.600127 0.231622
0.775375 0.124363
0.514836 0.289322
0.524296 0.28129
0.917228 0.0491628
0.000152573 0.998064
0.621555 0.216078
0.628312 0.212751
0.016735 0.881924
0.985107 0.0117225
0.693793 0.173106
0.619598 0.221181
0.836066 0.0952874
0.945415 0.0328094
0.0976548 0.697981
0.122489 0.658461
0.352131 0.412966
0.0554544 0.773065
0.367131 0.401827
0.475711 0.315614
0.0801708 0.725114
0.29848 0.462582
0.0775578 0.730754
0.758634 0.134748
0.432566 0.349215
0.839756 0.0894427
0.00543349 0.936844
0.405134 0.369399
0.545051 0.267467
0.282122 0.479352
0.808864 0.107119
0.0176997 0.874728
0.908067 0.0552288
0.235484 0.522955
0.00359127 0.950805
0.879459 0.0671776
0.262358 0.494761
0.173752 0.591078
0.218302 0.539379
0.0494536 0.788171
0.0336516 0.827899
0.302296 0.457455
0.170784 0.595342
0.00475077 0.945845
0.447994 0.336274
0.109651 0.678766
0.289408 0.468806
0.709328 0.166186
0.505637 0.298258
0.471331 0.318697
0.158007 0.610368
0.205171 0.555633
0.00665454 0.931082
0.541702 0.270452
0.216021 0.546321
0.0272075 0.84706
0.0746386 0.736338
0.843952 0.086559
0.294171 0.466154
0.911665 0.0521558
0.873329 0.0747469
0.974229 0.0209681
0.102518 0.688542
0.118459 0.663774
0.167302 0.600409
0.864586 0.0750817
0.551012 0.263353
0.143823 0.631336
0.536179 0.274002
0.201456 0.559847
0.25591 0.500442
0.95385 0.0287094
0.03266 0.834585
0.862214 0.0784978
0.675068 0.186602
0.0428288 0.799835
0.0378628 0.813211
0.799749 0.112395
0.312723 0.447626
0.22574 0.531347
0.802698 0.109259
0.19964 0.565005
0.0987995 0.693423
0.770637 0.129026
0.458351 0.328912
0.394286 0.378899
0.118339 0.669426
0.0726858 0.741263
0.357805 0.409643
0.208185 0.551064
0.932566 0.0385839
0.000802712 0.985819
0.979337 0.0158729
0.69187 0.175692
0.874676 0.0700405
0.306391 0.454692
0.88921 0.0637539
0.399222 0.375353
0.00842137 0.92435
0.0358106 0.821872
0.0691951 0.744977
0.528986 0.278945
0.310068 0.451566
0.642658 0.209115
0.739802 0.148299
0.0590033 0.765366
0.887328 0.0665977
0.349413 0.418157
0.266247 0.491684
0.642976 0.207093
0.333527 0.430452
0.762705 0.131508
0.781 0.122179
0.000438064 0.989853
0.16275 0.605699
0.748044 0.14214
0.587703 0.240469
0.211706 0.548205
0.951847 0.0316786
0.0469901 0.793247
0.383623 0.38908
0.14704 0.626471
0.376924 0.393087
0.463676 0.327261
0.154517 0.612995
0.222781 0.53719
0.502089 0.301974
0.0151322 0.889325
0.362842 0.405215
0.532694 0.276306
0.258324 0.499906
0.594512 0.235781
0.0318551 0.84091
0.815196 0.105442
0.99018 0.00969094
0.402318 0.373332
0.734095 0.150933
0.567221 0.253889
0.481894 0.312456
0.594018 0.237633
0.068651 0.75073
0.454248 0.332059
0.14911 0.624087
0.71189 0.16131
0.569846 0.252175
0.815821 0.102011
0.0571246 0.770635
0.483876 0.312081
0.192385 0.568724
0.195302 0.568021
0.468013 0.323461
0.0297762 0.843833
0.106103 0.685643
0.92367 0.04703
0.0463965 0.797695
0.37907 0.392179
0.343299 0.422295
0.584832 0.241071
0.0375893 0.818253
0.339588 0.426836
0.390845 0.381191
0.453255 0.335306
0.929775 0.044635
0.766487 0.12971
0.109539 0.684795
0.996605 0.00705917
0.742624 0.146126
0.386361 0.38695
0.345852 0.419868
0.151365 0.619299
0.388295 0.383423
0.0145253 0.891962
0.977881 0.0183093
0.163876 0.603432
