139380 440.075
1 0
0 1
0.00363982 0.940061
0.16913 0.589903
0.556558 0.256201
0.844641 0.0826891
0.00871808 0.907652
0.945312 0.0282872
0.984157 0.00906925
0.0384696 0.804121
0.00130216 0.966168
0.0311496 0.825365
0.924414 0.0404088
0.371597 0.392405
0.594592 0.230053
0.0972403 0.689582
0.564698 0.249754
0.489335 0.302566
0.936264 0.0349425
0.300596 0.455219
0.178414 0.578534
0.813589 0.0982258
0.280631 0.471552
0.286529 0.465182
0.174464 0.582876
0.1845 0.571587
0.041683 0.797223
0.806577 0.102313
0.49854 0.296269
0.853145 0.0769282
0.378753 0.386386
0.139644 0.630563
0.446698 0.332592
0.975032 0.0146696
9.85994e-05 0.990144
0.415334 0.357152
0.366248 0.395754
0.361012 0.401455
0.530393 0.272886
0.456521 0.32516
0.660936 0.187744
0.00607542 0.927704
0.706558 0.161044
0.187621 0.567131
0.00275869 0.951249
0.876764 0.0640598
0.22286 0.530368
0.00734445 0.918131
0.916212 0.0428765
0.537332 0.268791
0.419992 0.352398
0.163845 0.598232
0.084092 0.711151
0.800739 0.105742
0.0246453 0.844833
0.0547706 0.7685
0.0880318 0.704041
0.0453192 0.790541
0.010525 0.898146
0.244027 0.507993
0.775021 0.12005
0.0575457 0.761784
0.425171 0.348585
0.683072 0.178063
0.327247 0.431687
0.151681 0.611643
0.30691 0.448108
0.0274756 0.838306
0.753783 0.133376
0.931652 0.0361099
0.451804 0.328981
0.226138 0.524515
0.695284 0.166776
0.702375 0.165354
0.391898 0.377017
0.093002 0.699302
0.670057 0.184545
0.882085 0.0608704
0.78538 0.114316
0.473561 0.311887
0.118417 0.656791
0.58929 0.232348
0.870018 0.0674425
0.526046 0.276772
0.0290215 0.83185
0.0179456 0.870004
0.758827 0.130227
0.0191036 0.861902
0.747204 0.135941
0.504381 0.291261
0.0345535 0.815153
0.00188603 0.956997
0.955644 0.0227946
0.837732 0.0848572
0.339614 0.418444
0.469414 0.316418
0.780836 0.116825
0.291311 0.461163
0.603072 0.224442
0.550095 0.258835
0.21723 0.534144
0.200664 0.557586
0.148398 0.616095
0.541075 0.265147
0.949826 0.0257428
0.742928 0.138954
0.403958 0.367309
0.0536405 0.775803
0.353781 0.409172
0.0466841 0.784375
0.386586 0.379908
0.635956 0.203651
0.712385 0.156487
0.247937 0.503135
0.721128 0.152329
0.0499898 0.7795
0.317855 0.437195
0.512753 0.284591
0.00122536 0.978589
0.0158397 0.875237
0.0226484 0.851543
0.727863 0.147524
0.54727 0.262866
0.639644 0.2005
0.275912 0.475744
0.295739 0.458387
0.348476 0.413271
0.907964 0.052168
0.106302 0.67705
0.0148468 0.882279
0.511609 0.288075
0.142831 0.6251
0.792896 0.112095
0.676799 0.178356
0.687478 0.171373
0.356238 0.405261
0.0351782 0.81298
0.133062 0.635236
0.32319 0.435235
0.644883 0.197272
0.964308 0.0182712
0.33093 0.425436
0.12835 0.642077
0.897638 0.0530816
0.144455 0.620343
0.441011 0.337983
0.0632717 0.748927
0.629955 0.206485
0.970607 0.0153132
0.381717 0.382512
0.0997523 0.684423
0.40941 0.361557
0.794975 0.108906
0.46281 0.320762
0.615391 0.216204
0.85785 0.0757462
0.0662806 0.743586
0.568425 0.246515
0.343501 0.414038
0.230505 0.520861
0.820063 0.0946143
0.863103 0.072795
0.103072 0.681174
0.0214379 0.856979
0.233393 0.51774
0.0132743 0.887773
0.989078 0.00606406
0.91114 0.0456272
0.0722153 0.731282
0.193007 0.561369
0.657837 0.191313
0.481501 0.311746
0.0778762 0.722633
0.584252 0.236408
0.160983 0.600113
0.396098 0.372459
0.763983 0.127036
0.96123 0.0207933
0.20804 0.543901
0.770278 0.123973
0.115391 0.662309
0.0116091 0.892756
0.736289 0.144169
0.398085 0.369929
0.622902 0.213867
0.674046 0.184036
0.715815 0.154634
0.205349 0.54844
0.518918 0.27997
0.000495663 0.980736
0.273399 0.47957
0.993172 0.00441774
0.122288 0.652468
0.0598312 0.755857
0.0695976 0.736292
0.654852 0.19519
0.239579 0.512522
0.690126 0.170119
0.156327 0.606513
0.866248 0.0702006
0.112844 0.66435
0.126182 0.64668
0.825992 0.0920685
0.578611 0.242276
0.649976 0.19595
0.888481 0.058969
0.484773 0.304008
0.270111 0.482579
0.830571 0.0891305
0.266816 0.484679
0.891898 0.058893
0.110701 0.673687
0.131813 0.637647
0.896098 0.0549376
0.726816 0.150048
0.583416 0.239804
0.110708 0.669834
0.194803 0.560781
0.833318 0.0877151
0.237311 0.513774
0.431911 0.346641
0.627248 0.209283
0.253923 0.497877
0.998362 0.00275559
0.253337 0.501659
0.407908 0.363956
0.31036 0.44749
0.157203 0.604874
0.48204 0.30698
0.464688 0.31917
0.5 0.292893
0.00622628 0.92368
0.33511 0.421858
0.313838 0.441322
0.73874 0.143275
0.0682785 0.739844
0.0811693 0.716667
0.0629864 0.754721
0.258827 0.492734
0.520478 0.279589
0.608027 0.221107
0.0769003 0.729985
0.256657 0.493647
0.26414 0.490776
0.908067 0.0483927
0.0921111 0.701316
0.123292 0.64912
0.312924 0.442964
0.572797 0.24379
0.211196 0.54111
