111441 40.001
4.87793e-10 1.6967
0.111582 0.821814
0.33266 0.564242
0.218164 0.69763
0.217592 0.700805
0.655434 0.304011
0.611197 0.338272
0.866015 0.172496
0.0795751 0.859669
0.430507 0.451052
0.655416 0.310341
0.617327 0.33314
0.617323 0.336004
1.08951e-09 1.52373
0.595968 0.338717
3.82826e-10 2.09129
0.490797 0.409882
0.721578 0.248273
0.264024 0.620276
0.929949 0.120687
0.343321 0.541386
0.155482 0.732439
0.365102 0.502559
0.176624 0.700882
0.740722 0.242426
0.107414 0.831697
0.365101 0.509643
0.0368852 0.951214
0.916791 0.121102
0.155434 0.740121
0.704279 0.259901
0.752749 0.232806
0.0104923 1.04608
0.292378 0.579473
0.570944 0.34948
0.403044 0.470808
0.402705 0.472916
0.126823 0.777471
1.28808e-07 1.17584
0.524508 0.383092
0.720678 0.249274
0.0890476 0.834829
0.158686 0.714153
1.58897e-09 1.22289
0.296039 0.566337
0.961849 0.0954675
0.130586 0.770259
0.34662 0.524967
0.130581 0.773395
0.961847 0.0984184
0.29603 0.577305
0.720662 0.253173
0.266659 0.595842
0.242033 0.620664
2.90728e-07 1.15524
0.296035 0.573127
0.657185 0.281155
0.657183 0.28365
6.63886e-07 1.15321
0.240801 0.634781
0.460552 0.419748
2.77783e-06 1.14304
0.657185 0.280423
0.0846362 0.845507
0.0574632 0.88406
0.509864 0.385804
0.349479 0.514318
0.158673 0.720347
0.509861 0.38821
0.810465 0.183464
0.992722 0.0850375
0.753683 0.215968
0.872147 0.14452
0.880847 0.137876
0.0216085 1.00278
0.349484 0.510292
0.509847 0.390145
0.907317 0.131636
0.349475 0.514527
0.0216044 1.03687
0.620425 0.310349
0.349476 0.514443
0.795134 0.193601
0.00769725 1.05732
0.274244 0.594043
0.224356 0.65263
0.0847362 0.842767
0.543762 0.353399
0.274253 0.584568
0.933757 0.116896
0.657186 0.273826
0.0574433 0.931068
0.460777 0.41862
0.543751 0.379464
0.768516 0.207949
1.8835e-05 1.14205
0.349469 0.519919
0.0574504 0.886182
0.158663 0.720937
0.494879 0.401514
0.0216142 0.982058
0.657166 0.286151
2.05385e-06 1.144
0.238568 0.642458
0.543757 0.363751
0.494879 0.391353
0.455538 0.422019
0.234107 0.647375
0.974764 0.0876744
