18966 80.0197
0.999947 0.000203036
1.73472e-17 1.00038
0.459811 0.333513
0.366257 0.395429
0.486902 0.305986
0.554635 0.25815
0.598267 0.229229
0.00779504 0.921918
0.035218 0.813032
0.0566443 0.762695
0.00403834 0.942417
0.633969 0.207521
0.015404 0.876633
0.605192 0.226688
0.000481552 0.987899
0.131314 0.638977
0.512713 0.300262
0.518812 0.287077
0.0666394 0.743225
0.0789376 0.720482
0.108245 0.67243
0.349112 0.409742
0.538898 0.278497
0.117539 0.65861
0.0298192 0.831186
0.0250641 0.844507
0.64076 0.202049
0.309055 0.445004
0.0987731 0.689606
0.669457 0.182232
0.654003 0.192082
0.320661 0.434477
0.0203086 0.859391
0.0346145 0.815689
0.0928834 0.697218
0.334471 0.422595
0.652343 0.19285
0.114886 0.662512
0.215166 0.537319
0.837523 0.0856638
0.0818528 0.714573
0.146004 0.618935
0.138661 0.628507
0.544475 0.271966
0.549786 0.265377
0.210427 0.542129
0.0622045 0.751184
0.0166972 0.872546
0.198794 0.554617
0.0576048 0.761228
0.341022 0.417359
0.139466 0.627295
0.019117 0.863035
0.220649 0.531062
0.0889753 0.705484
0.086437 0.707352
0.32845 0.428055
0.34338 0.414535
0.153843 0.612734
0.846359 0.0820704
0.156132 0.606212
0.298085 0.454584
0.227357 0.523909
0.161176 0.599546
0.164673 0.594847
0.223086 0.528629
0.861109 0.074168
0.0982662 0.691332
0.183265 0.572602
0.865302 0.0704039
0.174004 0.587667
0.0632303 0.749502
0.193552 0.561314
0.83198 0.0884898
0.206713 0.546221
0.179846 0.576423
0.177559 0.583071
0.68278 0.174418
0.54888 0.270196
0.201474 0.552046
0.856538 0.0751734
0.158394 0.602576
0.876832 0.0643196
0.671492 0.181108
0.241226 0.509714
0.280017 0.471486
0.283671 0.468859
0.204547 0.548541
0.303278 0.449847
0.688256 0.171209
0.881554 0.061746
0.186148 0.569376
0.296099 0.457025
0.303851 0.44935
0.869518 0.0692799
0.853032 0.0779008
0.229975 0.521443
0.238039 0.512797
4.15756e-05 0.994933
0.903694 0.0497693
0.822667 0.0936436
0.232451 0.518628
0.167585 0.592076
0.243932 0.507283
0.884011 0.0606874
0.718348 0.152829
0.680612 0.175498
0.292579 0.459715
0.900268 0.0517014
0.277397 0.473946
0.795122 0.108912
0.887711 0.0584784
0.252066 0.498792
0.178863 0.580426
0.726128 0.148483
0.81453 0.0978692
0.149974 0.615152
0.741095 0.139471
0.943275 0.029182
0.90938 0.0468032
0.906839 0.0483524
0.738701 0.140997
0.744184 0.137748
0.894747 0.0546755
0.676573 0.1779
0.735892 0.142899
0.696901 0.166051
0.946337 0.0276841
0.322818 0.432429
0.271663 0.479844
0.981571 0.00968282
0.897836 0.0531844
0.715439 0.154604
0.249652 0.501088
0.700012 0.164174
0.850266 0.0792829
0.967672 0.0167184
0.79797 0.107086
0.245964 0.505009
0.984363 0.00828868
0.763671 0.126658
0.691825 0.168585
0.912404 0.0452608
0.802691 0.104343
0.871977 0.0666333
0.940639 0.0306919
0.829364 0.0898828
0.755938 0.130854
0.758494 0.129327
0.781566 0.116401
0.753574 0.132389
0.761113 0.128111
0.788105 0.112982
0.926405 0.0378769
0.2858 0.465915
0.750992 0.133757
0.929142 0.0365188
0.148286 0.615938
0.728748 0.146798
0.892015 0.0559801
0.970741 0.0152275
0.733374 0.144276
0.694731 0.167429
0.248072 0.503158
0.266463 0.485308
0.91739 0.042654
0.188471 0.567143
0.914592 0.0439247
0.962707 0.0191631
0.254403 0.496799
0.273908 0.47734
0.993199 0.00373549
0.7214 0.151144
0.766252 0.125134
0.948791 0.0261631
0.956084 0.0227057
0.80027 0.105761
0.805407 0.102817
0.192047 0.565331
0.710982 0.157453
0.965184 0.017973
0.819053 0.095795
0.723103 0.150018
0.287379 0.464782
0.234635 0.516414
0.708489 0.158778
0.713155 0.156033
0.792193 0.110399
0.996278 0.00258551
0.772699 0.121284
0.953386 0.0238046
0.874253 0.0659396
0.289693 0.462438
0.730943 0.145603
0.807587 0.101811
0.974857 0.0130098
0.809987 0.100274
0.937999 0.0319222
0.261211 0.489533
0.93155 0.0352551
0.236136 0.514954
0.704176 0.161391
0.779118 0.117749
0.748569 0.135166
0.746562 0.136317
0.951326 0.0251359
0.81225 0.0994015
0.701937 0.162737
0.70626 0.160064
0.268219 0.482654
0.275293 0.475897
0.170069 0.588249
0.770524 0.122575
0.768356 0.123795
0.889573 0.0571784
0.775084 0.119929
0.846933 0.0801429
0.790462 0.111556
0.933921 0.0342711
0.817827 0.096205
0.826698 0.0912052
0.923885 0.0390599
0.960203 0.0205802
0.825004 0.0920305
0.676817 0.177822
0.936127 0.0332255
0.972833 0.0142039
0.169414 0.589937
0.26338 0.48805
0.26965 0.481591
0.958338 0.0212763
0.777127 0.118954
0.689373 0.170184
0.978689 0.0111216
0.990886 0.00476828
0.784158 0.114915
0.259615 0.491314
0.785452 0.114352
0.2647 0.48674
0.977599 0.0118926
0.32587 0.430005
0.255668 0.494817
0.291378 0.461622
0.193427 0.56164
8.70433e-06 0.997639
0.325128 0.430415
0.190053 0.565686
0.989453 0.0059319
0.922194 0.0401604
0.258297 0.492547
