134771 430.083
1 0
0 1
0.0195022 0.864292
0.0818948 0.715166
0.043263 0.792591
0.0231108 0.849408
0.102886 0.680519
0.649928 0.19383
0.747867 0.135334
0.946915 0.0289429
0.676487 0.178427
0.121052 0.65355
0.126331 0.644982
0.180393 0.575971
0.108086 0.672281
0.15595 0.605211
0.643935 0.202783
0.0049237 0.93196
0.0530484 0.769903
0.00688841 0.921754
0.505444 0.290005
0.0859722 0.707673
0.267082 0.484347
0.668902 0.183077
0.280374 0.472524
0.601097 0.22689
0.13682 0.631059
0.331428 0.426976
0.342342 0.418189
0.837097 0.0873981
0.337174 0.421987
0.077872 0.724561
0.0079515 0.913806
0.166074 0.593332
0.355907 0.403421
0.758746 0.129872
0.0270968 0.836433
0.966025 0.0182543
0.555081 0.256108
0.732027 0.144508
0.00996932 0.905399
0.0395063 0.802619
0.14542 0.623259
0.561954 0.2515
0.528214 0.277599
0.365202 0.398423
0.513007 0.28478
0.800979 0.106448
0.0318195 0.823388
0.938473 0.0315441
0.00271831 0.948108
0.00405184 0.940204
9.72117e-05 0.990991
0.3859 0.380662
0.0142147 0.884531
0.0465187 0.785303
0.251608 0.501145
0.150398 0.615082
0.738917 0.14196
0.220937 0.531638
0.347844 0.412806
0.545917 0.264357
0.21716 0.53702
0.25572 0.495061
0.911966 0.0473366
0.810001 0.100897
0.0298039 0.831079
0.715857 0.155746
0.72448 0.150581
0.380805 0.383879
0.390751 0.375557
0.549814 0.258596
0.325027 0.429889
0.171098 0.587268
0.0914968 0.698939
0.284848 0.466343
0.883116 0.0622879
0.0956763 0.690978
0.00032316 0.982052
0.706939 0.159562
0.377498 0.389789
0.827333 0.0906637
0.0251992 0.845782
0.862773 0.0714938
0.191434 0.563196
0.0168621 0.872822
0.606954 0.223761
0.793956 0.111091
0.905221 0.0491655
0.37232 0.392447
0.52223 0.280857
0.139772 0.62629
0.0125956 0.892311
0.234371 0.51863
0.422274 0.350487
0.593856 0.230982
0.539397 0.266218
0.845966 0.0803769
0.401542 0.370416
0.321178 0.434112
0.395442 0.372728
0.205771 0.547331
0.899729 0.0515507
0.111615 0.667592
0.840484 0.0840166
0.428852 0.347562
0.274539 0.476387
0.162251 0.597787
0.11787 0.659369
0.13328 0.63996
0.655986 0.191418
0.614291 0.216255
0.0110486 0.897755
0.0656806 0.744855
0.40446 0.365717
0.0720022 0.733218
0.958393 0.022332
0.745417 0.139718
0.244553 0.509571
0.246579 0.504138
0.886779 0.0593662
0.272319 0.480327
0.0628732 0.752311
0.591623 0.233598
0.00066324 0.974379
0.875115 0.065006
0.683013 0.174215
0.00218455 0.956805
0.5 0.292893
0.034615 0.81718
0.624755 0.213176
0.610142 0.219359
0.0563851 0.764437
0.857325 0.0741904
0.532264 0.272029
0.771239 0.122579
0.806777 0.105188
0.0744871 0.72729
0.868495 0.0684826
0.11436 0.66266
0.585017 0.23737
0.576252 0.242076
0.0153088 0.87679
0.990859 0.00506942
0.202842 0.551564
0.176487 0.584038
0.0900457 0.702671
0.0491605 0.778462
0.26102 0.489605
0.415741 0.357395
0.996276 0.00303899
0.954694 0.0247712
0.0360817 0.812743
0.485735 0.304843
0.663546 0.185978
0.818101 0.098712
0.701806 0.162665
0.979499 0.0110598
0.470467 0.315841
0.187737 0.569989
0.22462 0.52643
0.933349 0.0338999
0.159237 0.60231
0.444773 0.334554
0.0595098 0.761523
0.826016 0.0932918
0.725949 0.148224
0.0393972 0.807865
0.620066 0.213555
0.497982 0.297495
0.583327 0.239673
0.418573 0.353473
0.473224 0.313776
0.00105041 0.967604
0.818968 0.0959271
0.186686 0.572227
0.629678 0.208297
0.148234 0.615676
0.516026 0.281831
0.973163 0.013834
0.367758 0.396482
0.765168 0.125704
0.292635 0.459062
0.660842 0.188978
0.316867 0.437696
0.534458 0.269064
0.214151 0.542887
0.918825 0.0448331
0.441231 0.339282
0.211389 0.544191
0.893201 0.0569133
0.714151 0.157874
0.489319 0.301452
0.231542 0.52344
0.987126 0.00822815
0.494569 0.30096
0.0603012 0.754722
0.0999953 0.687977
0.0710048 0.73948
0.477937 0.309916
0.35066 0.408457
0.20112 0.556995
0.462517 0.324877
0.408931 0.362125
0.78544 0.114497
0.572891 0.243604
0.130581 0.640597
0.00146091 0.961841
0.79226 0.114299
0.896457 0.0563086
0.565849 0.248007
0.431732 0.344058
0.972718 0.0173942
0.411823 0.360968
0.568559 0.246444
0.300376 0.451973
0.692231 0.168243
0.238917 0.514601
0.925018 0.0402491
0.305784 0.451891
0.689138 0.171204
0.850497 0.077882
0.194567 0.560056
0.929265 0.0361
0.308386 0.448954
0.466196 0.320548
0.919766 0.0422431
0.259918 0.491429
0.0697706 0.743516
0.239843 0.512906
0.783496 0.117639
0.852938 0.0764867
0.982241 0.00909485
0.631161 0.206307
0.355082 0.407655
0.872334 0.0665682
0.698551 0.165044
0.308979 0.444273
0.228137 0.525067
0.637494 0.205789
0.314246 0.440133
0.451237 0.331354
0.448228 0.332563
0.434568 0.341652
0.197058 0.557979
0.697058 0.167901
0.0487965 0.779899
0.637967 0.203298
0.311731 0.442324
0.290567 0.465407
