119030 220.02
1 0
0 1
0.0170019 0.870697
0.245363 0.507213
0.0132675 0.886126
0.0491985 0.77935
0.871357 0.0670316
0.161059 0.600423
0.0544689 0.768766
0.0322118 0.821326
0.167574 0.592242
0.151606 0.613301
0.534477 0.269444
0.0818863 0.714182
0.0283546 0.831885
0.737591 0.142611
0.986872 0.00671762
0.157019 0.605995
0.0870502 0.705014
0.87953 0.062312
0.235954 0.515097
0.374735 0.391547
0.597355 0.227112
0.678316 0.176696
0.382381 0.381902
0.105527 0.675333
0.689105 0.172931
0.703813 0.163945
0.47959 0.307907
0.110905 0.667419
0.617652 0.215051
0.524845 0.277211
0.995963 0.00266979
0.472226 0.312818
0.624122 0.210324
0.980481 0.00980777
0.629188 0.206865
0.54313 0.263525
0.0440433 0.793087
0.330803 0.429292
0.0465702 0.785631
0.441366 0.336808
0.349647 0.409626
0.0189571 0.863411
0.146362 0.618935
0.170914 0.586656
0.517122 0.281066
0.288272 0.463525
0.863682 0.070774
0.434942 0.341867
0.636633 0.203344
0.0351853 0.814897
0.605941 0.223083
0.0794089 0.720179
0.694502 0.168886
0.508483 0.288411
0.0373891 0.808396
0.529187 0.273146
0.640572 0.200129
0.819001 0.095163
0.0037673 0.939232
0.113649 0.66316
0.0209656 0.855947
0.728526 0.148979
0.209065 0.545242
0.454813 0.32738
0.230414 0.523003
0.0015823 0.960233
0.669243 0.183383
0.919543 0.0420945
0.225482 0.526046
0.911893 0.0452723
0.00098308 0.96865
0.314615 0.44051
0.824551 0.0919944
0.800194 0.107769
0.0704596 0.734606
0.897164 0.0532703
0.333103 0.423108
0.974727 0.0142414
0.000115237 0.989685
0.0633685 0.749154
0.212829 0.539091
0.272614 0.480827
0.421391 0.352741
0.893634 0.0570157
0.199968 0.553672
0.397932 0.36932
0.467903 0.315981
0.337805 0.419594
0.767337 0.125219
0.958178 0.0221659
0.124568 0.649613
0.0229811 0.850171
0.813814 0.0985886
0.134725 0.636416
0.569212 0.246082
0.137564 0.630897
0.513428 0.284203
0.446095 0.334188
0.390453 0.375587
0.0976905 0.687655
0.177457 0.583663
0.249407 0.501637
0.674535 0.179527
0.00675613 0.91851
0.119745 0.658989
0.721323 0.151094
0.133889 0.643471
0.829818 0.0891284
0.000567059 0.976188
0.716377 0.154369
0.451152 0.330612
0.126692 0.644061
0.4609 0.323217
0.00547599 0.926162
0.0249862 0.843627
0.0973551 0.696626
0.00945383 0.906844
0.0031576 0.947535
0.0263627 0.838236
0.805401 0.103979
0.851552 0.0772042
0.90358 0.0502544
0.413851 0.356981
0.0565798 0.762492
0.484169 0.304402
0.930599 0.0383841
0.952078 0.024729
0.748608 0.135358
0.00511679 0.93219
0.923082 0.0394416
0.582761 0.239146
0.179286 0.579211
0.0763667 0.726515
0.752812 0.133347
0.257707 0.496649
0.279653 0.47754
0.933519 0.0349278
0.938972 0.0322172
0.384674 0.38053
0.1914 0.563188
0.00825148 0.913184
0.611955 0.218167
0.550536 0.260237
0.00252717 0.953108
0.463325 0.32043
0.122835 0.656611
0.759526 0.129594
0.222437 0.532026
0.970972 0.0169969
0.189106 0.567624
0.182086 0.573554
0.847347 0.0813756
0.0735105 0.728962
0.000429025 0.983743
0.713204 0.158527
0.808548 0.101015
0.787307 0.114289
0.563369 0.249476
0.393634 0.373635
0.66551 0.187538
0.0661602 0.743014
0.104906 0.682135
0.573789 0.243656
0.344769 0.415488
0.0612061 0.754739
0.835022 0.0867887
0.646561 0.195919
0.577288 0.240565
0.324557 0.433506
0.261758 0.488377
0.233702 0.517154
0.361262 0.402051
0.284148 0.469059
0.367132 0.394887
0.252065 0.498116
0.305651 0.44909
0.0407972 0.798904
0.14286 0.623148
0.503026 0.29138
0.5619 0.25252
0.141597 0.627267
0.0103178 0.900123
0.363762 0.397892
0.427024 0.346828
0.186716 0.572574
0.0406557 0.802801
0.430674 0.344236
0.101325 0.684748
0.089957 0.700124
0.0677657 0.739928
0.301238 0.454556
0.353661 0.405633
0.0605032 0.759823
0.661164 0.188971
0.793973 0.109266
0.260463 0.491859
0.403995 0.367408
0.943991 0.0308664
0.266223 0.484171
0.838918 0.0847184
0.5 0.292975
0.586159 0.234678
0.859249 0.0731042
0.495929 0.296298
0.857566 0.0765551
0.843231 0.0829496
0.320032 0.436567
0.793092 0.112997
0.218186 0.537695
0.424719 0.351238
0.0122953 0.892597
0.310527 0.443922
0.782043 0.115707
0.293017 0.459726
0.357566 0.405036
0.342782 0.416322
0.744304 0.139625
0.556969 0.256123
0.371357 0.392192
0.608523 0.220252
0.59238 0.230829
0.0918477 0.697091
0.546174 0.262064
0.770034 0.123656
0.493057 0.297859
0.294637 0.457776
0.779312 0.117648
0.556664 0.258265
0.657019 0.19141
0.757996 0.130072
0.197417 0.559115
0.886264 0.0589752
0.962859 0.0190677
0.204573 0.549675
0.649848 0.195911
0.964672 0.0182859
0.196693 0.560835
0.88553 0.0593368
0.308134 0.445404
0.405161 0.364289
0.218802 0.533517
0.302738 0.453277
0.267953 0.482458
0.741943 0.13968
0.0110079 0.895352
0.691573 0.169466
0.774986 0.1222
0.726769 0.149045
