43845 80.008
1 0
0 1
0.837896 0.0881912
0.367418 0.394701
0.121509 0.652694
0.508356 0.289325
0.514137 0.283633
0.554276 0.255864
0.0155617 0.875823
0.927479 0.0380865
0.134007 0.634784
0.932912 0.0349912
0.3491 0.409641
0.0131652 0.888676
0.636218 0.203587
0.0870956 0.705625
0.82497 0.0927325
0.360729 0.403926
0.986469 0.00757803
0.309033 0.444277
0.991993 0.00462756
0.302622 0.449942
0.116193 0.661267
0.595432 0.230593
0.129362 0.643922
0.968019 0.017619
0.194985 0.55882
0.00796681 0.911671
0.719929 0.151815
0.978053 0.0120009
0.959671 0.0205332
0.402157 0.371096
0.329923 0.429814
0.684382 0.172953
0.893193 0.0549926
0.428817 0.345894
0.546128 0.262017
0.5 0.292911
0.219296 0.534309
0.771009 0.122368
0.390995 0.37525
0.00374457 0.939279
0.148628 0.616215
0.60083 0.225304
0.187794 0.568204
0.530585 0.273236
0.758652 0.133069
0.941644 0.0301322
0.882612 0.0613262
0.902157 0.052369
0.764513 0.125835
0.748213 0.136153
0.200565 0.552506
0.492089 0.298623
0.166696 0.592322
0.786287 0.113316
0.665333 0.187048
0.954492 0.0237888
0.622098 0.213423
0.222755 0.528663
0.692107 0.169992
0.811453 0.0993688
0.521125 0.278684
0.00109128 0.968262
0.14358 0.622042
0.0910678 0.698437
0.0839504 0.713103
0.275253 0.47842
0.678998 0.176312
0.0229774 0.848745
0.357126 0.405888
0.446315 0.332668
0.332717 0.42479
0.155061 0.606421
0.163032 0.597542
0.00057008 0.976726
0.279733 0.474329
0.0779708 0.72235
0.476504 0.31174
0.88942 0.0589585
0.569149 0.245978
0.560654 0.253656
0.343484 0.414306
0.917698 0.0424271
0.877727 0.0656711
0.158939 0.601685
0.728399 0.148717
0.240531 0.510711
0.226702 0.523868
0.00705311 0.921928
0.125983 0.646799
0.191001 0.562965
0.588885 0.233947
0.57436 0.242157
0.441596 0.335696
0.420316 0.353162
0.0665808 0.742272
0.321452 0.433131
0.470382 0.314586
0.152272 0.612173
0.565035 0.249732
0.53537 0.26863
0.181025 0.576193
0.580753 0.241114
0.244544 0.506271
0.906122 0.0496083
0.912224 0.0464228
0.00176119 0.960177
0.819245 0.0957132
0.283007 0.469133
0.112589 0.664534
0.269624 0.481708
0.46474 0.320278
0.859687 0.0743441
0.0700069 0.737388
0.424808 0.349841
0.0366527 0.81191
0.103344 0.678654
0.671367 0.182567
0.644198 0.199468
0.973808 0.0146318
0.778331 0.120713
0.0744245 0.727461
0.451475 0.328322
0.137521 0.6296
0.17633 0.582986
0.651659 0.194837
0.707624 0.160036
0.841256 0.0828398
0.78129 0.117077
0.584666 0.236344
0.038553 0.80456
0.0807268 0.716772
0.00567124 0.928826
0.0543371 0.771944
0.375081 0.393637
0.631036 0.208264
0.0117656 0.894041
0.485654 0.303823
0.171367 0.587856
0.109912 0.670892
0.524437 0.276185
0.184382 0.574885
0.0431677 0.794563
0.337446 0.420104
0.231489 0.520708
0.0405761 0.800558
0.659478 0.188629
0.614243 0.21787
0.0571705 0.761167
0.248213 0.502323
0.947785 0.0265166
0.0733614 0.733284
0.435349 0.341225
0.106807 0.673661
0.0339785 0.81573
0.252288 0.499591
0.799608 0.110197
0.845587 0.0805034
0.0172171 0.870073
0.655132 0.191347
0.38209 0.382163
0.0211062 0.855148
0.40726 0.362715
0.100601 0.683178
0.674642 0.18067
0.481435 0.308706
0.00233382 0.95353
0.0989346 0.688142
0.497021 0.297082
0.140336 0.625606
0.0556333 0.765431
0.213361 0.538306
0.402364 0.366949
0.3139 0.439989
0.45802 0.325303
0.852113 0.0795521
0.287549 0.466226
0.70323 0.162927
0.00937234 0.904293
0.0327628 0.822335
0.760751 0.130253
0.019213 0.865382
0.0306413 0.825511
0.741802 0.140237
0.0600023 0.75537
3.46024e-05 0.994548
0.854567 0.0761064
0.0102618 0.900767
0.864791 0.0705221
0.53968 0.266177
0.714632 0.154831
0.238627 0.51709
0.0494859 0.784422
0.386207 0.379777
0.69783 0.168565
0.714589 0.158894
0.808507 0.102811
0.0201813 0.859949
0.646267 0.197959
0.379314 0.386887
0.339979 0.417396
0.208894 0.543636
0.437129 0.339872
0.0282935 0.834409
0.0976263 0.693868
0.204003 0.549728
0.416061 0.357483
0.731489 0.146603
0.260323 0.490709
0.0257037 0.842303
0.264682 0.486369
0.466051 0.317521
0.871574 0.0671451
0.290293 0.463047
0.0287167 0.831336
0.409732 0.360406
0.60601 0.222616
0.095432 0.696321
0.700581 0.166206
0.000257673 0.984543
0.376755 0.388882
0.208095 0.548475
0.294802 0.462202
0.609031 0.222364
0.237547 0.520073
0.0516763 0.776651
0.0443546 0.789668
0.543152 0.26388
0.746201 0.138746
0.0261561 0.840527
0.737547 0.142996
0.802622 0.106069
0.0456883 0.786359
0.298451 0.454545
0.000189879 0.987371
0.319245 0.435377
0.0641626 0.747847
0.0500109 0.778369
0.316824 0.43859
0.255871 0.495766
0.173461 0.584126
0.212535 0.541128
0.297062 0.458888
0.946192 0.0298449
0.612696 0.218481
0.734826 0.143736
0.0616479 0.752813
0.266617 0.485646
0.917644 0.0451184
