107391 70.0022
2.81163e-07 1.25231
0.573688 0.383936
0.194421 0.716966
0.0622141 0.951498
0.0622089 0.955006
0.490768 0.451165
0.490762 0.455141
0.460487 0.460011
0.14625 0.778852
2.25587e-06 1.16635
0.727397 0.264513
0.372782 0.535578
0.0786606 0.933657
5.45356e-10 1.58845
0.133851 0.847419
0.99835 0.102244
0.0662682 0.942284
0.250846 0.640392
0.0662615 0.94335
0.168106 0.728539
0.543606 0.387977
0.628493 0.31392
0.867553 0.191233
0.946166 0.130575
0.946164 0.138783
0.011366 1.12932
0.0890493 0.86454
1.28561e-06 1.19636
7.96902e-07 1.20934
2.06429e-06 1.18122
0.543598 0.391369
0.204181 0.70511
0.165319 0.74774
0.011374 1.07715
0.0113738 1.11412
0.144594 0.822883
0.0113716 1.12336
0.144566 0.830799
0.145069 0.785472
0.0829854 0.874144
0.0113617 1.13483
0.527355 0.398695
0.748866 0.253247
0.755052 0.248288
2.1029e-06 1.17806
4.19264e-07 1.22956
0.694162 0.273262
0.388504 0.497512
0.671958 0.310579
0.0419417 0.964615
0.698428 0.269058
0.0352522 0.990717
0.0352542 0.976977
0.493067 0.422116
3.03875e-09 1.28584
0.0829521 0.903488
0.296665 0.583782
0.163563 0.756982
0.29666 0.588002
0.755211 0.23192
0.0829563 0.879333
0.26925 0.614465
0.269244 0.622832
0.424392 0.462429
0.974544 0.104499
1.87107e-07 1.28031
0.0829562 0.899547
0.296659 0.603381
0.493063 0.435464
0.755197 0.234738
0.582015 0.349409
0.329646 0.53851
0.974546 0.103989
0.233863 0.642478
0.671962 0.303496
0.021554 1.01216
0.875928 0.159472
0.903461 0.151707
0.903455 0.157056
0.582013 0.382715
0.771228 0.213817
0.903456 0.156328
0.493063 0.439743
0.771223 0.214834
1.3761e-06 1.18595
0.582025 0.328192
0.582014 0.361006
