517981 500.027
0.041135 0.887691
0.0403869 0.890139
0.0403779 0.890695
0.168242 0.670076
0.866814 0.119872
0.866813 0.129285
0.0121285 0.98414
0.0121323 0.983669
0.245057 0.573344
0.738736 0.191923
0.403737 0.427362
0.461691 0.38573
1.80242e-10 1.46803
0.746558 0.19032
0.340767 0.484387
0.750177 0.186768
0.340769 0.479218
0.933711 0.0834812
0.340764 0.485518
0.199182 0.626687
0.743423 0.191352
4.15668e-08 1.09244
0.13278 0.712182
0.158774 0.674992
0.301561 0.520716
0.392216 0.437706
0.0640209 0.828319
0.196739 0.631233
0.392205 0.440664
0.0106608 0.985984
0.181084 0.651728
0.196716 0.631633
0.544387 0.323233
0.263897 0.557798
0.0460361 0.872314
0.196702 0.632907
0.0460376 0.871335
0.988894 0.0554684
0.46897 0.380181
0.169268 0.664943
0.244323 0.582648
0.125632 0.720987
0.125614 0.724931
0.649287 0.254639
0.169263 0.665248
0.723131 0.205736
0.00662163 1.02075
0.00661596 1.02237
0.991981 0.0532581
0.360047 0.469744
0.649273 0.256757
0.0506529 0.858916
0.171731 0.663746
0.000608228 1.07392
0.000608467 1.0701
3.9157e-10 1.19028
0.178468 0.654359
0.0506527 0.862563
0.125615 0.721126
0.676413 0.233752
1.60984e-08 1.09416
0.545321 0.319107
0.0175162 0.966553
0.0970589 0.764621
0.725956 0.201498
0.463509 0.382225
0.0506202 0.868553
0.0506281 0.867666
0.545318 0.320478
0.0556799 0.843478
0.00228622 1.04148
0.206709 0.617364
0.00211491 1.05016
0.00193806 1.05154
0.416526 0.417828
0.140801 0.699419
0.349617 0.471308
0.699293 0.218282
0.561877 0.304977
0.227163 0.586118
0.100359 0.753916
0.10034 0.755259
0.838956 0.130984
0.183876 0.638269
0.342521 0.477455
0.112071 0.736213
0.551706 0.310515
0.838962 0.130762
0.838953 0.132257
0.112033 0.736255
0.769467 0.172809
0.346202 0.472206
0.183872 0.640442
0.183862 0.640471
0.528648 0.325971
0.325676 0.489456
0.779531 0.166112
0.566149 0.304532
0.279102 0.531935
0.251031 0.565969
0.00796826 0.990007
0.00797529 0.989957
0.00797781 0.989955
0.0285558 0.906577
0.00796673 0.990038
0.944021 0.073033
0.110267 0.736959
0.0914563 0.7678
0.944012 0.0749433
0.73021 0.193952
0.517821 0.333797
0.0285574 0.901577
0.304868 0.510839
0.948084 0.0693727
0.652099 0.243617
0.150105 0.677254
0.0285589 0.899444
0.11627 0.73072
0.978789 0.0578223
0.600336 0.278629
0.0285563 0.902601
0.441733 0.389759
0.600344 0.276317
0.366923 0.452859
0.150099 0.677977
0.878373 0.10919
0.150095 0.681591
0.304841 0.516797
0.566983 0.298899
0.656413 0.237953
0.401278 0.434712
0.0276467 0.907727
0.566977 0.300766
3.85855e-07 1.08223
0.909388 0.0894067
0.304816 0.518023
0.112372 0.732034
0.896737 0.0970981
3.2961e-06 1.07791
0.517788 0.339839
0.0276318 0.914159
0.577222 0.293481
0.0901898 0.770599
0.577231 0.290986
0.27134 0.539068
0.755266 0.175193
0.755253 0.181492
0.271331 0.54003
0.498374 0.351998
0.889304 0.100454
6.1047e-06 1.07549
0.939029 0.081134
0.57721 0.295606
0.369496 0.446178
0.810963 0.142796
0.196806 0.629221
0.425594 0.409008
0.548236 0.318763
0.40385 0.422592
2.69566e-09 1.09451
0.89825 0.0934356
0.36948 0.44991
0.488645 0.364839
0.36947 0.452259
0.548242 0.31528
0.488649 0.362804
0.898239 0.0953129
0.0782435 0.792044
0.493334 0.3596
0.0849611 0.788785
0.57552 0.296524
0.310741 0.500311
0.622908 0.259515
0.445845 0.386426
0.0782457 0.789678
0.474512 0.366285
0.874353 0.113635
0.677903 0.224638
0.271895 0.537471
0.807547 0.145396
0.701728 0.209123
0.310729 0.503038
0.0782113 0.796787
0.70172 0.2139
0.701724 0.209255
0.79979 0.152871
0.0659624 0.810477
0.0189809 0.957915
0.493342 0.357903
0.2684 0.541241
0.6779 0.227486
5.30204e-06 1.07714
0.185111 0.633941
0.752068 0.186313
0.548245 0.313139
0.959952 0.061978
0.0189671 0.960943
0.799796 0.149063
0.209247 0.605142
0.209247 0.60301
0.0189851 0.934279
0.959944 0.0636911
0.62292 0.258106
0.307386 0.50742
0.438298 0.396732
0.622882 0.265579
0.105392 0.751579
0.285888 0.522505
0.82315 0.136865
0.21824 0.594858
0.0240561 0.918332
0.701729 0.207884
1.24932e-06 1.0789
0.959944 0.0652761
0.105393 0.742129
0.786587 0.158008
0.428185 0.398137
0.18398 0.634619
