150117 500.088
0.999977 0.0039462
2.08383e-09 1.03645
9.46194e-08 1.0144
0.969771 0.0230376
0.957941 0.0274162
0.129544 0.650674
0.123455 0.66031
0.995323 0.00862884
0.610861 0.224947
0.605415 0.230067
0.0365806 0.820015
0.833133 0.0935356
0.0705457 0.745126
0.148584 0.625587
0.922209 0.0451577
0.447239 0.338681
0.758781 0.137091
0.752191 0.139944
0.915621 0.0490845
0.00188937 0.966749
0.524204 0.284004
0.649601 0.200454
0.0333726 0.829408
0.143924 0.630023
0.462561 0.327958
0.930264 0.0435534
0.696957 0.172795
0.0110442 0.9077
0.0013856 0.976217
0.589232 0.241037
0.323629 0.440827
0.18636 0.575422
0.708005 0.166119
0.15414 0.619675
0.227606 0.531307
0.628719 0.215492
0.139734 0.636081
0.0672421 0.75235
0.352504 0.413281
0.00321899 0.958201
0.412612 0.366306
0.744882 0.142698
0.453197 0.334634
0.841528 0.0913576
0.809618 0.111304
0.777898 0.123532
0.0969768 0.700309
0.0743685 0.73868
0.712952 0.161701
0.218043 0.543272
0.689045 0.175558
0.46884 0.323004
0.763547 0.13149
0.233839 0.524928
0.700865 0.168286
0.517179 0.28747
0.367975 0.402997
0.328629 0.434929
0.436012 0.348578
0.113422 0.670337
0.3576 0.40954
0.136493 0.641233
0.0273004 0.849769
0.00114817 0.985226
0.529837 0.280642
0.202318 0.55985
0.681171 0.182781
0.183796 0.582284
0.888649 0.0653218
0.578654 0.247293
0.19773 0.562252
0.094079 0.706421
0.89816 0.061284
0.505143 0.297341
0.381849 0.391146
0.620634 0.217835
0.0130817 0.900497
0.206256 0.553359
0.908859 0.0513273
0.363286 0.406504
0.617611 0.221387
0.416995 0.362517
0.583474 0.245186
0.572263 0.251136
0.876879 0.072023
0.486024 0.313807
0.0548507 0.775948
0.110388 0.6787
0.0531796 0.782593
0.821901 0.0988649
0.826144 0.0965091
0.429551 0.352299
0.817599 0.104687
0.087459 0.71542
0.2933 0.466479
0.241515 0.518814
0.102179 0.690787
0.254838 0.503863
0.0467667 0.791927
0.784649 0.12187
0.935656 0.0395115
0.340597 0.424846
0.422289 0.359095
0.0597645 0.765948
0.659577 0.194552
0.132014 0.645983
0.375739 0.395005
0.282934 0.475524
0.458496 0.331891
0.163158 0.603111
0.500152 0.301676
0.988121 0.0137038
0.0242693 0.856256
0.845786 0.0881971
0.656258 0.197582
0.169824 0.597018
0.718908 0.159172
0.019353 0.873703
0.735379 0.148857
0.857293 0.079903
0.372991 0.398524
0.741563 0.147477
0.0502072 0.788173
0.348524 0.418938
0.0207592 0.866721
0.730198 0.151808
0.97835 0.0162789
0.0892131 0.709776
0.30119 0.459265
0.472287 0.319861
0.559089 0.258746
0.000927538 0.993489
0.266733 0.496356
0.221123 0.536348
0.249992 0.508494
0.00368719 0.949883
0.87096 0.0734507
0.974429 0.0191538
0.555214 0.263581
0.542248 0.272097
0.335646 0.428483
0.00932719 0.915889
0.214326 0.547497
0.0787849 0.729385
0.299324 0.462805
0.685668 0.179292
0.0142168 0.893641
0.406939 0.370726
0.194465 0.569253
0.771246 0.126338
0.54796 0.270655
0.882537 0.0682972
0.0594537 0.772019
0.10835 0.68607
0.174443 0.592397
0.000351911 1.00013
0.509381 0.293743
0.94567 0.0355558
0.100983 0.69525
0.811769 0.105322
0.635455 0.209897
0.90604 0.0564542
6.68923e-05 1.00758
0.00441942 0.943787
0.399101 0.376774
0.80018 0.111693
0.550968 0.265974
0.192929 0.572552
0.0285398 0.842842
0.563017 0.255839
0.267629 0.4907
0.00660039 0.932335
0.599283 0.234083
0.51274 0.290208
0.940498 0.0374302
0.42812 0.357354
0.851966 0.0859274
0.567236 0.252657
0.210139 0.550618
0.179998 0.586502
0.404439 0.373134
0.34472 0.42119
0.0229792 0.861523
0.641878 0.206055
0.237044 0.522943
0.120057 0.66345
0.44186 0.343383
0.0772963 0.733851
0.116955 0.66755
0.00776337 0.925094
0.00601589 0.937659
0.333917 0.433503
0.385519 0.387683
0.791761 0.115883
0.644771 0.205455
0.0849798 0.722241
0.307301 0.455223
0.082601 0.723948
0.491655 0.306353
0.949629 0.0319544
0.495946 0.304138
0.315279 0.448522
0.594626 0.237462
0.791229 0.120582
0.487197 0.30863
0.0628597 0.758905
0.278088 0.482482
0.318465 0.443648
0.534381 0.276802
0.954202 0.0308716
0.770519 0.131083
0.160413 0.61037
0.245548 0.514907
0.0156329 0.887794
0.16647 0.600283
0.798104 0.11402
0.536777 0.274681
0.289043 0.473313
0.157462 0.615736
0.986425 0.0156987
0.260746 0.499301
0.633714 0.212451
0.864326 0.0770741
0.675209 0.186171
0.388795 0.384646
0.0175172 0.879446
0.0314828 0.834425
0.0384315 0.813588
0.0412555 0.807815
0.279266 0.479652
0.667301 0.192366
0.0458591 0.800424
0.309084 0.452356
0.224943 0.534719
0.17788 0.590322
0.727045 0.156098
0.854972 0.0834263
0.724767 0.157816
0.0308249 0.838887
0.440181 0.345333
0.290664 0.470686
0.273913 0.487304
0.477779 0.315977
0.0646988 0.757861
0.246788 0.511216
0.00833216 0.920419
0.259824 0.501877
0.866043 0.0764565
0.392506 0.382542
0.0167183 0.883189
