140254 300.029
0.999928 0.0040657
8.65418e-08 1.01774
0.388174 0.384203
0.632967 0.211225
0.224194 0.534913
0.64554 0.206321
0.232078 0.528147
0.107852 0.684606
0.786037 0.118498
0.778106 0.124573
0.112997 0.676402
0.021168 0.863461
0.0565722 0.776221
0.994329 0.00861504
0.985919 0.0118751
0.974372 0.0199663
0.0204748 0.874972
0.0513642 0.783714
0.683683 0.18034
0.582098 0.24474
0.0761091 0.732717
0.547705 0.266413
0.618212 0.221809
0.420878 0.358239
0.0272689 0.850162
0.610863 0.224689
0.397882 0.377393
0.894939 0.0591614
0.406542 0.372553
0.800277 0.112605
0.526633 0.280883
0.908217 0.0538915
0.0615109 0.763835
0.980724 0.0166796
0.380642 0.390807
0.204104 0.560881
0.913145 0.0492514
0.508664 0.294107
0.352984 0.413496
0.0240388 0.85629
2.88252e-05 1.00744
0.0817555 0.726666
0.666627 0.189528
0.426944 0.353728
0.4122 0.368188
0.920456 0.046647
0.956171 0.0286032
0.0656085 0.756257
0.817227 0.103269
0.875014 0.0702381
0.123156 0.660174
0.255291 0.502633
0.728056 0.154002
0.848739 0.0857236
0.166688 0.601645
0.415633 0.36262
0.900849 0.0566592
0.0941176 0.703116
0.328809 0.432871
0.0840129 0.721347
0.949902 0.0316413
0.126751 0.654781
0.198074 0.563916
0.661341 0.193276
0.589403 0.239087
0.605447 0.22914
0.458354 0.330603
0.443093 0.342272
0.335631 0.427644
0.520725 0.28704
0.869201 0.0743709
0.142395 0.633208
0.655269 0.196362
0.932005 0.0414676
0.169482 0.595463
0.463708 0.326777
0.756214 0.136513
0.541498 0.269948
0.089486 0.712275
0.966773 0.0239395
0.0581744 0.76853
0.472975 0.321
0.806989 0.10949
0.863181 0.0762295
0.138584 0.638291
0.0451277 0.802554
0.00926563 0.916019
0.116982 0.663726
0.244638 0.515476
0.102307 0.688684
0.218523 0.539154
0.501814 0.299586
0.357954 0.409991
0.0453959 0.794121
0.926877 0.044107
0.00678424 0.932292
0.694869 0.174918
0.238963 0.520501
0.687755 0.176149
0.572527 0.251536
0.152534 0.619082
0.115789 0.669797
0.824163 0.10058
0.266234 0.493202
0.81121 0.10642
0.00539521 0.9401
0.743721 0.145455
0.5775 0.248013
0.431775 0.350046
0.206958 0.55321
0.77468 0.129857
0.0137541 0.896467
0.0494241 0.790008
0.699663 0.171377
0.674607 0.183824
0.55512 0.263301
0.000140163 0.998464
0.146057 0.627914
0.624783 0.218359
0.361857 0.405565
0.161973 0.606621
0.880326 0.0667683
0.0350607 0.822581
0.1556 0.613756
0.307034 0.45557
0.374607 0.397072
0.84284 0.088291
0.0737973 0.739168
0.566302 0.26039
0.346919 0.418301
0.320199 0.443268
0.737254 0.148732
0.183958 0.580247
0.537404 0.273456
0.626671 0.214281
0.962545 0.0254221
0.149752 0.624551
0.311208 0.452136
0.888447 0.0642997
0.0373362 0.818026
0.250912 0.508298
0.469105 0.323813
0.567511 0.254641
0.0288384 0.840833
0.0107118 0.906833
0.0411524 0.806919
0.768966 0.131777
0.0396974 0.812066
0.173278 0.590518
0.18018 0.585359
0.854759 0.0815541
0.720409 0.156219
0.0174947 0.88113
0.751032 0.140414
0.303858 0.460416
0.23679 0.524327
0.0870672 0.713444
0.733727 0.150886
0.273414 0.486433
0.129342 0.64795
0.717775 0.15851
0.299724 0.462818
0.601511 0.233473
0.558281 0.260946
0.478604 0.316064
0.134615 0.642462
0.268315 0.486811
0.000408937 0.991675
0.937594 0.0371511
0.830695 0.0945779
0.068337 0.751761
0.943254 0.0340663
0.278575 0.482667
0.499713 0.301996
0.858043 0.0802179
0.674279 0.187118
0.484636 0.310213
0.369748 0.400972
0.453146 0.3343
0.399869 0.375843
0.160238 0.611142
0.0119065 0.903546
0.448495 0.338434
0.513192 0.291594
0.0149037 0.890123
0.217827 0.545437
0.652084 0.201716
0.294793 0.465535
0.213385 0.547224
0.828101 0.0975786
0.3235 0.438636
0.597516 0.235365
0.366961 0.403084
0.0306908 0.838468
0.0978066 0.702012
0.209986 0.550363
0.187651 0.577383
0.288746 0.469947
0.00443189 0.946484
0.74919 0.144287
0.00331632 0.950454
0.37868 0.394297
0.00770911 0.925599
0.260753 0.499427
0.28008 0.47926
0.517888 0.290026
0.190186 0.57406
0.176478 0.587609
0.494646 0.306192
0.704508 0.166184
0.0334473 0.830012
0.481746 0.315656
0.593414 0.237867
0.194645 0.569688
0.262601 0.4977
0.710421 0.162287
0.346085 0.422112
0.0169354 0.886295
0.00307199 0.957534
0.836537 0.0921572
0.0712004 0.743413
0.489519 0.309742
0.794055 0.116397
0.437679 0.345667
0.00202214 0.967029
0.0321683 0.831647
0.069615 0.746375
0.648353 0.202537
0.711697 0.161704
0.00871442 0.921901
0.327086 0.437634
0.000845079 0.985139
0.284356 0.476188
0.132366 0.64614
0.8869 0.0662664
0.28727 0.475713
0.00194564 0.971981
0.532841 0.2767
0.0992347 0.695767
0.0028736 0.9616
0.292284 0.468333
0.531772 0.278343
0.436327 0.346757
0.761478 0.133455
0.315707 0.449041
0.316055 0.446697
0.00122208 0.976903
0.839439 0.091976
0.79304 0.116674
0.102032 0.695712
