235912 500.063
0.999812 0.00419497
7.85673e-08 1.02893
0.666522 0.190123
0.992646 0.0113744
0.692363 0.175249
0.704228 0.170108
0.930071 0.0409435
0.658418 0.19592
1.1909e-07 1.01479
0.882113 0.0660931
0.187467 0.57873
0.842536 0.0874265
0.192926 0.569899
0.686952 0.179506
0.809511 0.107119
0.238004 0.51984
0.00961612 0.911521
0.786379 0.118969
0.646024 0.20271
0.0785769 0.731176
0.941326 0.0366584
0.833825 0.0911255
0.000229589 0.994548
0.762004 0.134916
0.865803 0.0771675
0.000166618 1.00467
0.000792213 0.984763
0.130801 0.648869
0.125685 0.653919
0.0632116 0.759425
0.436787 0.347155
0.441945 0.342801
0.823681 0.0993569
0.800147 0.111171
0.890931 0.0611447
0.416699 0.364493
0.65117 0.199171
0.594764 0.234266
0.674848 0.184539
0.754238 0.137317
0.767236 0.13013
0.0229177 0.863745
0.870711 0.0725846
0.829406 0.0946754
0.211117 0.554356
0.740717 0.14532
0.12317 0.661253
0.00530548 0.937692
0.0737968 0.738976
0.569577 0.252211
0.878512 0.0712481
0.026151 0.8543
0.0302105 0.843035
0.638711 0.207519
0.148058 0.625747
0.48576 0.30965
0.166631 0.599434
0.105993 0.685926
0.39008 0.384425
0.779841 0.122213
0.308546 0.451276
0.851603 0.0869692
0.183615 0.583053
0.153208 0.620829
0.137623 0.638776
0.477172 0.318106
0.678182 0.182878
0.0536071 0.782018
0.398319 0.377616
0.950566 0.0320252
0.402931 0.37334
0.480909 0.3129
0.384496 0.389717
0.0314686 0.836294
0.10031 0.695391
0.47144 0.320656
0.171111 0.59565
0.134985 0.643223
0.95552 0.0288365
0.00279824 0.957303
0.297861 0.466852
0.0951384 0.701735
0.0173115 0.881641
0.110298 0.682147
0.176627 0.585271
0.707505 0.164132
0.504947 0.2983
0.622833 0.216655
0.857335 0.079363
0.243523 0.514536
0.0570552 0.776254
0.00242724 0.964285
0.0597378 0.766666
0.7271 0.152931
0.0088312 0.918479
0.430947 0.351696
0.255717 0.502849
0.175642 0.591582
0.606641 0.225524
0.142613 0.633553
0.300764 0.461767
0.348761 0.416941
0.461329 0.33034
0.974434 0.0209297
0.512417 0.291011
0.795754 0.117329
0.961615 0.026314
0.578335 0.246073
0.490784 0.305052
0.027059 0.849865
0.427788 0.354012
0.044144 0.805277
0.234478 0.526778
0.584022 0.242663
0.1022 0.691738
0.549132 0.264855
0.271162 0.490228
0.393281 0.380859
0.353599 0.413535
0.575953 0.24988
0.201495 0.559254
0.447265 0.337827
0.536114 0.275152
0.227643 0.537336
0.543311 0.26911
0.113733 0.677119
0.0681347 0.75509
0.206167 0.558479
0.408542 0.367779
0.916109 0.04838
0.0492062 0.791056
0.119789 0.666312
0.518287 0.287434
0.00729235 0.930777
0.602411 0.232455
0.358327 0.411605
0.0130476 0.901524
0.563906 0.255836
0.903879 0.0553756
0.978924 0.0164657
0.345381 0.420969
0.943762 0.0341651
0.497113 0.300078
0.982368 0.0135011
0.313864 0.446794
0.286098 0.473336
0.819204 0.104232
0.614369 0.223929
0.274608 0.484653
0.033017 0.828665
0.455632 0.331941
0.00772219 0.925669
0.213034 0.546897
0.422554 0.358519
0.924091 0.0446599
0.0499537 0.786385
0.528361 0.280703
0.532837 0.27802
0.854145 0.0815924
0.635302 0.209714
0.541363 0.271763
0.145416 0.630833
0.00153546 0.975514
0.589285 0.238333
0.899461 0.05811
0.748918 0.144337
0.0376347 0.818983
0.909799 0.0545099
0.772678 0.126813
0.816247 0.105718
0.229916 0.532467
0.00498888 0.949875
0.0691938 0.750777
0.725004 0.157717
0.0166418 0.889105
0.913329 0.0520678
0.156985 0.61732
0.00500017 0.946796
0.750174 0.141983
0.319205 0.44217
0.371743 0.398093
0.73526 0.148901
0.735169 0.152033
0.253214 0.507506
0.0571505 0.769373
0.719776 0.158101
0.0190667 0.874847
0.00171631 0.972366
0.524502 0.283016
0.712476 0.161982
0.361375 0.407067
0.422134 0.36201
0.292194 0.469942
0.282345 0.476911
0.965748 0.02383
0.775798 0.125923
0.628919 0.214843
0.0812568 0.725662
0.921545 0.0458534
0.324355 0.435834
0.260665 0.499103
0.560153 0.256767
0.247416 0.513196
0.968119 0.0210356
0.895764 0.0601481
0.0938921 0.705747
0.630423 0.212497
0.160142 0.611624
0.467242 0.325108
0.249335 0.508676
0.0401892 0.812226
0.557778 0.261383
0.323963 0.440602
0.198862 0.566075
0.618304 0.220379
0.021142 0.868141
0.0887892 0.718312
0.333713 0.42888
0.0851927 0.718968
0.0906725 0.713118
0.716727 0.161482
0.33752 0.427133
0.407095 0.369319
0.46504 0.325735
0.606283 0.23161
0.27726 0.482562
0.0472564 0.798253
0.381282 0.392664
0.115423 0.672558
0.165317 0.607663
0.070862 0.745161
0.280571 0.479633
0.0145325 0.892797
0.521497 0.285807
0.328982 0.433867
0.0352862 0.826297
0.0841734 0.724992
0.117253 0.669785
0.364508 0.405859
0.0913265 0.709548
0.305961 0.456465
0.796809 0.114077
0.303647 0.456916
0.366741 0.40185
0.265349 0.494386
0.376748 0.395525
0.231987 0.529
0.0136321 0.901303
0.0461491 0.799033
0.217114 0.54226
