144810 490.092
0.999724 0.00349667
6.66295e-08 1.01482
0.216325 0.543676
0.335681 0.428985
0.344294 0.419549
0.22888 0.53194
0.157762 0.61108
0.166772 0.601395
0.114494 0.670444
0.682533 0.179846
0.538514 0.272746
0.180978 0.583504
0.368833 0.402132
0.0936333 0.704726
0.768624 0.129756
0.121352 0.661222
0.960811 0.0245802
0.970315 0.0208786
0.1477 0.626309
0.779532 0.126804
0.674825 0.185727
0.809838 0.105687
0.800951 0.110602
0.174633 0.59139
0.110549 0.676593
0.892524 0.0616857
0.617496 0.222817
0.650378 0.201347
0.910041 0.0514723
0.545685 0.267667
0.0882025 0.712759
0.690759 0.175842
0.329079 0.435625
0.642591 0.205585
0.530694 0.277656
0.132356 0.645893
0.0975857 0.698419
0.320638 0.442048
0.10065 0.691628
0.140138 0.636078
0.37685 0.395572
0.0117691 0.90237
0.740825 0.144896
0.0139065 0.893409
0.455878 0.332676
0.278982 0.479585
0.189892 0.574342
0.0440523 0.802185
0.637355 0.209259
0.733898 0.149383
0.883609 0.0647029
0.763243 0.133948
0.520788 0.285008
0.460825 0.328249
0.953839 0.0275193
0.827983 0.0986309
0.51521 0.2889
0.186024 0.578242
0.505156 0.295824
0.500108 0.30073
0.934105 0.0384888
0.582341 0.249399
0.928447 0.0419098
0.0079797 0.924608
0.349937 0.41663
0.0632625 0.762342
0.725073 0.156278
0.869415 0.0747902
0.90187 0.056462
0.985314 0.0133018
0.0466356 0.795603
0.940963 0.0364355
0.00901618 0.917183
0.356864 0.414199
0.049098 0.789417
0.238294 0.524663
0.242899 0.514997
0.31523 0.449542
0.87516 0.0713037
0.0106496 0.909488
0.0199094 0.867689
0.140677 0.634567
0.526096 0.281243
0.0513039 0.782557
0.273385 0.486276
0.99099 0.0099544
0.00260295 0.960163
0.0402298 0.80814
0.632016 0.213845
0.511057 0.293631
0.756365 0.136101
0.0799949 0.728178
0.782635 0.120971
0.565856 0.255185
0.306704 0.454818
0.749897 0.137501
0.000534541 0.989907
0.745484 0.141739
0.619431 0.217077
0.387912 0.386649
0.302456 0.458083
0.005189 0.942828
0.065426 0.75364
0.608014 0.227229
0.796458 0.114685
0.0542475 0.777297
0.395399 0.379705
0.410518 0.368387
2.59805e-05 1.00437
0.65538 0.19691
0.128048 0.652007
0.082271 0.722746
0.124907 0.657384
0.0859614 0.718208
0.193953 0.567213
0.625336 0.214209
0.668887 0.188824
0.727664 0.150511
0.362316 0.404919
0.850623 0.0837323
0.0336436 0.826418
0.211865 0.546215
0.0763585 0.733776
0.426415 0.355021
0.0314889 0.831847
0.202633 0.559151
0.694485 0.170787
0.706965 0.166638
0.444631 0.342495
0.583918 0.241955
0.996898 0.00769854
0.106601 0.684691
0.880744 0.0686515
0.665184 0.191872
0.816259 0.103341
0.0222104 0.861997
0.383025 0.392352
0.550618 0.263717
0.862674 0.076673
0.000222054 0.998875
0.324283 0.438577
0.659412 0.19437
0.271027 0.488861
0.0304047 0.838739
0.48969 0.310172
0.845781 0.0862552
0.359339 0.408337
0.898948 0.0581806
0.229803 0.52851
0.43343 0.349942
0.597868 0.233601
0.390686 0.383565
0.840799 0.0886167
0.00361655 0.952394
0.717739 0.15849
0.0268021 0.847748
0.562622 0.25931
0.252015 0.50448
0.923166 0.0454973
0.238518 0.519558
0.0563688 0.771415
0.602333 0.229766
0.00181369 0.967835
0.715099 0.16271
0.0739789 0.737712
0.150487 0.6214
0.977145 0.0177993
0.311148 0.450146
0.915281 0.0485711
0.0156543 0.887041
0.406414 0.370359
0.206817 0.554007
0.699716 0.16948
0.946632 0.0333081
0.571267 0.251244
0.0712888 0.742745
0.441207 0.345137
0.415719 0.363546
0.478751 0.316527
0.94901 0.0311656
0.574556 0.250591
0.259042 0.502024
0.104917 0.686083
0.398847 0.375557
0.855868 0.0806657
0.264884 0.492606
0.209238 0.552194
0.401759 0.373191
0.294719 0.465856
0.979472 0.0162005
0.421923 0.358028
0.0358553 0.820485
0.029132 0.84435
0.787907 0.118335
0.594648 0.236542
0.262639 0.495875
0.792359 0.118184
0.0400948 0.815399
0.485185 0.310811
0.481002 0.313633
0.199913 0.562568
0.45083 0.337369
0.00149783 0.973305
0.0189219 0.876254
0.493643 0.304509
0.0248528 0.854413
0.416968 0.361619
0.247553 0.510957
0.834625 0.0946735
0.0164742 0.882253
0.28581 0.47505
0.00628453 0.932995
0.284013 0.477805
0.00113928 0.98318
0.449793 0.338457
0.155273 0.616278
0.0692113 0.746264
0.471845 0.320326
0.83609 0.0909536
0.067164 0.749865
0.00406783 0.947185
0.291658 0.470298
0.918875 0.0465746
0.250191 0.510605
0.85849 0.0787494
0.473623 0.319261
0.196493 0.565047
0.289132 0.471255
0.466653 0.325006
0.130847 0.647363
0.556362 0.259964
0.49472 0.303431
0.170911 0.595563
0.298471 0.462994
0.82105 0.0994458
0.43542 0.346497
0.0238652 0.856588
0.00127411 0.979214
0.704858 0.167725
0.00640336 0.932609
0.589336 0.241158
0.170035 0.597035
0.59086 0.238895
0.153124 0.617701
0.467338 0.324185
0.0598586 0.766029
0.2564 0.502538
0.555802 0.262876
0.381013 0.394729
0.0377808 0.81794
