6390 20.0036
1 0
0 1
0.442585 0.335056
0.434667 0.342249
0.480824 0.306979
0.493282 0.299126
0.534624 0.26923
0.0420627 0.795095
0.130825 0.638895
0.782664 0.118363
0.400164 0.368701
0.0375135 0.806929
0.567002 0.247118
0.525675 0.276174
0.215913 0.536038
0.468113 0.3159
0.319043 0.435162
0.426499 0.347744
0.463104 0.319588
0.516491 0.283351
0.475914 0.310135
0.392304 0.376362
0.200525 0.553951
0.506432 0.289754
0.829044 0.0901321
0.995496 0.00321871
0.896269 0.0536966
0.906038 0.0501432
0.253615 0.497675
0.799014 0.107413
0.00417434 0.935609
0.450747 0.329133
0.672996 0.18032
0.789375 0.113165
0.137181 0.630464
0.878802 0.0642107
0.314024 0.44177
0.379146 0.384871
0.655689 0.192656
0.861791 0.0718061
0.156719 0.605816
0.20614 0.547252
0.575761 0.242064
0.0210748 0.860844
0.00821667 0.910765
0.929895 0.0362503
0.716532 0.154101
0.986289 0.00728353
0.00653234 0.919374
0.68922 0.171659
0.662257 0.187395
0.00625411 0.92746
0.0500752 0.77857
0.0160724 0.87342
0.710384 0.157344
0.237705 0.512453
0.0144732 0.881027
0.122473 0.650459
0.76072 0.12958
0.0109269 0.895468
0.276569 0.477143
0.77349 0.121036
0.00955123 0.903338
0.0221683 0.851224
0.00155479 0.96134
0.0128245 0.888451
0.81091 0.101365
0.808786 0.103505
0.00328231 0.945047
0.250145 0.504042
0.640752 0.199779
0.6671 0.185468
0.0908586 0.698864
0.270331 0.481034
0.115417 0.660924
0.00118609 0.970084
0.679374 0.177409
0.731679 0.144811
0.868466 0.0682209
0.0185229 0.866657
0.119641 0.65655
0.372761 0.389466
0.179787 0.576578
0.421647 0.351053
0.607789 0.224358
0.70614 0.162103
0.259989 0.493092
0.634983 0.203316
0.72217 0.150254
0.6254 0.20996
0.279309 0.471931
0.416279 0.354817
0.0540538 0.772912
0.233915 0.516517
0.0663001 0.743909
0.231118 0.522585
0.0471534 0.784488
0.309633 0.445729
0.147783 0.616493
0.630567 0.206561
0.0547572 0.766507
0.82044 0.0972022
0.595961 0.228087
0.196675 0.559179
0.881754 0.061327
0.971701 0.0156189
0.167959 0.590788
0.0647772 0.750148
0.33072 0.425269
0.0452134 0.790238
0.28421 0.46795
0.820627 0.0949757
0.562404 0.251503
0.455928 0.325505
0.853747 0.076257
0.965187 0.0176017
0.384032 0.380874
0.683603 0.173296
0.601508 0.225963
0.35809 0.406412
0.335361 0.421634
0.0339422 0.817475
0.960883 0.0204329
0.794613 0.110052
0.540418 0.266204
0.222237 0.53167
0.75441 0.131578
0.0990799 0.685631
0.918292 0.0419517
0.767011 0.125996
0.6957 0.166771
0.297569 0.455218
0.0611116 0.754499
0.739112 0.142161
0.727728 0.148407
0.363372 0.398101
0.591293 0.231814
0.411993 0.358191
0.842618 0.0820798
0.0939509 0.694843
0.889139 0.0586473
0.144155 0.62144
0.959791 0.0276624
0.0879095 0.706549
0.0275024 0.835053
0.0965219 0.68994
0.183571 0.572222
0.0254543 0.840881
0.646629 0.197127
0.0360532 0.811918
0.325682 0.431482
0.103257 0.681528
0.000305143 0.987751
0.294334 0.458472
0.0319605 0.82333
0.212223 0.543953
0.846626 0.0801736
0.0695001 0.738169
0.620389 0.213221
0.543539 0.262757
0.175907 0.581854
0.838237 0.0863782
0.024677 0.846441
0.160155 0.599982
0.359053 0.401354
0.651927 0.196808
0.558644 0.254422
0.547961 0.260008
0.303502 0.452604
0.227947 0.527155
0.938309 0.0339675
0.587123 0.234036
0.35064 0.408456
0.304437 0.448713
0.833872 0.0869802
0.913104 0.04483
0.347021 0.413985
0.107877 0.671695
0.291687 0.463314
0.389139 0.379261
0.243059 0.507323
0.95395 0.027983
0.166375 0.595934
0.0865388 0.708971
0.000189593 0.995011
0.945258 0.029677
0.612031 0.21927
0.750374 0.134427
0.910727 0.0472762
0.171832 0.585596
0.288598 0.465526
0.891758 0.0567761
0.343811 0.418212
0.976106 0.0126396
0.151927 0.611194
0.00048928 0.977972
0.339463 0.418506
0.0769764 0.722846
0.0779832 0.720921
0.0816358 0.715764
0.112031 0.666652
0.0839336 0.71515
0.367827 0.395231
0.769519 0.123243
0.700298 0.164385
0.0578559 0.760599
0.192813 0.562253
0.618061 0.216403
0.326591 0.428604
0.261899 0.48888
0.938827 0.0318809
0.40853 0.361779
0.267829 0.486141
0.40439 0.365605
0.852885 0.0785364
0.126853 0.645527
0.98314 0.00972788
0.369928 0.393031
0.127008 0.644066
0.503092 0.291264
0.00221451 0.953114
0.948145 0.0286948
0.245298 0.507275
0.190252 0.564087
0.162027 0.597519
0.867215 0.0702237
0.924941 0.0395967
0.2245 0.529323
0.0742254 0.728994
0.582865 0.236642
0.0297147 0.830777
0.000451151 0.981273
0.979188 0.0110329
0.554054 0.25667
0.0311003 0.828603
0.150842 0.611895
0.551828 0.257544
0.210066 0.544124
0.0590291 0.759433
0.580687 0.241671
0.111677 0.668894
0.497876 0.297163
0.348299 0.409864
0.00261621 0.951979
0.924177 0.0407632
0.615001 0.219088
0.18622 0.56868
0.455065 0.3272
0.107122 0.677139
0.264304 0.486163
