402212 310.014
4.73294e-10 1.60007
0.204597 0.647821
0.20458 0.649371
0.00688981 1.01885
0.0568743 0.844784
0.0568512 0.852888
1.21882e-10 1.77884
0.0187985 0.97131
5.09563e-09 1.11877
0.0041187 1.04508
1.07791e-09 1.39918
0.209758 0.620249
5.54715e-10 1.53278
0.209735 0.626764
0.209733 0.633967
0.129403 0.721431
0.242909 0.579793
0.00828359 1.00071
0.0150644 0.976372
0.0150439 0.996602
0.00947162 0.998085
4.21583e-08 1.11645
0.161638 0.668227
0.0798698 0.802768
8.18731e-07 1.09673
0.40774 0.421568
0.672691 0.235846
0.445458 0.399506
0.233353 0.582301
0.420496 0.415263
0.508903 0.347439
0.317124 0.50045
0.00502638 1.03088
0.0297818 0.899456
0.00233096 1.06245
0.54408 0.310447
0.779914 0.158085
0.536085 0.324189
0.779887 0.16705
0.969724 0.0602528
0.553723 0.303391
0.166884 0.64958
0.700544 0.213508
0.0813256 0.777379
0.156796 0.673982
0.156793 0.67547
0.0812985 0.779225
3.53996e-09 1.21489
1.75352e-09 1.25504
0.279258 0.529323
0.700552 0.203449
0.0224411 0.917658
0.859988 0.112323
0.423189 0.403402
0.700538 0.213553
0.553732 0.302507
0.0643614 0.809009
0.166873 0.658952
0.536061 0.324939
0.98267 0.045337
0.0224358 0.940988
0.957874 0.0738748
0.806875 0.148697
0.0643392 0.812035
0.80687 0.149888
0.0643242 0.817439
0.251139 0.561531
0.633538 0.250116
0.0600516 0.822983
0.130751 0.712648
0.453679 0.373784
0.130735 0.71914
0.616585 0.258233
0.92511 0.0832508
0.517287 0.327944
0.45367 0.396289
0.0362625 0.887542
0.488647 0.349846
0.0926775 0.757961
1.65578e-06 1.07139
0.379016 0.438811
0.022803 0.914865
0.63742 0.241292
0.888494 0.0975222
0.548025 0.306051
0.926922 0.0772446
0.217104 0.591708
0.578331 0.28241
0.678945 0.218551
0.264294 0.534957
0.678946 0.218095
0.356398 0.450648
0.0228445 0.908185
2.69006e-06 1.06288
0.0594874 0.831223
0.745384 0.177131
0.990258 0.0385554
0.344022 0.463577
0.292387 0.505807
0.292382 0.508159
0.0594687 0.843849
0.833054 0.123193
0.380015 0.43069
0.46002 0.370816
0.637415 0.242381
0.136527 0.68464
0.29238 0.509556
4.30632e-08 1.10396
0.761638 0.169968
1.40215e-07 1.099
0.264282 0.547539
0.589638 0.274282
0.678937 0.218591
0.833051 0.136499
0.678936 0.234008
0.379992 0.432803
0.117012 0.728013
0.589633 0.27942
0.0930057 0.757806
0.0394793 0.881193
0.264294 0.536026
0.337023 0.481257
0.0394838 0.860118
0.292382 0.508663
0.892674 0.0903207
0.63716 0.247813
0.46001 0.370851
0.337026 0.472803
0.562877 0.297677
1.42414e-06 1.07356
0.217312 0.585297
0.460001 0.371422
2.23023e-06 1.06494
