602273 550.022
1 2.73923e-08
3.21445e-17 1.02223
3.07606e-16 1
0.00229453 0.955168
0.0037157 0.940819
0.0728376 0.730116
0.537392 0.267037
0.838568 0.0844863
0.652955 0.194188
0.247119 0.502899
0.241896 0.508829
0.544451 0.262135
0.76483 0.125517
0.65847 0.189337
0.0683537 0.73864
0.44395 0.33388
0.0368232 0.809022
0.559775 0.252099
0.46199 0.320301
0.438117 0.338096
0.630402 0.206697
0.404467 0.364023
0.10172 0.681065
0.222677 0.529902
0.663657 0.185349
0.329321 0.426201
0.523051 0.276777
0.733529 0.143611
0.468037 0.316268
0.0393934 0.802035
0.738964 0.140371
0.303681 0.448928
0.498862 0.2937
0.334251 0.422023
0.0472011 0.78296
0.281388 0.46954
0.251693 0.498313
0.160751 0.599066
0.409315 0.360223
0.924075 0.0389839
0.398847 0.368458
0.000627206 0.980527
0.517834 0.280424
0.165133 0.593634
0.0444066 0.789271
0.195026 0.558846
0.645378 0.196652
0.772064 0.122458
0.679918 0.175855
0.276544 0.474135
0.685157 0.172258
0.028643 0.831745
0.0417992 0.795551
0.256245 0.493798
0.784776 0.114124
0.0213491 0.856078
0.135676 0.631658
0.00123378 0.971672
0.574087 0.242348
0.917882 0.042065
0.344577 0.414876
0.339083 0.417693
0.553909 0.255754
0.0757756 0.724736
0.0553118 0.764816
0.261086 0.490037
0.120206 0.653813
0.690712 0.168922
0.308501 0.444574
0.00133252 0.963505
0.830706 0.0886035
0.635774 0.203386
0.433208 0.342099
0.0192089 0.863472
0.624434 0.210841
0.285925 0.465281
0.805954 0.102258
0.298915 0.453273
0.187012 0.567555
0.0141065 0.881288
0.72739 0.14718
0.0633705 0.749664
0.705445 0.160102
0.34854 0.409627
0.0231874 0.849735
0.878345 0.063413
0.0791177 0.718847
0.843932 0.0813424
0.0522855 0.771465
0.424078 0.348787
0.226634 0.523939
0.670004 0.18237
0.493256 0.297807
0.758988 0.129072
0.811742 0.0996187
0.290552 0.461436
0.352819 0.406015
0.414641 0.356074
0.41874 0.352906
0.930224 0.03637
0.139452 0.626568
0.190662 0.563351
0.123849 0.648078
0.168884 0.589199
0.215735 0.53939
0.47339 0.31335
0.850366 0.079354
0.892436 0.0553116
0.800737 0.10584
0.790161 0.11109
0.295183 0.457698
0.050044 0.776549
0.67595 0.180833
0.237142 0.513085
0.0901284 0.700528
0.217624 0.533498
0.157017 0.603749
0.640622 0.199611
0.394401 0.372008
0.816763 0.0962506
0.173566 0.5854
0.601499 0.224465
0.897636 0.0525641
0.149907 0.612827
0.503879 0.290179
0.821884 0.0934429
0.146403 0.617453
0.579334 0.238874
0.209615 0.542164
0.0123839 0.888717
0.4569 0.324171
0.154042 0.608774
0.176241 0.580194
0.10611 0.675626
0.869927 0.0703728
0.142845 0.622076
0.358505 0.402807
0.0303949 0.825706
0.512458 0.284139
0.0660643 0.74297
0.324288 0.43056
0.619425 0.212975
0.79535 0.108179
0.116704 0.658389
0.206802 0.546693
0.36604 0.395104
0.549161 0.258946
0.428292 0.34556
0.0934299 0.694367
0.754122 0.131632
0.27227 0.478205
0.374748 0.388135
0.370225 0.391542
0.903371 0.0499802
0.745211 0.137015
0.265238 0.485369
0.321267 0.434037
0.378856 0.384487
0.449555 0.33008
0.873526 0.065571
0.484902 0.303651
0.199059 0.55384
0.0578545 0.75947
0.56545 0.248045
0.971325 0.014493
0.0616468 0.755785
0.605398 0.221927
0.361539 0.398719
0.913347 0.0457594
0.59549 0.22832
0.098301 0.68647
0.18269 0.572648
0.700376 0.163587
0.316036 0.437857
0.944536 0.0281278
0.696029 0.16576
0.976423 0.0118906
0.528735 0.272889
0.0157076 0.87467
0.9663 0.0169946
0.205278 0.553788
0.0111312 0.894679
0.0873828 0.704811
0.0346104 0.816747
0.863295 0.0713354
0.93916 0.0309608
0.508442 0.287006
0.0171661 0.869302
0.113769 0.663291
0.53241 0.271214
0.00600765 0.922845
0.723394 0.150597
0.383154 0.381115
0.0819177 0.713787
0.0847973 0.71006
0.934904 0.0331256
0.569263 0.246321
0.95407 0.0237068
0.233609 0.517
0.0264769 0.839608
0.749422 0.135228
0.132372 0.637079
0.610775 0.218515
0.312857 0.440719
0.908355 0.047673
0.994946 0.00289124
0.990487 0.00479921
0.489087 0.300768
0.614109 0.216353
0.000206666 0.988884
0.268499 0.481832
0.949044 0.0258338
0.00424887 0.934817
0.18048 0.576192
0.987703 0.00988973
0.85468 0.0755112
0.587417 0.233611
0.230487 0.520791
0.126895 0.643786
0.718259 0.152522
0.710805 0.156939
0.827488 0.0907361
0.112291 0.668594
0.77894 0.117471
0.884519 0.0595502
0.00516615 0.928159
0.389747 0.375703
0.593434 0.231554
0.982003 0.0102595
0.583898 0.235934
0.0253982 0.842932
0.453922 0.328472
0.108053 0.671286
0.0108123 0.902115
0.0329661 0.819978
0.477784 0.309392
0.00965485 0.906455
0.480081 0.307121
0.858558 0.0735972
0.0959858 0.690536
0.00714286 0.915495
0.886827 0.0583119
0.129628 0.639961
0.386833 0.378042
0.714336 0.155268
0.776147 0.11908
0.962721 0.0207709
0.958818 0.021315
0.00881967 0.913106
3.2532e-05 0.994297
