25760 90.0181
0.999972 0.000299835
3.37227e-10 1.00142
0.775382 0.14521
0.709821 0.158439
0.818413 0.108198
0.615734 0.216101
0.686252 0.172486
0.658122 0.189463
0.94215 0.0305871
0.640939 0.200062
0.910414 0.0478474
0.840347 0.094261
0.988877 0.00627022
0.411409 0.372462
0.586169 0.235518
0.960399 0.021339
0.528994 0.27355
0.504634 0.290561
0.881631 0.0730481
0.456558 0.330253
0.389124 0.376883
0.439219 0.340034
0.895522 0.060222
0.416954 0.355009
0.129535 0.640883
0.864927 0.0769923
0.117497 0.65857
0.851924 0.0860628
0.427352 0.353789
0.533333 0.270515
0.959456 0.0263156
0.545846 0.262055
0.433366 0.342841
0.565874 0.253398
0.572724 0.244323
0.857115 0.0813233
0.373482 0.389544
0.364473 0.396831
0.114917 0.663635
0.903262 0.0516686
0.101566 0.682566
0.549618 0.260453
0.0857758 0.708148
0.501123 0.293159
0.149408 0.614432
0.556847 0.255442
0.0908302 0.699379
0.902436 0.0583736
0.0970808 0.68969
0.37577 0.387675
0.154634 0.607979
0.108847 0.670773
0.459686 0.322878
0.0421695 0.795471
0.355068 0.404755
0.471731 0.314386
0.160524 0.600181
0.143719 0.621814
0.360581 0.400099
0.0818788 0.714604
0.0448612 0.788961
0.382202 0.382477
0.134849 0.633662
0.343904 0.41426
0.0956058 0.692761
0.147106 0.617207
0.163872 0.595933
0.495334 0.298058
0.13116 0.638563
0.38316 0.381627
0.993012 0.00413195
0.260459 0.490236
0.104144 0.679067
0.227419 0.523929
0.0101626 0.900139
0.581685 0.238483
0.0747031 0.727501
0.324388 0.431121
0.230544 0.520647
0.257418 0.493313
0.347018 0.41169
0.00914493 0.905233
0.291446 0.460771
0.2246 0.526898
0.474718 0.312018
0.0919172 0.697629
0.00010614 0.99074
0.106197 0.674916
0.339802 0.417761
0.00703193 0.917026
0.0255688 0.841094
0.559468 0.253567
0.221837 0.52981
0.350153 0.408885
0.0555556 0.765162
0.0295667 0.828785
0.0111459 0.895323
0.0281826 0.833031
0.2985 0.454221
0.301569 0.451595
0.997392 0.0023848
1.37603e-05 0.997316
0.00381883 0.939232
0.304273 0.449148
0.0606225 0.754571
0.0217862 0.853251
0.0268854 0.836991
0.141232 0.62498
0.327763 0.428197
0.0721274 0.73216
0.00284238 0.947629
0.271931 0.479231
0.462225 0.321325
0.274693 0.476546
0.0476454 0.782621
0.0242047 0.845397
0.238229 0.512647
0.233108 0.517978
0.235638 0.515288
0.193768 0.560526
0.0493781 0.778744
0.0309728 0.824893
0.032321 0.821167
0.0845101 0.710032
0.321508 0.433708
0.139127 0.627888
0.0623401 0.750934
0.17523 0.582134
0.0573929 0.761354
0.0231169 0.849115
0.00612822 0.922536
0.079655 0.718673
0.1577 0.603653
0.0186668 0.864346
0.053787 0.76874
0.172682 0.585252
0.166207 0.592997
0.202139 0.551094
0.040666 0.799272
0.136862 0.630933
0.466728 0.317927
0.0588734 0.758193
0.219165 0.532528
0.187477 0.56768
0.0043951 0.934485
0.0698446 0.737278
0.210543 0.541759
0.0763026 0.724554
0.00496109 0.930461
0.185148 0.570456
0.576391 0.241821
0.168434 0.590352
0.330117 0.426225
0.0523491 0.772123
0.0507919 0.775383
0.0145686 0.88042
0.000217237 0.986296
0.478186 0.309401
0.208075 0.544495
0.0206207 0.857328
0.30716 0.446457
0.332885 0.423597
0.0392904 0.802666
0.183013 0.572999
0.490171 0.300979
0.312075 0.442078
0.263634 0.487209
0.0135998 0.884268
0.00324026 0.944079
0.212831 0.539371
0.170655 0.587719
0.0356537 0.812112
0.269324 0.481696
0.309193 0.444593
0.488228 0.302339
0.0782813 0.721237
0.00829619 0.909831
0.24661 0.504018
0.335138 0.421818
0.0461492 0.785995
0.0056119 0.925871
0.254623 0.496038
0.352897 0.406576
0.196393 0.557601
0.0196676 0.860637
0.316808 0.437901
0.0120239 0.891106
0.24483 0.505906
0.00223496 0.953614
0.0174896 0.868635
0.314202 0.440223
0.318883 0.43594
0.480266 0.308044
0.199746 0.553878
0.180771 0.57547
0.337879 0.419395
0.249396 0.501259
0.000737466 0.973756
0.57856 0.240391
0.278837 0.47261
0.19152 0.563158
0.189713 0.565057
0.215224 0.537078
0.00145336 0.962787
0.216995 0.534978
0.007725 0.913043
0.294734 0.457861
0.0370177 0.808496
0.0127231 0.887951
0.288732 0.463333
0.48486 0.304903
0.204515 0.548538
0.281773 0.469964
0.000379778 0.981439
0.242193 0.508526
0.177373 0.57965
0.0379688 0.805976
0.493654 0.298384
0.240789 0.509978
0.277253 0.474042
0.0649571 0.745929
0.00050874 0.978441
0.0337154 0.817267
0.267149 0.483754
0.285407 0.466621
0.465806 0.318482
0.00119156 0.966341
0.000935917 0.970159
0.483237 0.305606
0.0167981 0.871397
0.117202 0.659487
0.0640535 0.747703
0.00179795 0.958415
0.206069 0.546788
0.178924 0.577725
0.585755 0.235696
0.295852 0.456729
0.0710406 0.734388
0.156008 0.605858
0.0667872 0.74239
0.252915 0.497864
0.362435 0.398601
0.0344714 0.815283
0.19801 0.555791
0.0154717 0.876555
0.28309 0.468653
0.265243 0.485645
0.25105 0.499752
0.108196 0.671921
0.28715 0.464786
