69093 210.034
1 0
0 1
0.287547 0.46469
0.000747375 0.972712
0.1025 0.680207
0.0691904 0.737336
0.306302 0.448616
0.990031 0.00573002
0.209169 0.544951
0.280322 0.47154
0.0963583 0.690201
0.0314552 0.823057
0.49597 0.297274
0.32158 0.435274
0.928658 0.0367453
0.0830196 0.712842
0.0133868 0.886044
0.5 0.292943
0.201631 0.552354
0.0886084 0.704636
0.1409 0.624672
0.979091 0.0105984
0.115946 0.661573
0.773607 0.120867
0.136151 0.631812
0.65849 0.188979
0.238035 0.514677
0.0738149 0.728691
0.230805 0.519704
0.937867 0.033772
0.267986 0.484611
0.000203703 0.986787
0.81865 0.0958518
0.183399 0.573682
0.228053 0.524908
0.761418 0.127748
0.107401 0.675807
0.016382 0.87481
0.353689 0.407271
0.404664 0.364957
0.768789 0.123817
0.360185 0.400317
0.384929 0.380157
0.31319 0.440444
0.00166115 0.962205
0.913036 0.0461991
0.597816 0.228574
0.922013 0.0403684
0.0405604 0.798942
0.258855 0.49387
0.591567 0.231319
0.674743 0.179502
0.223176 0.531792
0.0433102 0.792402
0.00884675 0.907189
0.577639 0.24014
0.26262 0.488323
0.0219455 0.853342
0.172219 0.588571
0.0463006 0.786159
0.0675205 0.747529
0.72939 0.146435
0.89737 0.0530432
0.0112208 0.900781
0.877582 0.0637875
0.0803058 0.718487
0.0350675 0.812742
0.133339 0.638137
0.647612 0.195573
0.632393 0.206314
0.544504 0.264844
0.680662 0.175842
0.652406 0.192995
0.295059 0.459786
0.300385 0.452551
0.826571 0.0928433
0.538736 0.268643
0.00464802 0.934243
0.178491 0.579802
0.12755 0.64486
0.186736 0.568236
0.603868 0.224837
0.0239817 0.845646
0.0122568 0.892826
0.334933 0.423809
0.390997 0.375855
0.666134 0.185875
0.0766701 0.724228
0.783188 0.116797
0.951059 0.0258781
0.05878 0.758454
0.424318 0.349451
0.720306 0.151665
0.0291329 0.829594
0.00366623 0.942214
0.715614 0.155555
0.487305 0.302788
0.871488 0.0667225
0.273607 0.479232
0.121816 0.652231
0.845243 0.0823308
0.839113 0.0854684
0.702076 0.162375
0.00560064 0.927051
0.859836 0.0758827
0.46211 0.321282
0.241107 0.509207
0.99621 0.00286689
0.328555 0.429511
0.639201 0.20233
0.152249 0.615784
0.0206831 0.860656
0.891207 0.057265
0.0913465 0.699469
0.0390591 0.806798
0.685248 0.172515
0.513883 0.283831
0.00722376 0.91525
0.120164 0.653602
0.64163 0.199927
0.381039 0.3848
0.904921 0.0505996
0.883695 0.0611806
0.668819 0.18259
0.474364 0.313539
0.420556 0.354123
0.524387 0.276624
0.410685 0.360597
0.369289 0.393809
0.737588 0.143009
0.508132 0.287524
0.212853 0.539009
0.916128 0.042985
0.428859 0.345835
0.529321 0.273332
0.743753 0.138009
0.00286259 0.948962
0.345697 0.41262
0.803968 0.105119
0.00230885 0.955446
0.275678 0.476067
0.691163 0.170864
0.812659 0.0987458
0.432498 0.342946
0.726062 0.149455
0.0938617 0.694379
0.253456 0.497783
0.853689 0.0775991
0.586126 0.235476
0.374225 0.391474
0.533651 0.271279
0.620164 0.214513
0.749488 0.137086
0.0288685 0.836979
0.57243 0.244782
0.964533 0.0189419
0.757199 0.131685
0.614321 0.217051
0.447879 0.332516
0.478022 0.308702
0.712517 0.16037
0.315519 0.438959
0.0260898 0.840571
0.465811 0.317772
0.834119 0.0872296
0.0617944 0.753311
0.865144 0.0731279
0.797722 0.108994
0.376304 0.386663
0.111423 0.669807
0.15634 0.607281
0.00654112 0.920144
0.000160959 0.992094
0.0187688 0.865752
0.438027 0.340628
0.350181 0.409488
0.196429 0.559551
0.450909 0.329174
0.956196 0.0232443
0.789616 0.111912
0.968968 0.0166152
0.163225 0.597993
0.85055 0.080794
0.832244 0.0921244
0.58302 0.236963
0.944747 0.0284254
0.753131 0.133359
0.549416 0.261808
0.0490936 0.780002
0.481638 0.307124
0.469796 0.315434
0.111658 0.666596
0.866925 0.0694561
0.607218 0.221051
0.96032 0.0218938
0.153346 0.61032
0.696833 0.166414
0.296706 0.45643
0.393938 0.372446
0.62755 0.208364
0.128902 0.642292
0.442735 0.334703
0.706991 0.160571
0.19806 0.555709
0.217914 0.533338
0.0564091 0.764535
0.941971 0.0299195
0.558441 0.253642
0.553578 0.256217
0.251336 0.50056
0.329704 0.427728
0.0558798 0.767876
0.399375 0.368364
0.418015 0.358064
0.166315 0.593296
0.24459 0.505494
0.247893 0.504303
0.0635196 0.74967
0.0168614 0.87023
0.888045 0.05926
0.14538 0.619427
0.738699 0.140893
0.612158 0.220388
0.518898 0.281739
0.339113 0.420243
0.342571 0.416394
0.561336 0.251794
0.215314 0.536274
0.4408 0.3379
0.521082 0.280003
0.458102 0.325924
0.146734 0.619303
0.191819 0.565154
0.0520283 0.772226
0.972982 0.0141942
0.566086 0.250526
0.192847 0.563837
0.799331 0.108134
0.696429 0.169292
0.365995 0.398132
0.486425 0.30412
0.903735 0.0519583
0.0374786 0.81135
0.413238 0.358642
0.551405 0.25869
0.976522 0.0137674
0.159783 0.603307
0.807431 0.101757
0.398156 0.370469
0.50928 0.287388
