243227 480.046
1 2.22045e-16
0 1
0 1
0.922762 0.0393985
0.138228 0.62821
0.00657765 0.918932
0.301059 0.451315
0.292152 0.459492
0.13086 0.638316
0.00458077 0.932319
0.000360807 0.981005
0.443625 0.333948
0.32095 0.433475
0.535236 0.268402
0.644058 0.197468
0.0132068 0.885204
0.469999 0.314436
0.595862 0.228079
0.754218 0.131543
0.933381 0.0338845
0.398008 0.369131
0.690646 0.168949
0.916244 0.0427995
0.141596 0.623709
0.910248 0.0459308
0.903942 0.0492423
0.348889 0.409332
0.603656 0.223162
0.494264 0.297139
0.576677 0.240686
0.337195 0.419315
0.650134 0.193691
0.0921724 0.696433
0.564739 0.24858
0.954759 0.0228844
0.612542 0.21735
0.079641 0.717799
0.877253 0.0633851
0.890365 0.0566891
0.784762 0.114134
0.363442 0.397139
0.327891 0.427383
0.483562 0.304618
0.582702 0.236651
0.87174 0.0663298
0.779613 0.117043
0.0025934 0.949075
0.828041 0.0900325
0.768733 0.123226
0.354421 0.404667
0.200999 0.551671
0.0538134 0.768023
0.806519 0.101936
0.833695 0.0869308
0.219599 0.531392
0.705005 0.160393
0.773635 0.120435
0.16931 0.588527
0.857952 0.073744
0.71913 0.152125
0.214682 0.536663
0.391619 0.374206
0.316807 0.437144
0.961714 0.0193306
0.506779 0.288116
0.982057 0.00901306
0.358267 0.401446
0.5119 0.284755
0.180251 0.575441
0.0405584 0.798613
0.243469 0.506575
0.117987 0.656508
0.523471 0.27658
0.14633 0.617469
0.664366 0.184915
0.0323311 0.820192
0.85097 0.0777126
0.734508 0.142971
0.0298005 0.827372
0.173396 0.583591
0.684646 0.172567
0.266056 0.484308
0.100681 0.682968
0.4487 0.330154
0.728432 0.146551
0.419215 0.352532
0.0432408 0.792056
0.00918411 0.904166
0.62981 0.206588
0.0384806 0.803835
0.0452271 0.787337
0.03618 0.810098
0.655424 0.190612
0.106693 0.673447
0.940591 0.0301591
0.114032 0.66235
0.304664 0.448036
0.256878 0.493169
0.207468 0.544514
0.822519 0.0930717
0.000901269 0.970076
0.283584 0.467474
0.0683059 0.738647
0.0634974 0.748013
0.0223092 0.850637
0.618121 0.213793
0.0189538 0.862327
0.86586 0.0694852
0.211514 0.540093
0.0211451 0.854913
0.176661 0.57969
0.0509005 0.774389
0.587217 0.2337
0.234841 0.515556
0.724366 0.148906
0.0828302 0.712198
0.55081 0.257836
0.120732 0.652544
0.800942 0.105047
0.607127 0.220819
0.65989 0.187664
0.148743 0.61437
0.0106635 0.896981
0.344333 0.413201
0.312094 0.441346
0.0116463 0.892275
0.818027 0.0955514
0.46492 0.319292
0.591759 0.230741
0.195954 0.557333
0.670494 0.181841
0.431022 0.343589
0.0653001 0.744463
0.279217 0.471598
0.309307 0.443975
0.238129 0.512016
0.541417 0.264198
0.9658 0.0172488
0.380198 0.383473
0.0341242 0.815273
0.790991 0.110623
0.159626 0.600468
0.945815 0.0275383
0.762634 0.126712
0.459675 0.325231
0.164082 0.594935
0.47732 0.309348
0.367991 0.393377
0.436492 0.33954
0.204099 0.548227
0.839082 0.0839861
0.415702 0.35525
0.949735 0.0254601
0.27226 0.48069
0.637761 0.201401
0.124055 0.647786
0.252234 0.497778
0.499663 0.293136
0.249937 0.500107
0.559629 0.251916
0.341142 0.415927
0.760004 0.128218
0.024614 0.843112
0.190393 0.56366
0.635757 0.202657
0.225655 0.525043
0.970998 0.0146084
0.404782 0.363775
0.747657 0.135328
0.0480122 0.781004
0.84736 0.0794782
0.621885 0.211475
0.0254349 0.840517
0.625995 0.208802
0.842505 0.0821195
0.516517 0.281309
0.109508 0.669298
0.331314 0.424402
0.0855804 0.708932
0.0971764 0.689477
0.0888972 0.701845
0.376669 0.386266
0.0153742 0.876014
0.188155 0.566238
0.98622 0.0069137
0.475631 0.310344
0.22299 0.527901
0.00130871 0.963858
0.861875 0.0716277
0.0717845 0.732074
0.501985 0.291491
0.547532 0.260046
0.402369 0.365706
0.409607 0.359995
0.713795 0.155321
0.0601823 0.754679
0.896325 0.0532557
0.424706 0.348306
0.0957525 0.690561
0.00347667 0.941171
0.194301 0.559205
0.995746 0.00214045
0.677385 0.176993
0.384373 0.380022
0.2628 0.487364
0.673195 0.179519
0.260055 0.490045
0.696637 0.165352
0.680585 0.175027
0.519217 0.279433
0.0748224 0.726463
0.165755 0.592941
0.898023 0.0523592
0.488864 0.300815
0.0594973 0.75608
0.74046 0.1395
0.975156 0.0125
0.570515 0.244676
0.111683 0.665812
0.00046327 0.978476
0.797031 0.107234
0.746018 0.13628
0.126305 0.644632
0.230782 0.519603
0.883475 0.0600664
0.699384 0.163708
0.461752 0.320482
0.152699 0.609233
0.0277483 0.833422
0.935453 0.0328118
0.128768 0.641163
0.411554 0.358475
0.241691 0.50839
0.153584 0.608102
0.0175351 0.867883
0.229256 0.521204
0.81197 0.0989064
0.529203 0.272554
0.0763447 0.723714
0.373298 0.389027
0.0018579 0.956897
0.0875721 0.704352
0.710082 0.157337
0.0155889 0.875144
0.884572 0.0594865
0.543574 0.262733
0.571692 0.244
0.287151 0.464137
0.00792234 0.91124
0.0705641 0.734363
