114356 70.0019
0.320693 0.537663
0.0859718 0.8282
0.50467 0.37812
0.504661 0.382441
0.320693 0.537313
0.276187 0.56442
0.859707 0.144308
0.253358 0.591783
0.883314 0.139609
0.0547749 0.894552
0.504656 0.382444
0.427351 0.441453
0.427341 0.446183
0.176564 0.684161
0.42736 0.43736
0.0349634 0.924613
0.784727 0.181455
0.581658 0.322168
0.0349522 0.948345
1.79379e-09 1.1669
2.09358e-07 1.13807
0.0349559 0.924813
0.990256 0.0631114
0.901039 0.111345
0.945942 0.0888701
0.094445 0.823034
0.667371 0.252778
0.358243 0.483922
0.192638 0.653294
0.0770046 0.84591
0.889734 0.114877
0.945936 0.0919725
0.823983 0.158883
0.347711 0.502424
0.65075 0.264823
0.358241 0.487206
0.598359 0.302352
0.823104 0.160314
0.358242 0.484232
0.598353 0.314957
0.823099 0.16499
0.220603 0.62262
0.771688 0.190681
0.30329 0.53913
0.303287 0.539707
0.0944452 0.789399
2.65941e-06 1.11026
0.808701 0.167849
0.1877 0.665075
0.436987 0.425247
0.679374 0.249914
0.554004 0.341858
0.0150466 1.10819
0.630844 0.280147
0.282237 0.553206
0.630838 0.283735
0.440693 0.423776
0.110943 0.783673
0.220597 0.623795
0.110947 0.779248
0.3241 0.511151
0.75826 0.231151
0.55399 0.351127
0.143038 0.714758
0.282228 0.558596
0.15417 0.70478
0.465973 0.407862
0.0601488 0.892614
0.758266 0.199119
0.0150483 0.991202
0.758257 0.232627
0.967244 0.0856868
0.758271 0.194011
0.465971 0.413265
0.0394002 0.904436
0.396277 0.47625
0.0393958 0.910581
0.220596 0.633456
0.70684 0.237145
0.955137 0.0863212
0.0294472 0.963918
0.024396 0.965165
0.0956236 0.78757
0.282231 0.558286
0.143013 0.744876
0.690025 0.240909
0.220583 0.646728
0.531331 0.356799
0.353272 0.488965
2.00082e-06 1.12411
