166152 580.102
1 1.11022e-16
1.39808e-16 1
0.000971309 0.968834
0.437638 0.338458
0.621498 0.211649
0.0590263 0.757049
0.0945177 0.692568
0.192073 0.561739
0.739782 0.139898
0.0995616 0.684466
0.66459 0.184777
0.514234 0.282899
0.554308 0.255502
0.730859 0.145098
0.00761798 0.912719
0.0389033 0.802762
0.546549 0.260711
0.000452601 0.978727
0.169608 0.58817
0.971393 0.0144084
0.366438 0.3947
0.342673 0.414761
0.0100564 0.899727
0.139803 0.626098
0.26803 0.482452
0.564904 0.248399
0.692403 0.167893
0.641914 0.198813
0.881015 0.0613866
0.508968 0.286585
0.956178 0.0221564
0.634691 0.203328
0.236855 0.513332
0.147984 0.615323
0.446817 0.331561
0.484615 0.30386
0.00540087 0.92651
0.461425 0.320718
0.993621 0.00319568
0.559028 0.252322
0.352145 0.406582
0.1093 0.6694
0.347682 0.410355
0.280472 0.470405
0.579737 0.238595
0.64633 0.196054
0.0781672 0.720419
0.00216071 0.953521
0.52132 0.277975
0.0513882 0.773314
0.465947 0.317399
0.721858 0.150379
0.801076 0.104971
0.159762 0.600301
0.197223 0.556162
0.686464 0.171556
0.288547 0.462844
0.479157 0.30779
0.603511 0.223141
0.293114 0.458615
0.321748 0.432922
0.105544 0.675125
0.26349 0.486688
0.0558426 0.763692
0.118794 0.655336
0.673069 0.179593
0.127902 0.642393
0.875194 0.0644822
0.887532 0.0579117
0.0313458 0.822953
0.538077 0.266464
0.824079 0.0922137
0.796756 0.107391
0.0725103 0.730723
0.0910958 0.698183
0.455748 0.324916
0.0757981 0.724689
0.777425 0.118283
0.849811 0.0781487
0.418992 0.352704
0.385047 0.379482
0.0454843 0.788708
0.653066 0.192591
0.35818 0.40152
0.174711 0.582016
0.750928 0.133439
0.284438 0.466673
0.312403 0.441073
0.471357 0.313446
0.202576 0.549916
0.572223 0.243546
0.907817 0.0472082
0.81784 0.0956549
0.495976 0.295744
0.0239908 0.845114
0.102757 0.679461
0.599135 0.226463
0.844321 0.0811309
0.337543 0.419434
0.590878 0.231314
0.297178 0.454861
0.0292655 0.828934
0.215211 0.536092
0.00355046 0.940419
0.0351135 0.812614
0.135632 0.631722
0.961879 0.0192616
0.0117765 0.89148
0.248014 0.501992
0.405248 0.363447
0.924108 0.0386946
0.375943 0.386859
0.273274 0.477365
0.433344 0.341716
0.0821053 0.713633
0.629603 0.206526
0.259557 0.490533
0.835495 0.0859465
0.96619 0.0170504
0.334398 0.421729
0.0407144 0.798222
0.0430251 0.792575
0.726764 0.147497
0.912923 0.0445302
0.176715 0.579626
0.542448 0.26349
0.0258293 0.839286
0.207322 0.544674
0.275608 0.475329
0.701145 0.162656
0.0631739 0.748656
0.0537318 0.768199
0.226115 0.524485
0.698243 0.164393
0.660027 0.187581
0.814174 0.0977241
0.429295 0.344795
0.164084 0.594939
0.000173955 0.987765
0.00259025 0.949117
0.839915 0.0835315
0.389287 0.376108
0.0864247 0.706023
0.0675995 0.740001
0.123485 0.648595
0.608974 0.219632
0.474904 0.310867
0.790796 0.110743
0.949453 0.0256021
0.584993 0.235156
0.452256 0.32752
0.415552 0.355367
0.241724 0.508361
0.503187 0.290644
0.371538 0.390463
0.396387 0.370435
0.59421 0.22915
0.1303 0.639033
0.250982 0.499126
0.326452 0.428646
0.489671 0.300235
0.927669 0.036845
0.411488 0.358528
0.0177823 0.86665
0.0134056 0.884223
0.894531 0.054252
0.392598 0.373424
0.986086 0.00698188
0.900055 0.0512884
0.870355 0.067094
0.243439 0.506606
0.133558 0.634976
0.223226 0.527533
0.0335123 0.816965
0.940641 0.0301342
0.115585 0.66004
0.0221979 0.851013
0.978995 0.0105585
0.0885037 0.70253
0.716043 0.153808
6.33365e-05 0.992042
0.866963 0.0689223
0.501185 0.292056
0.165995 0.592787
0.807638 0.101313
0.211961 0.539611
0.935196 0.0329695
0.570426 0.244738
0.317618 0.436424
0.656015 0.190062
0.186939 0.567642
0.0834779 0.711083
0.902811 0.0498365
0.0483552 0.780102
0.0210887 0.854782
0.532823 0.270053
0.707094 0.159112
0.199985 0.552809
0.424514 0.348454
0.0648032 0.74559
0.680035 0.175358
0.0478413 0.781523
0.152266 0.609792
0.181823 0.573633
0.00640695 0.91996
0.122322 0.650365
0.232557 0.517768
0.932611 0.0342829
0.988209 0.00591417
0.526531 0.274376
0.770459 0.122259
0.019571 0.860106
0.830605 0.0886258
0.675043 0.178821
0.40832 0.361007
0.186519 0.568122
0.181351 0.574404
0.788146 0.112227
0.112567 0.664491
0.774679 0.121948
0.611711 0.217881
0.307097 0.445837
0.329631 0.42587
0.860601 0.0723139
0.492182 0.298446
0.156549 0.604337
0.301547 0.45097
0.306668 0.446232
0.979724 0.0101901
0.891703 0.0557303
0.53113 0.271213
0.755904 0.130573
0.917894 0.0419333
0.757652 0.129568
0.35729 0.402265
0.254607 0.495555
0.143835 0.620748
0.00416071 0.935503
0.681923 0.174214
0.80916 0.100791
0.82826 0.0899154
0.943589 0.0287564
0.766147 0.124702
0.0159392 0.87375
0.745982 0.136298
0.762591 0.126737
0.256196 0.49385
0.0106977 0.896591
0.783497 0.11485
0.219269 0.531738
