278660 550.054
1 2.22045e-16
0 1
0 1
0.528756 0.272947
0.412399 0.357817
0.517551 0.28059
0.111577 0.666
0.938122 0.0314333
0.269603 0.480767
0.622569 0.21097
0.578557 0.239371
0.277803 0.472954
0.697428 0.164878
0.403819 0.364533
0.300853 0.451499
0.257679 0.492387
0.225799 0.524817
0.0242198 0.844391
0.00234186 0.951608
0.840844 0.0830279
0.648849 0.194492
0.364094 0.396598
0.465146 0.317989
0.926299 0.037556
0.357783 0.401851
0.470808 0.313847
0.22132 0.529554
0.731158 0.145435
0.334944 0.42149
9.37518e-05 0.990318
0.00307005 0.944592
0.86243 0.0713311
0.643 0.198128
0.88699 0.0582011
0.187794 0.56665
0.0219108 0.851977
0.786893 0.11293
0.615486 0.215471
0.329649 0.426084
0.247012 0.504332
0.45928 0.322298
0.980526 0.00978541
0.594258 0.229119
0.198173 0.554834
0.932593 0.0342914
0.17978 0.575997
0.417835 0.353599
0.672299 0.180361
0.706579 0.159417
0.440399 0.336376
0.162545 0.596831
0.95918 0.0206232
0.745792 0.136408
0.118421 0.655881
0.94764 0.0265328
0.554365 0.255443
0.584395 0.235564
0.847609 0.0793442
0.876171 0.0639601
0.183433 0.571709
0.126565 0.644241
0.90062 0.0510139
0.0074862 0.913521
0.306925 0.446006
0.00136112 0.963177
0.0729974 0.729851
0.149434 0.613443
0.0697796 0.735843
0.0779134 0.720909
0.0375392 0.80625
0.482689 0.305243
0.68691 0.1712
0.123065 0.649194
0.262569 0.487587
0.379715 0.383793
0.383869 0.380484
0.345998 0.411785
0.00874678 0.906476
0.231429 0.51893
0.285911 0.465294
0.881153 0.0613195
0.566011 0.247664
0.819681 0.0946388
0.395107 0.371536
0.589099 0.232473
0.211244 0.540465
0.813089 0.0982857
0.0437548 0.790824
0.548606 0.259326
0.0159289 0.87379
0.659335 0.188006
0.856329 0.0746195
0.761157 0.12756
0.514636 0.282622
0.280669 0.470226
0.919592 0.0410464
0.828259 0.0899126
0.772528 0.121072
0.0315638 0.822338
0.242052 0.508013
0.145207 0.619073
0.611166 0.218229
0.737612 0.141157
0.0991307 0.685151
0.158065 0.602555
0.754966 0.131112
0.296048 0.455898
0.136643 0.630353
0.130255 0.639091
0.809311 0.100386
0.0267401 0.836485
0.0670876 0.740987
0.216495 0.534745
0.496143 0.295626
0.0579645 0.761014
0.152608 0.60935
0.0143952 0.880023
0.0908711 0.698552
0.353357 0.405562
0.0299663 0.827338
0.681088 0.174723
0.751554 0.133078
0.140616 0.625199
0.677885 0.176662
0.0178356 0.867396
0.953393 0.0235813
0.725484 0.148247
0.571218 0.24421
0.202906 0.549553
0.534427 0.268958
0.915975 0.0429349
0.606184 0.221422
0.033923 0.815893
0.600141 0.225532
0.503457 0.290454
0.0757861 0.724711
0.266243 0.484013
0.289242 0.462188
0.0542675 0.767081
0.349899 0.408477
0.081913 0.713796
0.794955 0.108399
0.852116 0.076899
0.0199316 0.858821
0.16589 0.592704
0.206526 0.545696
0.823617 0.0924667
0.428913 0.34513
0.0352845 0.812159
0.293024 0.45873
0.541854 0.265473
0.452376 0.327413
0.175249 0.581373
0.374531 0.38801
0.0123319 0.888951
0.740445 0.139509
0.54477 0.261915
0.779146 0.11731
0.965016 0.0176509
0.49073 0.299481
0.389023 0.376284
0.0107832 0.896168
0.252118 0.497887
0.320183 0.434154
0.765055 0.125327
0.910434 0.0458337
0.476388 0.309794
0.792691 0.109668
0.499299 0.293389
0.00621116 0.92119
0.0530273 0.769735
0.708571 0.158233
0.32486 0.430036
0.974342 0.0129122
0.192141 0.561663
0.0278588 0.833126
0.309902 0.443311
0.0106704 0.899993
0.168548 0.589454
0.155881 0.605288
0.00428298 0.934556
0.780749 0.1164
0.630225 0.206135
0.665505 0.184215
0.801335 0.10483
0.454502 0.325832
0.00034941 0.981308
0.316229 0.437762
0.0468411 0.783574
0.433994 0.341219
0.0400366 0.79991
0.000834917 0.971105
0.769199 0.122962
0.986511 0.0067676
0.17145 0.585936
0.105824 0.677914
0.447009 0.331413
0.560016 0.251658
0.340868 0.416161
0.445707 0.332387
0.251306 0.498715
0.869818 0.0673596
0.508254 0.287084
0.992866 0.00357346
0.868656 0.0679827
0.636838 0.201979
0.339755 0.417115
0.435614 0.33999
0.422443 0.350044
0.628874 0.206984
0.0827929 0.712264
0.368712 0.392783
0.834646 0.0864144
0.0131043 0.885526
0.967666 0.0163152
0.721794 0.150416
0.108936 0.670056
0.107197 0.672591
0.215101 0.538019
0.0884538 0.702622
0.893602 0.054695
0.655359 0.190461
0.714377 0.154792
0.536987 0.26721
0.478106 0.308548
0.0859996 0.706743
0.390912 0.374792
0.904898 0.0487388
0.119581 0.654195
0.00522212 0.927736
0.142815 0.622093
0.99592 0.00204281
0.000455689 0.978674
0.0189464 0.862394
0.666818 0.183411
0.0647214 0.745653
0.803514 0.103638
0.48802 0.301463
0.0959389 0.691116
0.602706 0.223678
0.718574 0.152317
0.893446 0.0547774
0.972375 0.0140288
0.0503488 0.775615
0.691676 0.168333
0.637175 0.201768
0.400006 0.36754
0.0473185 0.782477
0.0498915 0.776665
0.833715 0.0869199
