9494 30.0041
1 0
0 1
0.553877 0.257466
0.567671 0.247497
0.967012 0.0177191
0.729738 0.145889
0.97846 0.011255
0.0222154 0.853902
0.01846 0.868397
0.540901 0.267052
0.0275922 0.836431
0.602717 0.224589
0.0805178 0.719297
0.0745435 0.728794
0.804114 0.104541
0.0311401 0.824129
0.264305 0.486374
0.576008 0.242013
0.959189 0.0212846
0.0391526 0.803522
0.530544 0.272537
0.0360568 0.811563
0.993179 0.0072461
0.269503 0.481429
0.461743 0.321827
0.469779 0.316173
0.0134338 0.886803
0.29916 0.455205
0.0983935 0.68805
0.138566 0.630757
0.341906 0.415741
0.510486 0.286982
0.721012 0.151044
0.813852 0.100292
0.759328 0.129816
0.738562 0.141783
0.610526 0.219446
0.386038 0.380219
0.260808 0.495027
0.348036 0.411372
0.584326 0.235878
0.431754 0.344325
0.338105 0.421717
0.983883 0.00816095
0.248304 0.503723
0.12651 0.646727
0.317715 0.438998
0.867314 0.0699304
0.707917 0.158669
0.00846297 0.908578
0.766687 0.125863
0.0531132 0.7699
0.702879 0.163136
0.5 0.292893
0.211087 0.541678
0.170662 0.587277
0.619762 0.213117
0.0561503 0.764898
0.000648723 0.974887
0.526711 0.274649
0.194458 0.559985
0.407706 0.365912
0.119127 0.655525
0.753164 0.13215
9.99934e-05 0.990684
0.198431 0.555217
0.0356174 0.821763
0.67642 0.17778
0.115843 0.661441
0.597416 0.230709
0.00542043 0.931503
0.748304 0.136418
0.205104 0.547998
0.132689 0.635735
0.411926 0.360683
0.130703 0.640253
0.453755 0.329541
0.0883234 0.702868
0.353242 0.407543
0.790819 0.112123
0.0510421 0.777914
0.85389 0.0781169
0.437045 0.34007
0.233786 0.5187
0.0832285 0.713459
0.331554 0.424326
0.472932 0.312468
0.011291 0.896134
0.917083 0.0432522
0.305399 0.449006
0.374216 0.390461
0.519073 0.282007
0.770537 0.122847
0.495988 0.297263
0.898067 0.0564629
0.400585 0.367082
0.416017 0.357
0.480538 0.31013
0.50608 0.289233
0.183145 0.574853
0.000361488 0.98283
0.873177 0.0669426
0.820509 0.0946799
0.902894 0.0524235
0.123285 0.651235
0.0592804 0.758208
0.225332 0.525963
0.102717 0.682523
0.281044 0.470649
0.015409 0.879854
0.842677 0.0822513
0.426462 0.348466
0.891522 0.0575506
0.911927 0.0464737
0.65945 0.189055
0.689173 0.170494
0.00117119 0.965794
0.545668 0.262192
0.447688 0.332446
0.878824 0.0651828
0.228831 0.521885
0.457362 0.325002
0.0872517 0.709117
0.223942 0.533091
0.615349 0.217521
0.174862 0.581835
0.32807 0.428561
0.827922 0.0922792
0.00443864 0.940669
0.847025 0.0813447
0.010294 0.90042
0.178549 0.579744
0.945354 0.0319855
0.357433 0.403676
0.742805 0.139234
0.0955111 0.695636
0.237023 0.513159
0.371181 0.396436
0.520774 0.280581
0.906745 0.0489156
0.626079 0.210385
0.360543 0.399707
0.652769 0.196318
0.2917 0.460919
0.0265645 0.844295
0.952029 0.0245516
0.860342 0.072466
0.664408 0.186208
0.0725125 0.734219
0.0167611 0.874095
0.39273 0.37665
0.243079 0.508387
0.0923796 0.697143
0.112152 0.666005
0.312262 0.443014
0.381376 0.384971
0.166887 0.591743
0.00646722 0.92525
0.156966 0.606186
0.949304 0.0261319
0.923767 0.0415973
0.999297 0.00183428
0.0688481 0.737644
0.0240799 0.847789
0.276667 0.477304
0.653845 0.1916
0.365261 0.396529
0.202525 0.55056
0.190606 0.565184
0.570929 0.244532
0.252137 0.498818
0.0479053 0.781757
0.59238 0.2317
0.106723 0.673605
0.698154 0.167029
0.67064 0.18209
0.926619 0.0387139
0.940004 0.032058
0.150357 0.612801
0.061046 0.753675
0.39774 0.372387
0.154093 0.610556
0.835887 0.0862259
0.294221 0.458205
0.322198 0.434564
0.110408 0.6704
0.633127 0.204948
0.550029 0.260329
0.104908 0.678498
0.286716 0.465643
0.647134 0.199858
0.683496 0.173297
0.380389 0.388953
0.0016078 0.959906
0.0425703 0.796266
0.0042842 0.945739
0.629519 0.207891
0.254773 0.496474
0.694561 0.168413
0.420886 0.353205
0.185697 0.570523
0.0634477 0.749098
0.81886 0.0994491
0.93376 0.0339015
0.588467 0.235387
0.857682 0.0749553
0.783876 0.115915
0.796878 0.108534
0.883267 0.0612287
0.931554 0.0358436
0.885011 0.0594123
0.323785 0.431974
0.00793635 0.916254
0.218698 0.534918
0.831176 0.0899644
0.7764 0.118948
0.681451 0.175435
0.0685777 0.744283
0.441382 0.336914
0.0453278 0.788329
0.714809 0.156801
0.142318 0.625078
0.483165 0.306295
0.79916 0.108456
0.276767 0.47474
0.146684 0.618864
0.490878 0.300284
0.485434 0.30378
0.240394 0.510243
0.444269 0.335899
0.785597 0.114319
0.0439266 0.795765
0.285749 0.467682
0.142714 0.623631
0.00340379 0.952133
0.778082 0.118831
0.00664958 0.918514
0.670172 0.185122
0.423732 0.352317
0.187741 0.567114
0.159603 0.601951
0.0657539 0.746095
0.148085 0.61798
0.215091 0.540085
0.644638 0.20086
0.00280557 0.954835
0.637298 0.202693
0.718376 0.154465
0.161413 0.600595
0.396371 0.376111
