222955 440.039
1 0
8.32667e-17 1
0.0203043 0.857526
0.321622 0.432931
0.887304 0.0580325
0.403514 0.364785
0.897226 0.0527802
0.82954 0.0892167
0.0731735 0.729494
0.00795331 0.910819
0.612457 0.217404
0.198835 0.554188
0.00965369 0.901747
0.562209 0.250196
0.0233035 0.847348
0.366914 0.394266
0.618993 0.213239
0.384873 0.379621
0.203461 0.548934
0.13766 0.628975
0.929334 0.0359823
0.661861 0.186452
0.0307628 0.824607
0.667683 0.182888
0.948226 0.0262452
0.556546 0.25398
0.261639 0.488494
0.551026 0.257689
0.722781 0.149852
0.606916 0.220953
0.427886 0.345871
0.493577 0.29745
0.499207 0.293455
0.624214 0.20993
0.478582 0.308204
0.00660706 0.91872
0.0339774 0.81638
0.601238 0.224612
0.22423 0.526471
0.421565 0.35072
0.568261 0.246169
0.744204 0.137328
0.0247896 0.842553
0.0696953 0.736008
0.277766 0.472965
0.821199 0.0937998
0.588647 0.232767
0.796108 0.108071
0.716958 0.153267
0.0670804 0.741003
0.227855 0.522658
0.296619 0.455373
0.303819 0.448804
0.086991 0.705058
0.802398 0.104454
0.0533832 0.768952
0.128017 0.642205
0.234196 0.516062
0.711864 0.15628
0.308824 0.44428
0.0182606 0.865035
0.683825 0.173064
0.640994 0.199379
0.147446 0.616014
0.676312 0.177619
0.155475 0.605706
0.241026 0.509056
0.31772 0.436379
0.186044 0.568673
0.942837 0.0290023
7.66149e-05 0.991247
0.194171 0.559419
0.25681 0.493236
0.791113 0.110585
0.522206 0.277363
0.347481 0.410525
0.101825 0.6809
0.781571 0.115935
0.329486 0.425991
0.530266 0.271807
0.706361 0.159569
0.963812 0.0182924
0.0818255 0.713949
0.636543 0.202164
0.968847 0.0156996
0.113974 0.6624
0.111742 0.665722
0.775281 0.1195
0.99397 0.0036509
0.806912 0.101816
0.178359 0.577678
0.0461948 0.785184
0.133435 0.634712
0.160832 0.598962
0.646875 0.195895
0.955313 0.0226002
0.87759 0.0633671
0.751694 0.132997
0.77168 0.121547
0.35548 0.403779
0.207908 0.544109
0.0960783 0.690035
0.165219 0.593722
0.840452 0.0832387
0.53624 0.267716
0.883349 0.0601361
0.253473 0.496539
0.583733 0.236
0.167619 0.5906
0.106845 0.673185
0.437533 0.338538
0.124094 0.64773
0.920107 0.0407777
0.69204 0.168111
0.78553 0.113699
0.100516 0.682957
0.00542481 0.926347
0.866115 0.069347
0.0906712 0.698884
0.900708 0.0509436
0.00187431 0.956707
0.352098 0.406626
0.00122632 0.964982
0.171902 0.58539
0.283903 0.467306
0.765581 0.125056
0.488512 0.301063
0.650493 0.193534
0.0493505 0.777873
0.844327 0.0811275
0.272256 0.480192
0.517307 0.28076
0.00236772 0.951341
0.0638005 0.747412
0.736113 0.142029
0.985278 0.00739222
0.504208 0.289924
0.444784 0.33308
0.000468819 0.97835
0.174239 0.58258
0.000873323 0.970448
0.0601713 0.754708
0.246868 0.503141
0.0842766 0.709696
0.85799 0.0737228
0.923573 0.038973
0.118096 0.656414
0.539211 0.26569
0.674065 0.179759
0.396302 0.370475
0.45752 0.323598
0.299792 0.452467
0.574575 0.244698
0.849781 0.0781643
0.0384587 0.803894
0.728594 0.146423
0.526831 0.274169
0.151049 0.61135
0.696029 0.165717
0.759113 0.128729
0.976839 0.0116508
0.00030575 0.984066
0.0560277 0.763584
0.249531 0.50099
0.0791944 0.720406
0.686725 0.171312
0.450747 0.328879
0.460233 0.321595
0.0576764 0.759995
0.373985 0.388457
0.408085 0.361187
0.0505625 0.775139
0.232969 0.517921
0.131146 0.637859
0.343378 0.414016
0.371511 0.390483
0.958354 0.0210445
0.740398 0.139536
0.274803 0.475785
0.442561 0.334931
0.417781 0.35364
0.853191 0.0763164
0.0146484 0.87897
0.334896 0.421298
0.142371 0.622691
0.0288439 0.830165
0.906915 0.0476793
0.862312 0.0713937
0.414419 0.356247
0.00405581 0.936315
0.936084 0.032486
0.107722 0.67179
0.290814 0.460728
0.513742 0.283242
0.594301 0.229091
0.340524 0.416455
0.158284 0.602151
0.0128813 0.886505
0.452298 0.327469
0.818221 0.0954446
0.913778 0.0440824
0.360956 0.399204
0.73137 0.1448
0.57961 0.238755
0.242269 0.507792
0.390327 0.375238
0.219168 0.531846
0.753909 0.131724
0.630088 0.20622
0.266241 0.484015
0.214765 0.536573
0.596043 0.227962
0.974182 0.0129933
0.0167155 0.870712
0.027567 0.833967
0.00467164 0.931651
0.483405 0.304729
0.410777 0.359081
0.379708 0.383796
0.871982 0.0662005
0.190386 0.563669
0.468391 0.31561
0.0767722 0.722928
0.576532 0.240708
0.0622531 0.750495
0.989708 0.00515923
0.2107 0.54098
0.121848 0.650981
0.0925334 0.695807
0.431999 0.342736
0.631356 0.205421
0.510102 0.285786
0.465049 0.318071
0.336814 0.419645
0.0364548 0.809072
0.378667 0.384641
0.0158701 0.874024
0.812292 0.0988996
0.937493 0.0317578
0.47295 0.312338
0.141572 0.62374
0.762414 0.126837
0.544529 0.262078
0.33006 0.425491
0.360383 0.399682
0.507559 0.287568
0.655919 0.190114
0.267474 0.482821
0.0355532 0.811445
0.391403 0.374432
