233984 470.061
0.999813 0.0036403
7.52579e-08 1.01344
0.163181 0.607374
0.173273 0.593962
0.00156612 0.97382
0.00318275 0.953851
0.0503785 0.787021
0.665203 0.19151
0.847037 0.0853669
0.836832 0.0921417
0.193442 0.569406
0.0406528 0.808872
0.657937 0.197855
0.201951 0.561412
0.706252 0.166968
0.244015 0.512388
0.796837 0.112283
0.0944048 0.703211
0.238318 0.520767
0.640699 0.206484
0.71448 0.161833
0.631912 0.211616
0.548865 0.267126
0.99357 0.00848287
0.104806 0.684375
0.296884 0.461796
0.090174 0.711733
0.893953 0.062814
0.577115 0.248262
0.900376 0.0582847
0.787241 0.118004
6.80958e-05 1.00342
0.0343909 0.827828
0.0452285 0.800684
0.0548318 0.777202
0.292825 0.468593
0.0628093 0.761286
0.583989 0.243461
0.755556 0.136922
0.539538 0.27206
0.335098 0.429316
0.461727 0.326111
0.865102 0.0780256
0.620349 0.217397
0.000255153 0.992761
0.671598 0.186911
0.0468131 0.794624
0.457467 0.331071
0.00801656 0.921353
0.733013 0.148553
0.151906 0.621057
0.700115 0.170885
0.187235 0.578647
0.939766 0.0342201
0.400249 0.376891
0.856718 0.0822769
0.720193 0.158664
0.329769 0.433812
0.488498 0.306009
0.373479 0.397437
0.0585461 0.76736
0.030393 0.835101
0.746635 0.142169
0.0817967 0.721959
0.207551 0.550602
0.342514 0.427193
0.0705414 0.74291
0.979081 0.0166417
0.807704 0.107704
0.650254 0.200428
0.0145708 0.894616
0.0278435 0.84719
0.626227 0.214173
0.423609 0.360965
0.905763 0.0536966
0.0172406 0.882007
0.874559 0.0718223
0.123783 0.655924
0.385939 0.385868
0.934696 0.0379753
0.485737 0.310915
0.00975611 0.913395
0.110492 0.677013
0.553227 0.263643
0.0246809 0.853326
0.78001 0.124677
0.18063 0.582388
0.601095 0.232966
0.376674 0.393232
0.023091 0.859259
0.380086 0.387362
0.511315 0.291896
0.0686522 0.750905
0.404454 0.37153
0.740142 0.145804
0.426058 0.354235
0.135886 0.641397
0.203059 0.55513
0.156716 0.612149
0.318381 0.442439
0.430423 0.351311
0.769287 0.129281
0.0126698 0.902838
0.915202 0.047699
0.0790315 0.728537
0.065326 0.754317
0.00446564 0.945681
0.614055 0.220997
0.367121 0.401509
0.127191 0.651842
0.147621 0.626256
0.074077 0.738746
0.0976332 0.696311
0.763401 0.132715
0.272847 0.484579
0.269594 0.489498
0.814708 0.104872
0.220905 0.538957
0.867397 0.0737857
0.686406 0.17914
0.0376708 0.81744
0.645722 0.203125
0.469444 0.323734
0.801843 0.109495
0.00702248 0.929145
0.911442 0.0521604
0.115778 0.670624
0.189108 0.572897
0.559833 0.261333
0.879293 0.0686131
0.93049 0.0419559
0.773936 0.126978
0.471091 0.319924
0.408425 0.368524
0.946524 0.0318675
0.56202 0.257016
0.0150285 0.887717
0.0770313 0.733441
0.573235 0.253971
0.823197 0.100359
0.504039 0.299166
0.121606 0.663381
0.391726 0.381953
0.987085 0.0127571
0.680548 0.182718
0.315533 0.447098
0.139225 0.635428
0.531034 0.276847
0.412246 0.364
0.725742 0.155174
0.352093 0.416042
0.0288476 0.840069
0.506648 0.296231
0.594234 0.234012
0.828178 0.0973507
0.416458 0.361855
0.478044 0.317003
0.289011 0.473968
0.311257 0.454186
0.567933 0.254161
0.266016 0.493621
0.344681 0.421354
0.444392 0.342362
0.525685 0.285509
0.283886 0.474017
0.515459 0.288413
0.529587 0.282104
0.438819 0.346404
0.784774 0.121095
0.728372 0.152191
0.922265 0.0467452
0.831579 0.0942979
0.280263 0.479252
0.481222 0.31568
0.154362 0.614894
0.0371842 0.821093
0.395008 0.380035
0.0566299 0.772904
0.0112755 0.907647
0.452452 0.335561
0.435436 0.34731
0.535572 0.273358
0.021331 0.866672
0.101987 0.690255
0.677174 0.184674
0.520634 0.287196
0.589079 0.240457
0.22031 0.544819
0.255158 0.503912
0.973119 0.0203477
0.886291 0.0656465
0.118529 0.665719
0.925096 0.0437275
0.817392 0.101622
0.613927 0.227099
0.495936 0.303252
0.852512 0.0833546
0.277964 0.481974
0.347452 0.417835
0.177569 0.589493
0.26213 0.49633
0.355632 0.411372
0.230989 0.532384
0.00595528 0.934815
0.00508845 0.939565
0.956273 0.0297668
0.225712 0.534461
0.497875 0.302491
0.68938 0.175912
0.14551 0.630667
0.759414 0.135288
0.605331 0.228418
0.131002 0.647134
0.000884523 0.983103
0.323245 0.438484
0.984643 0.0143589
0.950786 0.0299656
0.2133 0.547829
0.303199 0.45744
0.114277 0.676945
0.963866 0.0258739
0.591724 0.238077
0.960907 0.0278707
0.361348 0.406436
0.967268 0.0225814
0.312425 0.45123
0.303616 0.456769
0.324864 0.436995
0.142611 0.633393
0.446597 0.340066
0.234423 0.525178
0.36474 0.404711
0.358186 0.409628
0.250143 0.509394
0.232934 0.526419
0.133273 0.645932
0.0197459 0.875225
0.250467 0.508208
0.258462 0.49856
0.100527 0.693402
0.452288 0.339244
0.000782986 0.985028
0.0853715 0.715717
0.178465 0.586609
0.745053 0.144139
0.214468 0.545649
0.884692 0.0665957
0.608128 0.228017
0.694409 0.173081
0.0851479 0.716893
