140982 50.001
1.64117e-09 1.32788
5.05609e-08 1.16253
0.771307 0.205703
0.472956 0.407227
0.0991512 0.801003
0.284698 0.580755
0.472953 0.407718
0.0478895 0.90599
0.0120644 1.0485
0.392189 0.474443
0.317862 0.531146
0.64217 0.282332
0.0478853 0.907749
0.704286 0.24467
0.541575 0.346643
0.231455 0.623602
0.704286 0.245819
0.0767906 0.860599
0.704284 0.248059
0.809921 0.173446
0.076781 0.902559
0.349381 0.508581
0.704293 0.244458
0.076783 0.886655
0.654014 0.279357
0.974317 0.0875447
0.788917 0.190778
0.788909 0.192516
0.788888 0.197223
0.635491 0.286133
2.39224e-07 1.14061
0.344702 0.52514
5.84244e-07 1.13828
0.0451819 0.911937
0.0451742 0.918784
0.198588 0.672528
8.28054e-10 1.73367
0.0345697 0.936083
0.552416 0.343868
0.287223 0.562105
0.226778 0.651528
0.198979 0.663428
0.22678 0.638552
0.753255 0.211026
7.76994e-07 1.13276
0.88755 0.130742
0.449509 0.42804
0.711276 0.235365
0.71127 0.238921
0.0865968 0.817313
0.0345464 0.936566
0.677496 0.256417
0.406502 0.456444
0.803062 0.183772
0.658197 0.270618
0.174627 0.685882
0.0345442 0.951259
0.677492 0.261726
0.086593 0.821106
0.803066 0.176586
0.0865921 0.822788
0.406511 0.4511
0.0865881 0.826936
0.956603 0.0903413
0.752647 0.229244
0.287201 0.566342
0.677505 0.254171
0.270266 0.58484
0.086604 0.816478
0.502669 0.377368
0.731806 0.230492
0.122421 0.748516
0.83442 0.15876
0.626766 0.286751
0.118295 0.759298
0.229163 0.628718
0.834422 0.158675
3.41727e-06 1.11743
0.891626 0.122056
0.122411 0.752321
0.502659 0.379835
0.258626 0.585207
0.834408 0.16235
0.420539 0.435973
1.48213e-06 1.13053
0.796504 0.18727
0.327022 0.526048
0.0140809 0.992446
0.980345 0.0754923
0.948677 0.0918413
0.0140589 1.02962
0.835863 0.154263
0.94865 0.10126
4.13095e-09 1.18563
0.147666 0.715994
0.258605 0.619627
0.371364 0.475296
0.472526 0.412542
0.913199 0.117966
0.721654 0.23216
0.721652 0.23335
0.147658 0.745979
0.0876119 0.810549
0.478555 0.388986
0.258608 0.609555
0.668794 0.267433
0.587126 0.307705
0.452292 0.412615
0.452288 0.426134
0.0876133 0.807488
0.47856 0.385293
0.371354 0.494151
0.0247616 0.954017
0.452281 0.426393
0.827678 0.164813
0.587118 0.310024
0.508245 0.364175
