78484 310.071
0.999945 0.0010738
8.47221e-07 1.01694
0.289579 0.476673
0.485548 0.305422
0.243656 0.511254
0.256846 0.497876
0.272997 0.482146
0.202269 0.552465
0.226233 0.527899
0.219897 0.538895
0.000166856 0.990158
0.546673 0.26289
0.51001 0.288498
0.521185 0.281264
0.924233 0.0403498
0.200307 0.565748
0.557632 0.256811
0.505147 0.298809
0.535475 0.270108
0.934897 0.0351852
0.528161 0.275177
0.914238 0.045652
0.4998 0.303102
0.179371 0.578623
0.492623 0.304537
0.578148 0.241554
0.18965 0.567461
0.000490226 0.981086
0.00139355 0.965973
0.000843137 0.974487
0.174862 0.58466
0.586815 0.236079
0.0019697 0.959284
0.585142 0.238904
0.574524 0.244904
0.59314 0.231769
0.612639 0.21927
0.882348 0.0621923
0.826834 0.0927637
0.00945369 0.906127
0.750978 0.13588
0.831114 0.0900544
0.896136 0.0553802
0.772482 0.122818
0.159703 0.603041
0.0375832 0.80919
0.165176 0.596611
0.903032 0.0514392
0.599206 0.228462
0.621693 0.213237
0.890856 0.0579616
0.0978464 0.690109
0.983406 0.0101687
0.994827 0.00453967
0.638262 0.20316
0.183233 0.575526
0.0124613 0.891684
0.721882 0.152121
0.870165 0.0689498
0.0260108 0.841519
0.168688 0.59224
0.0571762 0.764286
0.117205 0.661283
0.76836 0.125798
0.887132 0.0594692
0.11374 0.664617
0.785884 0.115423
0.874331 0.066564
0.725961 0.149666
0.0394017 0.804427
0.125738 0.648012
0.00667864 0.92175
0.133823 0.637609
0.6031 0.225281
0.0548201 0.768813
0.835214 0.0877196
0.0448241 0.791862
0.00404212 0.939624
0.908205 0.0489408
0.878431 0.0645943
0.533574 0.272328
0.0356524 0.813872
0.0609204 0.755688
0.96337 0.0204133
0.0182515 0.867757
0.00843886 0.911585
0.0631186 0.751863
0.764359 0.127479
0.0588534 0.759995
0.68827 0.172717
0.855784 0.0769474
0.128305 0.644133
0.0245627 0.84639
0.695721 0.168163
0.958251 0.0229143
0.99123 0.00635604
0.740131 0.141885
0.130909 0.640954
0.692021 0.170342
0.699659 0.165864
0.678432 0.178533
0.0427642 0.79601
0.94884 0.0274055
0.162466 0.599171
0.140387 0.62807
0.00747664 0.916574
0.0690442 0.739707
0.809111 0.102289
0.156943 0.606854
0.0891497 0.704317
0.0277956 0.836723
0.0410811 0.800061
0.776589 0.120852
0.0667758 0.744274
0.0830217 0.714005
0.147817 0.618215
0.0464036 0.787151
0.986835 0.00859796
0.977842 0.0126479
0.760307 0.13002
0.0316765 0.824871
0.0169413 0.872699
0.105608 0.678012
0.143057 0.624631
0.561827 0.252309
0.0105042 0.900039
0.866319 0.0713776
0.73594 0.143868
0.71815 0.154705
0.839282 0.0857802
0.702787 0.16325
0.0196822 0.863026
0.111799 0.668639
0.664748 0.186698
0.661422 0.188999
0.0499905 0.779981
0.0231304 0.850833
0.0655115 0.747927
0.65784 0.191058
0.145187 0.62133
0.822451 0.0950826
0.634613 0.205557
0.805586 0.104222
0.674967 0.180962
0.81342 0.100303
0.746497 0.138207
0.859259 0.0745778
0.65424 0.19298
0.119474 0.657528
0.94446 0.0299811
0.851288 0.0788065
0.0033882 0.945226
0.89963 0.0534784
0.668437 0.184727
0.939335 0.0335461
0.12326 0.651675
0.789944 0.112794
0.650829 0.195005
0.0483412 0.783669
0.0158163 0.876917
0.0793865 0.720997
0.569766 0.247248
0.00265619 0.952623
0.0726554 0.733238
0.647616 0.197071
0.222013 0.531754
0.0817057 0.7173
0.185515 0.571835
0.706681 0.161562
0.729822 0.147479
0.150319 0.614769
0.799162 0.108166
0.0303534 0.829111
0.801908 0.106117
0.0219586 0.855086
0.1031 0.681524
0.631512 0.207466
0.136187 0.633667
0.67124 0.182368
0.625525 0.211053
0.051564 0.775567
0.862622 0.0728229
0.0112592 0.896425
0.754936 0.133158
0.0859825 0.709843
0.0057703 0.927502
0.567563 0.248612
0.0047554 0.934061
0.10833 0.675212
0.0208142 0.858943
0.0291133 0.832835
0.608904 0.222429
0.64243 0.200424
0.743378 0.139266
0.0709464 0.736581
0.109691 0.671906
0.053118 0.772779
0.15434 0.609467
0.816076 0.0982456
0.138219 0.63167
0.795413 0.110096
0.732785 0.145955
0.848824 0.0808961
0.684141 0.174692
0.121442 0.654535
0.628059 0.209324
0.682073 0.176161
0.819633 0.0966301
0.0746015 0.729541
0.952634 0.0262858
0.10029 0.685907
0.564293 0.251966
0.714867 0.156491
0.0781831 0.72453
0.595484 0.230793
0.96633 0.0186587
0.972395 0.015919
0.911161 0.047179
0.152293 0.612161
0.842629 0.0837623
0.220619 0.532884
0.0331596 0.820305
0.781732 0.117293
0.170812 0.589399
0.0149789 0.881518
0.84514 0.0823813
0.955022 0.0241416
0.0136876 0.885907
0.709676 0.159574
0.0340951 0.818133
0.0952329 0.693976
0.969493 0.0171659
0.172652 0.5871
0.975761 0.0140985
0.780074 0.118709
0.941849 0.031325
0.607244 0.223988
0.0869483 0.7077
0.999803 0.00195442
0.0763143 0.727359
0.644293 0.199107
0.094499 0.695668
0.757096 0.131762
0.188086 0.569772
0.712228 0.158208
0.792813 0.111575
0.00292948 0.949487
0.617407 0.216052
0.61712 0.216699
0.0914585 0.700435
