186563 330.033
0.999762 0.00487179
2.78107e-07 1.07093
2.85548e-07 1.02407
0.595894 0.237466
0.584122 0.245365
0.270977 0.488244
0.968753 0.0207192
0.133355 0.644043
0.602992 0.231757
0.567226 0.25524
0.870929 0.0726222
0.0678422 0.747997
0.300496 0.460742
0.00296966 0.960234
0.981745 0.0192177
0.0120128 0.901446
0.680283 0.183735
0.0158798 0.891058
0.661587 0.194637
0.865083 0.0799137
0.277333 0.480669
0.576881 0.251356
0.73308 0.152251
0.724782 0.157838
0.113872 0.675365
0.12777 0.653893
0.439596 0.346793
0.460361 0.329499
0.688339 0.180966
0.899872 0.0557359
0.367903 0.400348
0.446052 0.341658
0.282264 0.478511
0.81543 0.105274
0.0585371 0.76998
0.692407 0.175768
0.752639 0.1409
1.8055e-05 1.0136
0.668966 0.188483
0.00254747 0.970071
0.296145 0.468812
0.486018 0.309058
0.62766 0.216192
0.100559 0.696685
0.608657 0.227165
0.528098 0.283595
0.357496 0.412942
0.699589 0.172759
0.389303 0.383091
0.0960199 0.702006
0.71303 0.16173
0.645575 0.206867
0.560805 0.257962
0.43519 0.351337
0.218287 0.542674
0.000703714 0.996084
0.887432 0.0673718
0.385325 0.388607
0.322231 0.441572
0.948563 0.0319402
0.350885 0.416879
0.821904 0.100861
0.227325 0.534084
0.794676 0.11616
0.253083 0.50811
0.0613185 0.764499
0.428104 0.353716
0.247268 0.510953
0.745235 0.14316
0.531587 0.277315
0.90782 0.0541356
0.000175317 1.00408
0.989268 0.0115683
0.0742598 0.741283
0.224494 0.539319
0.0382285 0.816616
0.000928493 0.986081
0.0256008 0.850192
0.394795 0.379204
0.649396 0.202295
0.783743 0.120707
0.375689 0.398798
0.955377 0.0303281
0.00450221 0.949417
0.050371 0.787367
0.994954 0.00809367
0.633832 0.211901
0.0115842 0.908735
0.555839 0.262339
0.00591611 0.939206
0.46804 0.324363
0.00132359 0.97857
0.938783 0.0390737
0.143421 0.634352
0.189333 0.574936
0.116547 0.67023
0.943328 0.0361056
0.637181 0.208513
0.085787 0.716734
0.913918 0.052424
0.62174 0.218626
0.316961 0.446226
0.76695 0.130971
0.289723 0.473251
0.416394 0.363755
0.193789 0.569788
0.800283 0.111752
0.202186 0.558109
0.0552589 0.778464
0.492538 0.306254
0.672567 0.186232
0.541818 0.271829
0.858109 0.080875
0.0472116 0.792791
0.475842 0.319905
0.521602 0.286256
0.708812 0.167169
0.169837 0.597402
0.720127 0.159851
0.538687 0.276595
0.236269 0.522388
0.24437 0.517197
0.408932 0.370159
0.0922692 0.707337
0.089734 0.711657
0.547073 0.268727
0.179854 0.586743
0.083261 0.722187
0.788775 0.117987
0.265534 0.493368
0.80883 0.107504
0.107909 0.682381
0.449594 0.336764
0.404883 0.374805
0.553948 0.268476
0.982388 0.0129367
0.341758 0.42611
0.832037 0.0940611
0.214957 0.548244
0.778194 0.124664
0.703534 0.168103
0.50175 0.301072
0.0100168 0.917146
0.0299646 0.842292
0.762065 0.135912
0.399977 0.376377
0.0162609 0.883896
0.36413 0.407258
0.757796 0.136368
0.146453 0.628532
0.496864 0.303727
0.741266 0.147107
0.157497 0.6137
0.161308 0.609403
0.964376 0.0257673
0.877902 0.0702578
0.119798 0.664092
0.163077 0.604807
0.504888 0.296872
0.00903603 0.921393
0.0807665 0.727623
0.166832 0.600593
0.327559 0.438869
0.0241585 0.859184
0.329347 0.434618
0.102538 0.689343
0.41168 0.365693
0.263188 0.495952
0.894011 0.0602255
0.182172 0.58015
0.892981 0.0626555
0.960551 0.0267677
0.174652 0.592444
0.0530584 0.78111
0.423147 0.360768
0.615268 0.225244
0.20781 0.554413
0.037234 0.825159
0.738724 0.15118
0.517179 0.288454
0.240221 0.51981
0.0650723 0.758486
0.580452 0.247691
0.0320179 0.834225
0.256512 0.502309
0.126177 0.657708
0.482489 0.315189
0.616865 0.221959
0.259007 0.500755
0.0655376 0.755186
0.0229193 0.861867
0.30524 0.455495
0.199137 0.562166
0.336113 0.429086
0.806075 0.111298
0.9192 0.0489888
0.924955 0.0472023
0.196469 0.565411
0.932167 0.0419285
0.122836 0.662187
0.882475 0.0701836
0.0437801 0.801751
0.930908 0.0438721
0.186426 0.579559
0.470019 0.322059
0.361678 0.408806
0.333173 0.430353
0.773095 0.130431
0.65528 0.199179
0.0409829 0.810931
0.047105 0.800462
0.837321 0.0930669
0.0279934 0.845152
0.346179 0.419493
0.379233 0.391046
0.423321 0.357132
0.0419363 0.807925
0.151513 0.622022
0.852506 0.0831275
0.022 0.870321
0.138421 0.637666
0.514178 0.292173
0.150809 0.627208
0.47936 0.315509
0.138154 0.640701
0.00741288 0.929272
0.00547558 0.94497
0.23267 0.529522
0.311779 0.450834
0.455555 0.332115
0.307472 0.454742
0.377206 0.392308
0.345928 0.423974
0.848153 0.087653
0.290635 0.470245
0.656399 0.197099
0.0183359 0.878537
0.177538 0.591485
0.774453 0.126287
0.0356345 0.82778
0.844516 0.0897804
0.455301 0.335743
0.23289 0.528367
0.841543 0.0916152
0.0795852 0.732908
0.827179 0.0978248
0.0340619 0.832961
0.106589 0.688614
0.314639 0.450744
0.0761261 0.738602
