1026780 570.016
7.12433e-11 1.6614
7.41241e-11 1.36953
4.23868e-10 1.18229
1.25265e-09 1.18069
0.971475 0.048889
0.895387 0.0915512
0.874467 0.101097
0.891204 0.100243
0.958736 0.0560426
0.316718 0.489139
0.409007 0.411112
0.00188798 1.04207
0.308131 0.49714
0.986552 0.045481
0.433607 0.385894
0.446049 0.382162
0.00278282 1.01681
0.707383 0.197458
0.533981 0.312194
0.451112 0.374782
0.585715 0.287046
0.80449 0.148607
0.264146 0.540306
0.0885021 0.762896
0.00835717 0.977612
0.92901 0.0729388
0.547175 0.311333
0.0356457 0.869261
0.632736 0.253798
0.79394 0.14921
0.462923 0.367434
0.241974 0.561701
0.355969 0.456473
0.202617 0.609148
0.226473 0.579154
0.560576 0.297278
0.133074 0.693954
0.327017 0.487995
0.641787 0.242437
0.771137 0.166557
0.632794 0.245337
0.764152 0.168569
0.571249 0.287911
0.0421967 0.862559
0.257133 0.547428
0.09296 0.754862
0.250281 0.55906
0.566433 0.292763
0.193645 0.612699
0.809157 0.143509
0.953603 0.060127
0.212875 0.592901
0.511588 0.333548
0.00551202 0.999747
0.841855 0.121271
0.738167 0.179377
0.010983 0.965923
0.553032 0.299086
0.0844127 0.770813
0.837545 0.126732
0.0175137 0.935703
0.69972 0.206516
0.379979 0.432826
0.757057 0.169713
0.0651136 0.807668
0.169389 0.647198
2.69306e-08 1.08453
0.754132 0.17545
0.18991 0.623191
0.777532 0.163689
0.208578 0.597403
0.403809 0.41687
0.502217 0.338341
0.120404 0.715714
0.847286 0.11845
0.178721 0.644058
0.470797 0.36226
0.184817 0.627739
0.478722 0.354344
0.235055 0.562951
0.00376956 1.01185
0.204596 0.601988
0.0696608 0.803054
0.390318 0.42348
0.370433 0.44435
0.233458 0.577474
0.0472548 0.852843
0.868825 0.10802
0.374879 0.434578
0.785405 0.155911
0.0119857 0.959617
0.0138792 0.949819
0.862126 0.112627
0.0201138 0.92866
0.779884 0.158227
0.789986 0.153782
0.269473 0.532579
0.519492 0.332405
0.335825 0.469715
0.286524 0.518756
0.396687 0.419127
0.302627 0.501468
0.361984 0.44568
0.110433 0.724231
0.0164781 0.946156
0.506296 0.335119
0.530522 0.316991
0.0525596 0.841869
0.83218 0.129059
0.526759 0.320379
0.853188 0.117631
0.164166 0.655375
0.857638 0.115572
0.385862 0.429067
0.693078 0.209775
0.300807 0.505406
0.678438 0.21832
0.130593 0.698909
0.0212525 0.921049
0.0540588 0.831428
0.000923112 1.05158
0.478728 0.353519
0.646978 0.241705
0.172611 0.646063
0.123249 0.708354
0.046003 0.860549
0.00778663 0.990179
0.745951 0.176974
0.522395 0.323562
0.0321869 0.88791
0.178754 0.634105
0.235046 0.571989
0.690346 0.212288
0.372497 0.441527
0.334723 0.475916
0.463195 0.365721
0.192954 0.618283
0.0245168 0.917172
0.269466 0.537225
0.73483 0.182873
0.182346 0.632744
0.988352 0.0412871
0.254072 0.556018
0.470788 0.363346
0.295118 0.508392
0.328415 0.481237
0.451105 0.380391
0.332015 0.480391
0.356928 0.452198
0.868312 0.112153
0.126419 0.701893
0.827735 0.130595
0.684847 0.216722
0.551943 0.30706
0.15768 0.661299
0.746875 0.17607
0.0706381 0.795216
0.0289828 0.891195
0.36194 0.450683
0.116453 0.722083
0.0266492 0.899614
0.29161 0.514437
0.823223 0.134628
0.699714 0.208369
0.399645 0.418376
0.586557 0.281384
0.0258681 0.906806
0.254509 0.550078
0.519777 0.326405
0.159845 0.660938
0.684869 0.213533
0.00646623 0.992102
0.38885 0.427742
0.116496 0.719694
0.0540665 0.825755
0.571246 0.289353
0.0489163 0.844216
0.163142 0.656664
0.288366 0.515324
0.025302 0.911068
0.0289806 0.897499
0.548925 0.307491
0.293835 0.509856
0.12519 0.705391
0.824284 0.131475
0.0489206 0.842952
0.606437 0.265826
0.606447 0.255978
0.0727891 0.78507
0.624184 0.255256
0.710112 0.192756
0.840774 0.123979
0.662354 0.218894
0.560577 0.295592
0.478715 0.362173
0.941251 0.0633121
0.0488935 0.850728
0.424992 0.389531
4.17322e-06 1.05325
0.144413 0.674487
0.416589 0.393328
0.414397 0.397922
7.9828e-08 1.06021
0.144435 0.664387
0.478721 0.356576
0.138271 0.677179
0.340138 0.458199
0.101021 0.728224
3.99309e-06 1.05963
0.101011 0.728225
0.81227 0.136721
0.414383 0.397969
0.486204 0.340464
0.340142 0.456848
0.101004 0.739778
5.31966e-09 1.09148
0.992828 0.0346663
0.0950815 0.740902
0.0322937 0.870113
0.0765937 0.775957
0.724265 0.184419
0.478736 0.346369
0.101009 0.731125
0.910794 0.07495
0.647939 0.228959
0.718232 0.185014
0.0322571 0.883828
0.587621 0.26901
0.910786 0.0785836
0.144434 0.669574
0.0563997 0.816859
0.213087 0.582192
0.273178 0.519466
0.414381 0.402306
0.929284 0.0673334
0.464793 0.365136
