159857 570.099
0.999701 0.00175614
2.09034e-16 1.00099
0.815517 0.0981601
0.491211 0.300036
0.892262 0.0593915
0.89919 0.0536813
0.0107782 0.899812
0.855493 0.076663
0.94905 0.0517773
0.981796 0.0232239
0.00481458 0.931671
0.474019 0.314605
0.995917 0.014561
0.971376 0.0358271
0.460503 0.324557
0.0152028 0.878356
0.956785 0.0496922
0.964613 0.038841
0.48231 0.307345
0.826184 0.0924397
0.996605 0.00425119
0.0256009 0.841706
0.028531 0.832631
0.480534 0.310075
0.00414577 0.93731
0.00314686 0.945043
0.838699 0.0853467
0.845106 0.0823145
0.439642 0.339247
0.0231722 0.849178
0.443815 0.33518
0.832486 0.0894702
0.0700011 0.736826
0.364772 0.397028
0.0214093 0.855473
0.166833 0.592858
0.455924 0.32681
0.126201 0.64749
0.436598 0.341968
0.123231 0.65047
0.429613 0.346115
0.0489071 0.781265
0.00267883 0.950734
0.850075 0.07954
0.33486 0.422604
0.368355 0.39438
0.393319 0.373807
0.00218629 0.955588
0.452823 0.329057
0.425989 0.349208
0.432462 0.343996
0.0192592 0.863356
0.185718 0.57081
0.0724332 0.732722
0.182893 0.573371
0.0955779 0.692894
0.0897328 0.703069
0.128175 0.64335
0.0505194 0.777103
0.0392093 0.805458
0.320083 0.43576
0.163948 0.5971
0.107768 0.673619
0.403995 0.365641
0.143993 0.622427
0.418602 0.355503
0.0426202 0.795755
0.218738 0.534224
0.302032 0.451906
0.307671 0.446947
0.304854 0.449489
0.138249 0.630087
0.046697 0.784936
0.361472 0.399899
0.396961 0.371305
0.0573855 0.762402
0.177279 0.580386
0.281867 0.470431
0.285022 0.468012
0.100468 0.684919
0.115061 0.662337
0.836145 0.0876996
0.406871 0.363873
0.0792809 0.72051
0.299013 0.454257
0.243863 0.507464
0.20708 0.54608
0.266089 0.485436
0.0353657 0.814888
0.341876 0.41659
0.044035 0.792274
0.310244 0.444275
0.188308 0.56771
0.241808 0.510606
0.390854 0.376433
0.20442 0.549494
0.0918138 0.698898
0.174886 0.583549
0.133754 0.635639
0.409876 0.361187
0.376179 0.387692
0.272595 0.479062
0.352481 0.407982
0.067918 0.740868
0.13582 0.632823
0.0204514 0.858722
0.117185 0.659601
0.120946 0.654023
0.045406 0.788307
0.415057 0.35687
0.0649275 0.746847
0.327543 0.429386
0.00164637 0.960915
0.0247478 0.845007
0.0877834 0.705829
0.287112 0.465295
0.080997 0.717177
0.223179 0.529116
0.0164202 0.875168
0.216546 0.537114
0.289927 0.463037
0.246338 0.504819
0.0932235 0.696431
0.145828 0.61934
0.074291 0.7301
0.449763 0.331841
0.359066 0.401864
0.349359 0.410169
0.154712 0.60837
0.102228 0.68165
0.37915 0.385732
0.232204 0.519784
0.322459 0.433175
0.225976 0.526083
0.279581 0.472956
0.296567 0.456764
0.221186 0.531138
0.344416 0.414516
0.172558 0.58579
0.385611 0.380104
0.23865 0.512415
0.412447 0.359347
0.109849 0.66983
0.211724 0.541549
0.373598 0.390276
0.0589759 0.758976
0.0174652 0.870808
0.371178 0.392107
0.0771032 0.723614
0.236874 0.515176
0.119357 0.656609
0.263499 0.487839
0.312932 0.441979
0.0758995 0.726472
0.0309548 0.826673
0.34716 0.412327
0.447788 0.333725
0.234967 0.518073
0.827023 0.0920218
0.214161 0.539452
0.0602087 0.755814
0.0182789 0.86768
0.421014 0.352195
0.192322 0.562643
0.160208 0.601536
0.209311 0.544077
0.0828434 0.71422
0.0320564 0.822726
0.190461 0.565349
0.113351 0.666119
0.0557279 0.766231
0.316849 0.438407
0.0857804 0.709011
0.105824 0.676589
0.0666248 0.743507
0.388385 0.379024
0.325289 0.431393
9.43505e-05 0.993309
0.0633372 0.750203
0.229532 0.522215
0.252465 0.499541
0.000191388 0.988066
0.0620689 0.75282
0.104441 0.679273
0.131614 0.638737
0.152426 0.611438
0.148272 0.616942
0.331869 0.425579
0.0298974 0.829861
0.275726 0.476937
0.400645 0.36838
0.292507 0.460897
0.0544131 0.768489
0.0368461 0.8105
0.294369 0.459172
0.161859 0.598677
0.0844257 0.711482
0.330471 0.4266
0.00121191 0.967333
0.268774 0.482837
0.130375 0.640731
0.15837 0.60437
0.141303 0.625504
0.423503 0.351162
0.35607 0.404169
0.277241 0.475364
0.0522077 0.773647
0.0986398 0.688418
2.70752e-05 0.996758
0.180499 0.576591
0.84809 0.0807161
0.25778 0.49374
0.198 0.556224
0.157122 0.606476
0.140345 0.626762
0.270289 0.48158
0.254471 0.497758
0.339076 0.419422
0.0973846 0.689627
0.314969 0.439684
0.261381 0.490061
0.19624 0.559395
0.227963 0.524331
0.000292479 0.984732
0.382576 0.382726
0.0374371 0.808734
0.355099 0.40583
0.000918118 0.972325
0.337776 0.420034
0.0405413 0.800981
0.0530134 0.771782
0.255948 0.495468
0.0409184 0.799783
0.259816 0.491629
0.111341 0.667698
0.195089 0.56077
0.0342143 0.818129
0.179577 0.577833
0.199486 0.554945
0.000583598 0.978406
0.170342 0.588516
0.00144051 0.964762
0.0331607 0.819772
0.250019 0.502085
0.000469545 0.98093
0.399596 0.369559
0.149786 0.614873
0.382232 0.384132
0.000739102 0.974261
0.248866 0.502681
