160433 560.1
1 1.11022e-16
1.39808e-16 1
0.0072296 0.914973
0.640187 0.199889
0.955902 0.0222977
0.631366 0.205415
0.685452 0.172097
9.182e-05 0.990418
0.65595 0.190093
0.0283875 0.831514
0.458884 0.322665
0.620722 0.212141
0.225658 0.524965
0.000462358 0.978498
0.371875 0.390185
0.882726 0.0604648
0.497029 0.294999
0.675649 0.178021
0.0809185 0.715854
0.0226198 0.849985
0.480877 0.306547
0.473986 0.311539
0.0571056 0.761033
0.0162935 0.877595
0.792675 0.109681
0.592753 0.230096
0.264305 0.485904
0.25959 0.490501
0.855755 0.0749858
0.0203428 0.857374
0.0659682 0.743158
0.650863 0.193239
0.606725 0.22108
0.194023 0.559527
0.0917663 0.697071
0.945252 0.027766
0.0134127 0.884188
0.285747 0.465447
0.00483676 0.930453
0.276756 0.473925
0.665156 0.184429
0.528845 0.272783
0.148816 0.614234
0.979212 0.0104485
0.8245 0.0919811
0.913392 0.0442845
0.242114 0.507949
0.132939 0.635392
0.0607516 0.753717
0.587563 0.233474
0.178804 0.577148
0.379226 0.384187
0.577466 0.240089
0.00213306 0.953817
0.21888 0.532154
0.319819 0.434475
0.162164 0.597306
0.762191 0.126971
0.701117 0.16269
0.0544916 0.766623
0.330485 0.425249
0.0998821 0.683963
0.29994 0.452335
0.451829 0.32782
0.69562 0.165968
0.444403 0.333364
0.582304 0.236963
0.819978 0.095417
0.432367 0.342616
0.229171 0.521286
0.34263 0.414692
0.362348 0.398046
0.174722 0.582003
0.775179 0.119558
0.0118109 0.891322
0.756732 0.130097
0.849916 0.0780921
0.897809 0.0524804
0.937839 0.0315793
0.0691497 0.737037
0.807358 0.101471
0.152317 0.609743
0.20348 0.548914
0.248653 0.50135
0.0628016 0.749401
0.213044 0.538434
0.142825 0.622079
0.907562 0.0473403
0.352763 0.406066
0.534145 0.269148
0.314848 0.438887
0.0465883 0.784157
0.919084 0.0413113
0.560251 0.251571
0.189582 0.56459
0.0446439 0.788709
0.171286 0.586134
0.23379 0.516482
0.0172771 0.868896
0.889458 0.0570656
0.385973 0.378735
0.903099 0.0496847
0.270417 0.479984
0.411021 0.358892
0.779548 0.117086
0.713503 0.155309
0.0183492 0.864541
0.427468 0.34619
0.565511 0.247996
0.6116 0.21796
0.126872 0.64381
0.129328 0.640379
0.0492986 0.777968
0.0251522 0.841406
0.489697 0.300216
0.158038 0.602461
0.63514 0.203046
0.464669 0.319023
0.338138 0.418578
0.39573 0.370929
0.137887 0.62881
0.309082 0.444051
0.290241 0.461261
0.538144 0.266417
0.00405075 0.936355
0.511961 0.284486
0.571938 0.243734
0.985336 0.00736011
0.0891885 0.702372
0.830962 0.0887522
0.799249 0.10645
0.725083 0.148482
0.113431 0.663205
0.50815 0.287154
0.407098 0.361958
0.96205 0.0191593
0.862231 0.0714369
0.144569 0.619777
0.0407672 0.798092
0.124704 0.650252
0.0306269 0.824995
0.672847 0.179728
0.842051 0.0823666
0.209788 0.541975
0.992676 0.00366876
0.000891725 0.970142
0.745943 0.136668
0.973561 0.0133188
0.400622 0.367053
0.542615 0.263377
0.86834 0.0681532
0.485302 0.303366
0.719712 0.151642
0.0773742 0.721838
0.0421415 0.794953
0.0760506 0.724247
0.206538 0.545536
0.836633 0.085805
0.110103 0.668183
0.801604 0.104677
0.294807 0.457039
0.155798 0.605289
0.0319471 0.821267
0.449186 0.329788
0.89249 0.05529
0.0727861 0.730504
0.00155851 0.960662
0.415365 0.355512
0.731482 0.145942
0.254867 0.495454
0.970277 0.0149737
0.034058 0.815453
0.165647 0.593003
0.0844506 0.709397
0.929945 0.0356638
0.599116 0.22598
0.600384 0.225158
0.168751 0.591182
0.116848 0.65817
0.965076 0.0176192
0.54965 0.258618
0.667085 0.18325
0.0354875 0.812077
0.187177 0.567944
0.439623 0.336959
0.84515 0.0806806
0.217362 0.533779
0.0957167 0.690619
0.26924 0.481136
0.875825 0.0641448
0.390987 0.37471
0.741439 0.138932
0.933219 0.0339675
0.469612 0.314717
0.546147 0.260984
0.736569 0.141764
0.0381198 0.804766
0.00847395 0.907947
0.813752 0.0979179
0.501612 0.291754
0.403269 0.365008
0.003228 0.945218
0.707518 0.158859
0.136707 0.630282
0.347033 0.41091
0.199032 0.55387
0.787004 0.113304
0.943823 0.0284947
0.00900612 0.905103
0.50381 0.290205
0.556289 0.254154
0.0248434 0.842382
0.553548 0.255992
0.988576 0.00572836
0.182606 0.572676
0.0523477 0.773229
0.997593 0.00120444
0.523573 0.276416
0.311595 0.441793
0.357252 0.402299
0.0963684 0.689567
0.424014 0.348839
0.10686 0.673125
0.616013 0.215861
0.568949 0.245751
0.198146 0.554864
0.751774 0.132951
0.418266 0.353307
0.348734 0.409463
0.120845 0.65262
0.522886 0.277756
0.324094 0.431063
0.767582 0.123883
0.103039 0.679343
0.304337 0.448795
0.706256 0.15961
0.421362 0.350878
0.0714907 0.732623
0.00117386 0.965738
0.873447 0.0654476
0.103928 0.677621
0.36772 0.393601
0.769055 0.123043
0.812488 0.0995508
0.0375199 0.806524
0.517352 0.280728
0.716733 0.153406
0.925002 0.0383879
0.00322935 0.943348
0.280838 0.47006
