77791 160.018
1 2.22045e-16
0 1
0 1
0.23206 0.518276
0.00104201 0.96772
0.000435519 0.9825
0.241127 0.508954
0.347954 0.410158
0.632978 0.204401
0.362278 0.398105
0.682503 0.173888
0.356209 0.403174
0.0183272 0.86864
0.907621 0.0473086
0.139444 0.626578
0.752087 0.132771
0.62529 0.209247
0.661596 0.186641
0.21933 0.531673
0.00165412 0.959348
0.781102 0.116202
0.0920267 0.696686
0.11552 0.660118
0.265216 0.485009
0.972248 0.0139989
0.413986 0.356583
0.306355 0.446516
0.330013 0.425532
0.0873677 0.70442
0.324821 0.430069
0.00492861 0.929797
0.13577 0.631705
0.579266 0.238905
0.177575 0.578619
0.190409 0.563651
0.493976 0.297174
0.462905 0.319639
0.0430295 0.792564
0.637893 0.201318
0.508989 0.286596
0.457172 0.323855
0.391991 0.373911
0.380838 0.382879
0.00246256 0.950376
0.0620793 0.750843
0.452823 0.327082
0.260206 0.489897
0.93746 0.0317747
0.339964 0.416939
0.082071 0.71352
0.274888 0.475715
0.50164 0.292148
0.965005 0.0177505
0.656309 0.190433
0.766981 0.124226
0.149824 0.612929
0.334511 0.421732
0.738753 0.140499
0.708353 0.158367
0.0371697 0.807207
0.674612 0.178653
0.612647 0.217296
0.320418 0.433946
0.000129992 0.990541
0.185831 0.56892
0.931346 0.0349375
0.871693 0.0665483
0.0272117 0.835041
0.69791 0.164591
0.20142 0.551236
0.926802 0.0372947
0.560769 0.251155
0.0335553 0.816819
0.143836 0.620744
0.857599 0.0739336
0.00803692 0.910351
0.00620423 0.921234
0.892473 0.0552919
0.994221 0.00289611
0.601435 0.224477
0.397673 0.369514
0.525887 0.275104
0.474283 0.311319
0.804207 0.103224
0.861851 0.0718613
0.977162 0.0114864
0.6514 0.192906
0.790656 0.110812
0.282722 0.468285
0.196979 0.556178
0.43466 0.340713
0.949549 0.0255519
0.0509913 0.774188
0.40921 0.360305
0.0539539 0.767723
0.252777 0.497236
0.817736 0.0957969
0.851399 0.0772872
0.279344 0.471472
0.351716 0.406946
0.529375 0.272419
0.367076 0.394132
0.690658 0.168942
0.867757 0.0684652
0.921741 0.0413729
0.429685 0.344496
0.405377 0.363367
0.482836 0.305145
0.447282 0.331209
0.0111417 0.894446
0.119269 0.654663
0.534747 0.268736
0.426077 0.347254
0.786982 0.11288
0.714206 0.154893
0.982568 0.0087553
0.0592792 0.756528
0.0695133 0.736707
0.0983372 0.686413
0.256513 0.493529
0.479405 0.307609
0.725586 0.148187
0.733842 0.143354
0.308955 0.444197
0.538254 0.266344
0.0309096 0.824195
0.901826 0.0503561
0.045114 0.787601
0.0297305 0.827575
0.573632 0.242615
0.159589 0.600514
0.291978 0.459689
0.550627 0.257958
0.0852859 0.70797
0.618291 0.213685
0.587198 0.233724
0.52013 0.278864
0.7608 0.127761
0.898128 0.0523841
0.887745 0.0577978
0.214945 0.536378
0.514099 0.282994
0.488172 0.301307
0.194141 0.559386
0.914482 0.0437145
0.111754 0.665745
0.12758 0.642819
0.155719 0.605391
0.400749 0.366954
0.299478 0.452754
0.147162 0.618385
0.643815 0.197619
0.295846 0.456085
0.0154558 0.875679
0.83726 0.0849833
0.757893 0.129431
0.207137 0.544878
0.79695 0.107391
0.109896 0.668494
0.543434 0.26282
0.153467 0.608252
0.878289 0.0628294
0.0473704 0.782353
0.370604 0.391227
0.0351522 0.812511
0.0228328 0.848895
0.58441 0.235533
0.729526 0.145878
0.314045 0.439603
0.1685 0.589512
0.809457 0.100302
0.503742 0.290253
0.166733 0.591672
0.0125003 0.888195
0.593086 0.22988
0.467404 0.31637
0.419512 0.352303
0.812529 0.0985964
0.0194914 0.860388
0.00703843 0.916105
0.824712 0.0919344
0.386058 0.378665
0.678472 0.176306
0.566446 0.247374
0.44421 0.33351
0.775043 0.119635
0.720267 0.151315
0.745925 0.136337
0.224028 0.526691
0.64639 0.196016
0.830565 0.0886465
0.0791383 0.718687
0.0245392 0.84335
0.0778168 0.721385
0.204565 0.547713
0.546293 0.260888
0.842337 0.0836727
0.00318645 0.94357
0.07121 0.733188
0.470333 0.314221
0.0491432 0.778317
0.961238 0.0195728
0.376414 0.386474
0.0748281 0.726454
0.0134734 0.883925
0.181715 0.57372
0.42124 0.351002
0.00946759 0.902699
0.691982 0.168194
0.0399681 0.80008
0.953788 0.0233795
0.0214842 0.853425
0.0660914 0.742918
0.883231 0.0602433
0.621411 0.211704
0.799402 0.105907
0.607892 0.220326
0.106402 0.673997
0.744194 0.137334
0.21108 0.540567
0.101007 0.682185
0.957166 0.0216514
0.668371 0.182461
0.102713 0.679512
0.172621 0.584523
0.00396956 0.936996
0.0257035 0.839677
0.667627 0.182916
0.269568 0.480801
0.287309 0.463989
0.173548 0.583413
0.822364 0.0931572
0.989506 0.00526088
0.387881 0.377237
0.598345 0.226506
0.943607 0.0286058
0.374448 0.388208
0.0572037 0.760827
0.987043 0.00649947
0.121634 0.651239
0.270756 0.479658
0.554927 0.255066
0.832518 0.0875773
0.0735466 0.728806
0.0952933 0.691304
0.244543 0.505488
0.162726 0.596607
0.338799 0.417937
0.131688 0.637117
0.0147024 0.878747
