40602 80.0074
1 0
0 1
0.582081 0.240207
0.59523 0.232496
0.617551 0.218089
0.00189195 0.963353
0.467573 0.316242
0.897528 0.0535116
0.0134765 0.88546
0.00844455 0.911264
0.251691 0.499047
0.479054 0.309481
0.62728 0.209447
0.0160602 0.874243
0.182494 0.573255
0.145441 0.620336
0.16668 0.595609
0.939136 0.0335257
0.929103 0.0366918
0.490138 0.303179
0.7653 0.125315
0.175927 0.580763
0.301332 0.454657
0.305442 0.448009
0.159575 0.601965
0.0685754 0.739328
0.694847 0.167601
0.0429791 0.797405
0.287688 0.464458
0.9634 0.0203332
0.138142 0.631078
0.993367 0.00516629
0.221032 0.532186
0.90508 0.0490637
0.244771 0.505737
0.0351528 0.817012
0.744894 0.140527
0.029983 0.827207
0.0649081 0.747117
0.0377361 0.80644
0.709298 0.158058
0.333607 0.423169
0.00586584 0.923669
0.461824 0.322112
0.314738 0.439578
0.320279 0.434747
0.476164 0.311336
0.610755 0.220707
0.419535 0.353058
0.100157 0.684956
0.777478 0.11984
0.35889 0.401013
0.955493 0.0240266
0.855542 0.0759629
0.369129 0.393995
0.311481 0.44431
0.196708 0.557454
0.773377 0.12161
0.00185758 0.977633
0.760104 0.129178
0.394847 0.372191
0.027707 0.8352
0.801993 0.106665
0.403745 0.368092
0.0521898 0.77274
0.364521 0.398057
0.410825 0.36024
0.690298 0.172095
0.647763 0.195613
0.338628 0.418083
0.373276 0.389037
0.328849 0.426986
0.889887 0.0579134
0.727717 0.147713
0.785162 0.1155
0.0450382 0.787798
0.543014 0.263317
0.823356 0.093724
0.268088 0.482966
0.207361 0.546466
0.186142 0.569035
0.124882 0.64905
0.345218 0.412636
0.871371 0.0676299
0.272021 0.479388
0.324607 0.431164
0.982304 0.00975159
0.0177911 0.867663
0.684277 0.174204
0.861373 0.0730836
0.284113 0.470244
0.0619234 0.751672
0.108864 0.671552
0.377822 0.385664
0.351312 0.407284
0.0230281 0.849019
0.00931969 0.904274
0.021406 0.855383
0.446071 0.333134
0.118226 0.657675
0.0194821 0.861405
0.414231 0.35707
0.530257 0.272195
0.679293 0.177329
0.653219 0.192493
0.0803901 0.716988
0.24187 0.508781
0.98731 0.00714035
0.572392 0.244191
0.237352 0.51397
0.734308 0.144347
0.21502 0.536461
0.002358 0.952241
0.754513 0.131945
0.226508 0.528208
0.866048 0.0702837
0.0551418 0.766822
0.0598551 0.758242
0.714562 0.155216
0.0325299 0.820755
0.424662 0.349456
0.152098 0.614101
0.121247 0.653583
0.104702 0.677241
0.00400351 0.940435
0.976497 0.0126144
0.00500711 0.934291
0.083506 0.711026
0.405434 0.365498
0.673656 0.179303
0.011669 0.892846
0.795821 0.108832
0.132617 0.637834
0.2653 0.489358
0.88099 0.0627997
0.657193 0.189372
0.815757 0.09757
0.597848 0.227391
0.441752 0.336207
0.260424 0.490095
0.111988 0.665411
0.876768 0.0644881
0.127589 0.643366
0.276915 0.47544
0.508468 0.289427
0.9684 0.0168042
0.950479 0.0252868
0.0395103 0.802578
0.234876 0.517374
0.0888373 0.702639
0.000214683 0.987554
0.170919 0.591644
0.115511 0.663744
0.538451 0.266616
0.355183 0.406605
0.886632 0.0595714
0.0110261 0.897913
0.535153 0.269329
0.0866469 0.708229
0.497146 0.29973
0.0496616 0.778608
0.635666 0.206346
0.191114 0.565256
0.561553 0.252949
0.383425 0.383187
0.293515 0.459362
0.550182 0.261602
0.72214 0.150238
0.193597 0.562877
0.701806 0.163223
0.1567 0.606052
0.827527 0.0925991
0.0571748 0.76232
0.924421 0.0402331
0.229846 0.52074
0.751357 0.135906
0.0787199 0.721896
0.147205 0.618272
0.523002 0.277133
0.606547 0.225174
0.000100506 0.993179
0.703473 0.162836
0.155008 0.610734
0.66229 0.186786
0.451483 0.330009
0.719582 0.152977
0.910875 0.0471692
0.389447 0.37679
0.295858 0.459077
0.505019 0.292272
0.203473 0.551751
0.200794 0.552401
0.849612 0.0791737
0.791541 0.111113
0.38688 0.381151
0.279234 0.472187
0.973232 0.0157565
0.137204 0.632139
0.807758 0.103474
0.526441 0.276403
0.843231 0.082872
0.427961 0.34614
0.342892 0.4154
0.637715 0.202477
0.513029 0.285873
0.0751284 0.726869
0.000598932 0.97952
0.836308 0.086275
0.94413 0.0300686
0.629875 0.208293
0.00539736 0.926774
0.0257056 0.843737
0.0918663 0.699243
0.946558 0.0294053
0.747019 0.137639
0.518858 0.281616
0.642608 0.199036
0.604108 0.226837
0.210463 0.542063
0.227821 0.523518
0.78736 0.112817
0.808902 0.101295
0.813732 0.0988061
0.131986 0.641724
0.0264406 0.841008
0.491165 0.300303
0.839193 0.0842011
0.556188 0.25442
0.848518 0.081405
0.071863 0.733082
0.173849 0.585273
0.914483 0.0459195
0.394715 0.376443
0.734008 0.145156
0.55321 0.259997
0.107237 0.67679
0.457098 0.324291
0.920603 0.0414076
0.666582 0.18616
0.0937563 0.696296
0.00330634 0.947772
0.0716926 0.733478
0.438231 0.339795
0.172754 0.587622
0.669916 0.182869
0.499411 0.294833
0.564337 0.248978
0.256668 0.495196
0.256621 0.4952
0.430955 0.343646
