314805 600.001
0.999989 0.000576443
1.6746e-05 0.998268
0.893447 0.0677447
0.810948 0.102512
0.543297 0.266575
0.600838 0.226536
0.482427 0.306658
0.526131 0.276257
0.722519 0.151609
0.755225 0.132033
0.802633 0.107313
0.616054 0.217465
0.773147 0.122246
0.910015 0.0503026
0.957436 0.0226996
0.637963 0.204327
0.688067 0.172178
0.918818 0.0439173
0.706025 0.164579
0.661678 0.188404
0.707531 0.161579
0.652981 0.193575
0.974876 0.0140541
0.532799 0.274873
0.602204 0.226018
0.929022 0.0370618
0.646288 0.20162
0.933935 0.0353117
0.67079 0.181766
0.684001 0.178998
0.94675 0.0276576
0.943562 0.0293648
0.456005 0.326258
0.465805 0.319009
0.444465 0.334399
0.474342 0.314863
0.462012 0.321822
0.312618 0.441999
0.476246 0.311804
0.318579 0.43669
0.675043 0.180315
0.43848 0.339393
0.200148 0.553892
0.768395 0.124941
0.981222 0.0108452
0.401422 0.367239
0.405739 0.364368
0.428926 0.346865
0.39785 0.370333
0.765158 0.128716
0.157909 0.604334
0.759684 0.129821
0.128025 0.644119
0.16086 0.600625
0.394152 0.373651
0.0322119 0.822511
0.203716 0.549983
0.244101 0.507852
0.288044 0.464937
0.387755 0.378767
0.284401 0.468012
9.33554e-05 0.991902
0.17414 0.583671
0.000498582 0.979856
0.0018469 0.958936
0.261356 0.490419
0.450592 0.330706
0.43275 0.34311
0.0194807 0.862592
0.0339596 0.81773
0.0117616 0.894338
0.0037247 0.940658
0.00027484 0.985781
0.00668346 0.919907
0.146131 0.619378
0.216753 0.536621
0.19692 0.557892
0.168869 0.590607
0.130706 0.639993
0.383685 0.381854
0.0207299 0.857553
0.025034 0.843775
0.336372 0.421152
0.154923 0.608085
0.0181117 0.867474
0.171675 0.587485
0.326932 0.42964
0.0126803 0.888805
0.240752 0.510812
0.425326 0.349423
0.0236613 0.848538
0.00582922 0.925101
0.115578 0.661154
0.194259 0.560372
0.0354346 0.81323
0.219573 0.53311
0.0222885 0.853138
0.409627 0.361597
0.181957 0.574685
0.0152023 0.87963
0.125204 0.647712
0.0483688 0.782476
0.246965 0.504206
0.227452 0.524073
0.252702 0.498848
0.0754556 0.726722
0.0777283 0.722975
0.0307276 0.827395
0.330515 0.426445
0.013888 0.884289
0.3746 0.389381
0.00443723 0.935317
0.291114 0.461912
0.166047 0.594221
0.371327 0.39242
0.0464538 0.786284
0.0050625 0.930348
0.19105 0.564059
0.118159 0.65775
0.412308 0.358998
0.163538 0.596917
0.120574 0.654541
0.13918 0.62874
0.298942 0.454132
0.34852 0.410644
0.390799 0.376194
0.00131015 0.965463
0.123105 0.651112
0.37755 0.386977
0.0679379 0.741151
0.109807 0.670134
0.213565 0.539523
0.421688 0.351757
0.00765274 0.914474
0.0975125 0.689106
0.255644 0.495668
0.339897 0.418651
0.232973 0.518987
0.345284 0.41325
0.274935 0.477472
0.225245 0.527636
0.380851 0.384172
0.416199 0.356562
0.333317 0.424312
0.222255 0.530136
0.0408594 0.799643
0.25001 0.501867
0.0290027 0.831067
0.0954107 0.692784
0.638371 0.20268
0.0264188 0.839039
0.0696752 0.73742
0.073274 0.730347
0.25836 0.493168
0.00300757 0.946362
0.107597 0.673703
0.0104509 0.899064
0.367966 0.394381
0.000801253 0.973601
0.342435 0.415881
0.351838 0.408279
0.177598 0.580661
0.2109 0.542172
0.0715946 0.733822
0.302227 0.451394
0.23092 0.521473
0.0372188 0.808999
0.26465 0.486846
0.0275157 0.835255
0.323845 0.431981
0.0830585 0.713342
0.365485 0.397448
0.993279 0.00415634
0.0580542 0.76081
0.271875 0.480197
0.101648 0.682894
0.136798 0.631868
0.0998113 0.685842
0.179646 0.578411
0.277436 0.474455
0.418681 0.354183
0.99695 0.00263572
0.152529 0.611187
0.184858 0.571697
0.143281 0.623089
0.0627767 0.75105
0.269651 0.482614
0.304919 0.449453
0.985514 0.00832103
0.357028 0.403745
0.0594513 0.757599
0.236172 0.515402
0.294047 0.459284
0.296279 0.457013
0.10393 0.679586
0.321746 0.434989
0.0562065 0.764798
0.0614313 0.754054
0.0799432 0.719384
0.448656 0.331496
0.148902 0.616271
0.360204 0.40141
0.00841406 0.910284
0.141493 0.624988
0.3545 0.405847
0.0511348 0.776108
0.309909 0.444868
0.206621 0.547465
0.0447801 0.790503
0.307599 0.446613
0.208625 0.545297
0.085049 0.70992
0.105319 0.676552
0.976537 0.0132836
0.189077 0.566807
0.436091 0.341464
0.0425172 0.795551
0.133283 0.637017
0.362201 0.399141
0.00228793 0.953741
0.266803 0.485297
0.0659504 0.745128
0.23798 0.513878
0.0813045 0.716704
0.0505396 0.778458
0.0169314 0.872255
0.113186 0.664835
0.0162798 0.874766
0.186677 0.569135
0.0648253 0.747238
0.150277 0.613709
0.11225 0.666942
0.134607 0.63454
0.00104998 0.96963
0.281252 0.470908
0.990263 0.00645568
0.0548632 0.767518
0.0933809 0.696043
0.0868455 0.70757
0.039505 0.803674
0.0097533 0.903202
0.0091685 0.906222
0.0896953 0.702242
0.0882132 0.704634
0.00268588 0.950549
0.0531839 0.771458
0.0386021 0.805829
0.280318 0.472532
0.0434821 0.7929
0.0914323 0.699533
