17630 60.0152
0.999868 0.00435118
6.27112e-08 1.01505
0.675248 0.184935
0.44725 0.338089
0.682669 0.17793
0.414414 0.363201
0.000133845 1.0055
0.000378576 0.991697
0.456563 0.331622
0.01948 0.867561
0.406314 0.368981
0.494403 0.304721
0.503532 0.297827
0.662006 0.192255
0.525194 0.283528
0.966142 0.0235635
0.470305 0.320503
0.668563 0.191341
0.923947 0.0470617
0.912338 0.0493237
0.0629918 0.758661
0.209619 0.552677
0.102261 0.687888
0.141177 0.632624
0.80251 0.111324
0.834999 0.0904958
0.794128 0.116063
0.0078751 0.922292
0.0418486 0.807835
0.0854836 0.716409
0.559863 0.25787
0.0814287 0.723093
0.0661471 0.751508
0.653655 0.197736
0.017164 0.877974
0.545801 0.268937
0.765211 0.130894
0.690953 0.176299
0.476891 0.317742
0.0219855 0.860447
0.00404348 0.94934
0.241649 0.515508
0.987069 0.0117393
0.830254 0.0969455
0.0104508 0.909112
0.463243 0.324785
0.539325 0.271355
0.885306 0.0664647
0.482607 0.314332
0.853084 0.0830071
0.118371 0.664148
0.958463 0.0283664
0.178518 0.588504
0.720426 0.158997
0.946542 0.0312641
0.597983 0.234318
0.0885178 0.711083
0.725671 0.154977
0.420374 0.359144
0.300107 0.460249
0.748937 0.141677
0.742364 0.143386
0.980305 0.0163617
0.315774 0.446065
0.531615 0.278285
0.44127 0.341858
0.108522 0.681517
0.430215 0.352475
0.617568 0.223523
0.0787305 0.728571
0.13834 0.640026
0.846154 0.0853824
0.046633 0.792539
0.181902 0.582231
0.867847 0.073875
0.184683 0.577855
0.38082 0.392047
0.384231 0.388433
0.877373 0.0704139
0.014306 0.891222
0.423886 0.355016
0.825975 0.0995721
0.771913 0.127614
0.358115 0.409355
0.584709 0.244195
0.841769 0.0885809
0.303617 0.457283
0.78424 0.121633
0.00625674 0.931968
0.0165666 0.883414
0.331943 0.4299
0.024812 0.854365
0.486934 0.309827
0.115325 0.669535
0.00187205 0.968805
0.591968 0.237179
0.256331 0.502169
0.198827 0.56461
0.374606 0.395493
0.00888878 0.915156
0.338638 0.426762
0.204953 0.556967
0.287751 0.471236
0.991082 0.00894625
0.0302422 0.835697
0.817111 0.100272
0.361791 0.405357
0.972202 0.0213927
0.788674 0.11707
0.388252 0.382815
0.000857296 0.983205
0.858352 0.0797144
0.603354 0.230851
0.267051 0.49341
0.618391 0.219209
0.552649 0.264275
0.862526 0.0770268
0.00137434 0.977157
0.761155 0.135441
0.0513672 0.783762
0.0125985 0.900753
0.70039 0.170762
0.730237 0.151145
0.695649 0.172374
0.608613 0.226487
0.636806 0.208245
0.309645 0.45359
0.0318273 0.829863
0.905488 0.0546602
0.953527 0.02879
0.569146 0.252562
0.29428 0.465425
0.633434 0.211756
0.626483 0.217057
0.00486407 0.941439
0.536176 0.277349
0.5648 0.25748
0.249214 0.511402
0.0028494 0.957892
0.0282489 0.84191
0.113124 0.674876
0.589779 0.241934
0.435217 0.349303
0.35294 0.412983
0.127027 0.651494
0.0705175 0.742756
0.320195 0.441662
0.195305 0.569687
0.573399 0.251257
0.20076 0.559412
0.815665 0.104789
0.159006 0.610329
0.311833 0.450538
0.519681 0.287122
0.0738587 0.736624
0.395752 0.377565
0.460363 0.328596
0.239596 0.520043
0.190263 0.573863
0.437128 0.345134
0.0501721 0.787223
0.252421 0.504903
0.998037 0.00714749
0.163878 0.603738
0.100383 0.693389
0.738545 0.148628
0.284197 0.475271
0.93458 0.0388348
0.214256 0.546194
0.943344 0.0363493
0.899678 0.0580113
0.0921808 0.705378
0.975591 0.0175221
0.0687167 0.745516
0.271915 0.486102
0.873083 0.0708214
0.809845 0.106664
0.075744 0.734401
0.0541993 0.77601
0.0962821 0.695245
0.343876 0.421951
0.392839 0.381578
0.891057 0.060863
0.705342 0.166958
0.223059 0.536135
0.350561 0.420129
0.0595753 0.76516
0.491173 0.306951
0.219435 0.540964
0.401496 0.372307
0.0338431 0.82432
0.134689 0.643101
0.0386069 0.813692
0.174408 0.592618
0.62925 0.215434
0.930507 0.0416926
0.909482 0.0529163
0.231291 0.530363
0.270088 0.489715
0.0438942 0.799603
0.807389 0.109444
0.0352354 0.820741
0.928529 0.0449893
0.00266576 0.962514
0.513469 0.290962
0.77866 0.123181
0.714703 0.161752
0.280622 0.477405
0.75481 0.138431
0.236796 0.52419
0.234095 0.526228
0.653339 0.202336
0.155176 0.615533
0.371224 0.398136
0.551051 0.264423
0.898274 0.0606576
0.510034 0.29377
0.160907 0.607594
0.648725 0.204444
0.276682 0.483269
0.889515 0.0645942
0.70791 0.165608
0.939589 0.0375423
0.328691 0.432829
0.110204 0.678742
0.145587 0.627324
0.0130472 0.89648
0.776171 0.125362
0.058055 0.769411
0.366567 0.402285
0.642096 0.205448
0.166791 0.600104
0.400171 0.375363
0.168622 0.597432
0.123709 0.656663
0.735989 0.150324
0.00553477 0.936117
0.262097 0.49883
0.713503 0.163827
0.171661 0.594039
0.508236 0.297207
0.150578 0.620994
0.0558701 0.775341
0.0377785 0.816265
0.122625 0.658929
0.0960951 0.702012
0.13133 0.645491
0.262179 0.497203
0.131165 0.64997
0.326415 0.435621
