114270 210.017
1 0
0 1
0.00285216 0.947218
0.00136384 0.963167
0.850492 0.0778674
0.113393 0.66355
0.598465 0.230029
0.00677284 0.918304
0.335262 0.423184
0.070789 0.736509
0.511627 0.285228
0.0454723 0.789157
0.343647 0.416973
0.520152 0.279023
0.680406 0.176706
0.696069 0.166241
0.0369195 0.810964
0.0831189 0.712387
0.0322969 0.828444
0.0872319 0.704965
0.193704 0.55996
0.0492407 0.779666
0.957749 0.0224293
0.00522905 0.929799
0.861691 0.0734701
0.0400583 0.801008
0.806253 0.102736
0.948623 0.0261046
0.138149 0.628751
0.00959969 0.908656
0.0658091 0.744136
0.109127 0.67476
0.0282286 0.836186
0.486716 0.30345
0.589003 0.232598
0.00476085 0.937342
0.827693 0.0908878
0.20017 0.555354
0.605723 0.223148
0.901613 0.0509402
0.937299 0.0326405
0.843374 0.0826124
0.133441 0.635534
0.118987 0.657205
0.265612 0.485165
0.416738 0.355791
0.814626 0.0974642
0.0797112 0.718863
0.00077248 0.974201
0.74238 0.138537
0.90744 0.0477836
0.687571 0.17098
0.0571632 0.761039
0.0538596 0.768211
0.407538 0.364712
0.355748 0.404548
0.626828 0.208668
0.92574 0.0388853
0.705333 0.161303
0.012489 0.888721
0.673849 0.179293
0.972833 0.0143481
0.411079 0.359428
0.455292 0.325776
0.481619 0.308937
0.328717 0.42701
0.31087 0.442834
0.270517 0.480181
0.0192879 0.863621
0.943654 0.0290093
0.3054 0.449678
0.579888 0.239364
0.931184 0.0358829
0.296774 0.456285
0.632448 0.204879
0.646304 0.197706
0.0976217 0.688981
0.0740391 0.728577
0.919634 0.0426746
0.914379 0.0450001
0.381706 0.382322
0.0431588 0.796368
0.370174 0.393731
0.203004 0.549611
0.885739 0.0589745
0.882939 0.0622446
0.668284 0.182859
0.875544 0.065593
0.651393 0.193569
0.83583 0.0860371
0.429717 0.344821
0.351682 0.409211
0.872122 0.0680407
0.524623 0.275733
0.55655 0.255342
0.422701 0.352038
0.0512202 0.773683
0.716294 0.155733
0.0141431 0.882565
0.169208 0.588653
0.142605 0.624124
0.789952 0.113753
0.584519 0.235962
0.864218 0.0706264
0.0171631 0.870944
0.346724 0.411895
0.769951 0.123321
0.121128 0.652179
0.547269 0.260224
0.275314 0.476938
0.462282 0.320679
0.0207377 0.856624
0.72479 0.14937
0.775824 0.120601
0.0760672 0.724197
0.989071 0.00899098
0.157839 0.605923
0.302817 0.452632
0.130561 0.640278
0.189663 0.566178
0.608549 0.220517
0.100574 0.68378
0.228937 0.521571
0.562345 0.252476
0.316709 0.437356
0.0224293 0.851075
0.967275 0.0175168
0.437299 0.340104
0.719617 0.151698
0.000210259 0.985617
0.443677 0.335226
0.01061 0.897317
0.729534 0.146103
0.208065 0.546095
0.322001 0.433292
0.655706 0.190505
0.0158987 0.876087
3.7769e-05 0.995473
0.226223 0.526699
0.261573 0.490295
0.964924 0.0213471
0.093736 0.694535
0.0629458 0.749158
0.212758 0.538801
0.506741 0.289227
0.426898 0.349765
0.991581 0.00444884
0.552149 0.258582
0.17851 0.57958
0.616274 0.218651
0.783691 0.116283
0.145508 0.620169
0.529851 0.272371
0.14844 0.615971
0.126348 0.648803
0.254595 0.49547
0.25163 0.499498
0.736081 0.142309
0.57399 0.243256
0.0331393 0.819718
0.38661 0.379104
0.894238 0.0564244
0.979611 0.01162
0.693199 0.170805
0.360516 0.399643
0.324738 0.430688
0.02573 0.842098
0.996596 0.00233319
0.471026 0.31494
0.894968 0.0548747
0.286876 0.467111
0.766175 0.126733
0.540058 0.270292
0.640538 0.200371
0.127185 0.644418
0.15361 0.608614
0.400989 0.36775
0.29058 0.461242
0.238807 0.512945
0.638805 0.20297
0.247992 0.502637
0.0343255 0.816905
0.151551 0.61235
0.710668 0.158809
0.0105522 0.901537
0.378162 0.387954
0.435294 0.341709
0.801302 0.104845
0.534132 0.271358
0.0241304 0.845072
0.782607 0.120499
0.748386 0.135844
0.258051 0.492139
0.363666 0.397073
0.982177 0.0104134
0.818364 0.0958683
0.210161 0.542063
0.00036688 0.980979
0.0915786 0.69948
0.393148 0.37469
0.755358 0.131964
0.761573 0.127764
0.39588 0.371271
0.449713 0.329773
0.184606 0.572564
0.447221 0.335217
0.160141 0.599824
0.541935 0.264107
0.187751 0.569141
0.104967 0.681294
0.314626 0.440901
0.284814 0.468298
0.234439 0.51601
0.496771 0.298062
0.0610858 0.756793
0.293563 0.461113
0.22205 0.529258
0.233823 0.519271
0.622232 0.213028
0.839355 0.0859519
0.389287 0.376494
0.164711 0.594316
0.468483 0.318268
0.750671 0.134666
0.567737 0.247316
0.660728 0.188245
0.374098 0.390266
0.174769 0.584426
0.565684 0.249483
0.49195 0.299217
0.794429 0.111109
0.279749 0.471298
0.504211 0.292073
0.757978 0.130213
0.217638 0.535267
0.734047 0.14388
0.571485 0.244585
0.240824 0.509743
0.167463 0.593159
0.16229 0.598897
0.278452 0.472395
0.800523 0.109297
0.475651 0.310423
0.451964 0.328411
0.664255 0.186466
0.0615716 0.754277
0.61714 0.214998
0.474524 0.31145
0.399977 0.369854
0.464924 0.319695
