207759 410.038
1 0
8.32667e-17 1
0.129 0.640859
0.713635 0.155234
0.494617 0.296852
0.254359 0.495663
0.134157 0.633728
0.811617 0.0991021
0.248608 0.502026
0.790775 0.110745
0.0992104 0.685023
0.612872 0.217231
0.487326 0.301914
0.606074 0.221496
0.259597 0.490494
0.00904456 0.904942
0.124502 0.647152
0.638443 0.200975
0.697026 0.165122
0.00736955 0.914154
0.534842 0.268842
0.805158 0.102699
0.166584 0.591854
0.973378 0.0134089
0.406683 0.362306
0.953873 0.023336
0.344587 0.414625
0.668083 0.182637
0.0382312 0.804503
0.819087 0.0950576
0.0936819 0.693925
0.0173743 0.868212
0.336992 0.419492
0.0155774 0.875329
0.674225 0.178889
0.235203 0.515023
0.204898 0.547343
0.081148 0.715137
0.0777393 0.721185
0.17094 0.586557
0.394675 0.371908
0.0887445 0.702114
0.930165 0.0355496
0.174606 0.582147
0.0282145 0.832029
0.649089 0.194339
0.108196 0.671069
0.111204 0.666531
0.662431 0.186127
0.872963 0.0656787
0.325684 0.429314
0.632322 0.204817
0.90488 0.0487484
0.200236 0.552524
0.00268559 0.948178
0.740014 0.139762
0.0747907 0.726522
0.428761 0.345221
0.467493 0.316266
0.240092 0.510009
0.618644 0.213537
0.703219 0.161433
0.104405 0.676885
0.364695 0.39612
0.307557 0.445423
0.508054 0.287221
0.120768 0.652501
0.275731 0.480807
0.0579253 0.759325
0.723179 0.149614
0.744763 0.137006
0.264689 0.485923
0.432687 0.34221
0.0195305 0.861014
0.516957 0.281003
0.891449 0.0558344
0.985631 0.00721296
0.910681 0.0457043
0.26792 0.482412
0.00630518 0.921769
0.321154 0.433296
0.561507 0.251087
0.010638 0.89741
0.188875 0.565403
0.690902 0.168796
0.00368211 0.93932
0.0137965 0.882556
0.473829 0.312169
0.0491165 0.778409
0.565439 0.248043
0.062023 0.750956
0.679203 0.175916
0.214897 0.536432
0.386875 0.378111
0.924608 0.0384347
0.856865 0.0743299
0.413399 0.35704
0.330272 0.425308
0.0448719 0.788215
0.289741 0.461726
0.476593 0.309643
0.423128 0.349517
0.877304 0.063355
0.231318 0.519045
0.717426 0.153028
0.96456 0.01788
0.586596 0.234108
0.512796 0.283903
0.0662658 0.745579
0.72777 0.146936
0.540535 0.26479
0.353004 0.405859
0.54766 0.25996
0.555882 0.254425
0.138175 0.628282
0.600465 0.225105
0.842619 0.0824628
0.0221942 0.851023
0.500502 0.292539
0.401259 0.366551
0.383027 0.381274
0.379576 0.385234
0.0342772 0.814865
0.0318285 0.821781
0.0360475 0.811671
0.958818 0.0208077
0.0408481 0.797891
0.00051146 0.979058
0.454408 0.325903
0.75744 0.12969
0.00110185 0.966824
0.768544 0.123338
0.0468578 0.783541
0.391525 0.374286
0.583379 0.237121
0.145097 0.619092
0.866153 0.0693266
0.899579 0.051539
0.0305159 0.825428
0.993969 0.00302034
0.420167 0.3518
0.55245 0.256758
0.276375 0.474346
0.196895 0.556275
0.0423021 0.794347
0.438051 0.338146
0.000157331 0.987457
0.656573 0.189709
0.00206729 0.954605
0.799154 0.106046
0.29672 0.455283
0.294321 0.457486
0.286379 0.464877
0.184464 0.570507
0.101637 0.681194
0.0261611 0.838256
0.375106 0.387683
0.00155476 0.96057
0.885198 0.0591541
0.848722 0.0790276
0.0922095 0.696341
0.796505 0.107529
0.776963 0.119046
0.117676 0.656961
0.15866 0.601681
0.750416 0.133735
0.946183 0.0272805
0.623045 0.210705
0.311677 0.441728
0.211424 0.542591
0.17885 0.577094
0.503211 0.290957
0.850864 0.0775772
0.000687449 0.973783
0.57153 0.245401
0.68388 0.17303
0.77446 0.119966
0.000114836 0.992256
0.832681 0.0874962
0.762021 0.127062
0.447441 0.331348
0.0209635 0.85544
0.459389 0.32222
0.368681 0.39281
0.333928 0.422135
0.148492 0.614655
0.990803 0.00460938
0.980022 0.0100394
0.0600682 0.754913
0.783256 0.114991
0.895798 0.0535359
0.0841957 0.709842
0.451237 0.328259
0.150545 0.612005
0.597188 0.227221
0.823434 0.0925764
0.0671123 0.74094
0.94195 0.029459
0.0856949 0.707264
0.644493 0.197197
0.153908 0.607689
0.882853 0.0603981
0.347285 0.410693
0.415348 0.355525
0.443987 0.333677
0.543894 0.262938
0.0694611 0.736446
0.301334 0.451061
0.30292 0.449619
0.0242624 0.844237
0.0548001 0.76616
0.225866 0.524748
0.317188 0.436807
0.282804 0.468209
0.734079 0.14322
0.371561 0.390443
0.359563 0.400366
0.91551 0.0431778
0.222218 0.528862
0.217739 0.533406
0.208688 0.543176
0.0117999 0.891787
0.0516862 0.772657
0.68713 0.171067
0.0125365 0.888034
0.227774 0.522762
0.827021 0.0906498
0.753015 0.132235
0.00434425 0.93409
0.142467 0.6226
0.578678 0.240167
0.860893 0.0721572
0.155901 0.605158
0.193786 0.55979
0.936059 0.0324992
0.522378 0.277243
0.350217 0.408213
0.115068 0.660802
0.191855 0.561988
0.591998 0.230598
0.528982 0.272727
0.482402 0.305453
0.523216 0.276678
0.44046 0.336333
0.782805 0.115238
0.765511 0.125069
0.0717688 0.732103
0.463848 0.318975
0.162228 0.597225
0.732694 0.144025
