31986 100.022
0.999497 0.00513605
1.06349e-06 1.05355
2.15388e-06 1.01611
0.00791608 0.924626
0.030996 0.838337
0.100467 0.69507
0.636075 0.210137
0.646522 0.205
0.846775 0.0847946
0.856902 0.0799476
0.247489 0.510012
0.561809 0.259721
0.511953 0.292574
0.0143476 0.893544
0.256427 0.503507
0.105964 0.684402
0.0566092 0.780925
0.00602936 0.938382
0.0173767 0.879732
0.759155 0.135287
0.567896 0.251997
0.796017 0.114509
0.0337382 0.825189
0.140451 0.636263
0.148275 0.631763
0.414324 0.369085
0.309363 0.454209
0.128676 0.652059
0.503359 0.297657
0.894236 0.0602086
0.750856 0.139576
0.205619 0.558019
0.0742204 0.741429
0.49553 0.30365
0.523079 0.287412
0.8032 0.109951
0.126313 0.661483
0.00171837 0.974167
0.428762 0.354629
0.132693 0.647381
0.136672 0.641027
3.77113e-05 1.00641
0.41642 0.361822
0.000301801 0.997225
0.199084 0.566047
0.0101765 0.912912
0.954392 0.0289691
0.373295 0.39677
0.987227 0.0108379
0.0765983 0.733801
0.863326 0.0768655
0.00242226 0.965395
0.177432 0.5904
0.701967 0.170382
0.223828 0.535679
0.994015 0.00756908
0.554194 0.2621
0.808682 0.107814
0.841788 0.0893875
0.0599051 0.769181
0.221709 0.542286
0.0665304 0.754873
0.0624758 0.759991
0.574402 0.250428
0.172084 0.594138
0.650765 0.199671
0.732789 0.150436
0.528234 0.280284
0.901109 0.0574107
0.477666 0.318695
0.15519 0.617558
0.316043 0.45019
0.487017 0.30992
0.445197 0.338928
0.676899 0.185145
0.190597 0.575546
0.68568 0.179434
0.947083 0.0322026
0.964704 0.0228357
0.943719 0.0350963
0.936822 0.0387138
0.463366 0.327308
0.0254649 0.856351
0.693613 0.172461
0.905123 0.0537965
0.959926 0.0267615
0.0414537 0.811503
0.331953 0.433607
0.235134 0.524067
0.766265 0.133149
0.215693 0.545513
0.440351 0.34588
0.39995 0.377831
0.164891 0.609422
0.816554 0.105487
0.3557 0.413691
0.613623 0.223359
0.83458 0.0904678
0.290358 0.471468
0.454026 0.333517
0.433828 0.349701
0.229191 0.531553
0.337544 0.430035
0.405105 0.371061
0.0236157 0.863436
0.304214 0.458729
0.457497 0.3301
0.262551 0.495575
0.868085 0.0728599
0.0476964 0.791167
0.120547 0.663421
0.0385626 0.817959
0.0283489 0.847492
0.745642 0.141357
0.280204 0.480731
0.705285 0.166055
0.324794 0.440258
0.294422 0.466334
0.0422459 0.804886
0.471757 0.322628
0.10929 0.680877
0.881585 0.0669246
0.607929 0.227054
0.691104 0.176059
0.663379 0.191824
0.970027 0.0200558
0.491836 0.305737
0.726303 0.153194
0.716859 0.158266
0.83005 0.0935867
0.362712 0.411238
0.826052 0.0966471
0.723978 0.15636
0.76894 0.128801
0.000923296 0.983599
0.681231 0.183063
0.579595 0.246228
0.386229 0.386315
0.244678 0.51582
0.585209 0.240967
0.551017 0.266907
0.670341 0.189107
0.117095 0.667677
0.183139 0.587018
0.448899 0.337321
0.00365018 0.957399
0.779927 0.122701
0.11239 0.675803
0.0886992 0.710895
0.260595 0.500261
0.000674986 0.988001
0.193412 0.568915
0.887622 0.0635849
0.741171 0.145107
0.328697 0.437581
0.71053 0.163864
0.167458 0.600331
0.540854 0.272082
0.0970563 0.701088
0.738526 0.148118
0.507091 0.295032
0.370206 0.401061
0.533181 0.276957
0.187214 0.579803
0.924925 0.044804
0.598811 0.235062
0.351739 0.416358
0.232143 0.528221
0.975074 0.0185107
0.381237 0.393761
0.981905 0.0136919
0.788781 0.122413
0.468897 0.324839
0.159376 0.613658
0.268209 0.492258
0.61726 0.220303
0.605374 0.230024
0.922483 0.0466119
0.875004 0.0695846
0.286854 0.474748
0.275208 0.484326
0.114402 0.671682
0.0839535 0.729213
0.152485 0.624186
0.0543642 0.786081
0.284311 0.478233
0.911647 0.0514718
0.536598 0.275064
0.657569 0.194848
0.0128984 0.89893
0.821014 0.0991353
0.366689 0.403891
0.212498 0.549374
0.070937 0.748089
0.774497 0.126834
0.318416 0.442286
0.52414 0.285339
0.915308 0.0478529
0.0806733 0.72938
0.0366964 0.822351
0.0189867 0.875784
0.714238 0.161287
0.24084 0.520531
0.931201 0.0418124
0.403365 0.37375
0.0874483 0.718267
0.0519227 0.789013
0.149429 0.62455
0.980068 0.0168824
0.655207 0.19611
0.599519 0.231404
0.0614536 0.767626
0.0266075 0.849445
0.0123911 0.90425
0.629692 0.213346
0.301205 0.461731
0.0949245 0.70339
0.394049 0.380697
0.297796 0.463804
0.624939 0.217157
0.789584 0.117952
0.364194 0.4075
0.046773 0.799581
0.183182 0.58173
0.0700185 0.74966
0.591327 0.236677
0.00392188 0.95234
0.623151 0.220047
0.0849316 0.720802
0.391401 0.382651
0.584428 0.246053
0.274062 0.487352
0.338939 0.424763
0.270166 0.490155
0.169004 0.599585
0.817624 0.100561
0.01099 0.908811
0.482148 0.313128
0.590851 0.238016
0.423833 0.359964
0.438524 0.348677
0.0216061 0.868387
0.874471 0.0725827
0.209654 0.551901
0.424213 0.359318
0.318336 0.446061
0.209143 0.556366
0.385236 0.391
0.00488844 0.944084
0.481059 0.314584
