141699 450.073
0.999052 0.00418559
1.85966e-07 1.03326
0.0515678 0.782584
0.780194 0.129826
0.829382 0.0974779
0.17115 0.59659
0.84095 0.0890512
0.526726 0.281781
0.180192 0.588458
0.713946 0.16378
0.00684658 0.931042
2.28455e-07 1.0182
0.0475082 0.79447
0.702588 0.169815
0.230347 0.530017
0.3953 0.3805
0.056789 0.772198
0.599034 0.234777
0.914383 0.0502725
0.876686 0.0705174
0.796819 0.112689
0.464515 0.326326
0.00868856 0.916852
0.867811 0.0755809
0.560198 0.259787
0.947138 0.0325349
0.518687 0.288145
0.000515788 0.993159
0.402504 0.373482
0.0640125 0.762827
0.922385 0.0468742
0.326551 0.438223
0.822161 0.10083
0.790542 0.120247
0.765868 0.132813
0.246103 0.514389
0.567935 0.255427
0.350002 0.41584
0.907301 0.0549146
0.209221 0.554026
0.784623 0.120766
0.118359 0.665207
0.955891 0.0293314
0.0840199 0.71834
0.816037 0.104435
0.239374 0.519466
0.235575 0.523395
0.0812919 0.726362
0.343104 0.424832
0.114591 0.671477
0.335927 0.432673
0.287039 0.473269
0.0948603 0.703336
0.58942 0.239724
0.0999431 0.697414
0.357933 0.410806
0.475656 0.318885
0.809076 0.107399
0.254334 0.504907
0.00541262 0.939729
0.38928 0.384196
0.450314 0.33562
0.47034 0.323356
0.365943 0.403737
0.605054 0.232167
0.542691 0.271074
0.895121 0.0595889
0.445765 0.340672
0.192518 0.574712
0.137179 0.64041
0.224581 0.536891
0.0352354 0.827396
0.250626 0.510635
0.385015 0.389062
0.803087 0.110378
0.088526 0.713712
0.607649 0.225114
0.53598 0.277796
0.421633 0.360133
0.111222 0.677468
0.0321562 0.833457
0.103027 0.692281
0.969994 0.0219631
0.132753 0.645483
0.902005 0.057869
0.679771 0.182364
0.147539 0.627504
0.440732 0.34401
0.153058 0.6232
0.0155916 0.886254
0.0908617 0.707559
0.0181389 0.879587
0.0595171 0.767107
0.0231487 0.861612
0.202704 0.557074
0.183557 0.58207
0.187934 0.579828
0.158403 0.613135
0.213316 0.547694
0.0132199 0.899296
0.620966 0.222705
0.140044 0.634803
0.550642 0.270434
0.613535 0.223074
0.349244 0.422203
0.0662263 0.753278
0.993315 0.0100716
0.315382 0.447083
0.0116811 0.906354
0.000771224 0.984427
0.436922 0.348564
0.43271 0.351543
0.655566 0.197152
0.68592 0.178945
0.156839 0.620127
0.299394 0.462222
0.0206479 0.867203
0.0148174 0.893114
0.889985 0.0637917
0.166819 0.60506
0.30454 0.45925
0.0042714 0.947604
0.731383 0.152891
0.361454 0.408173
0.936681 0.0395772
0.00364949 0.953258
0.336252 0.428611
0.492201 0.306906
0.415776 0.363742
0.200635 0.561815
0.105565 0.685653
0.143611 0.630657
0.123057 0.65997
0.502035 0.298825
0.0200954 0.873994
0.735323 0.148878
0.718446 0.159831
0.319069 0.443462
0.642979 0.204316
0.270918 0.489247
0.486356 0.309649
0.647355 0.201869
0.928602 0.0442026
0.456851 0.332045
0.51029 0.293856
0.000261121 1.00474
0.85457 0.0822204
0.516414 0.292262
0.282008 0.479394
0.676013 0.185959
0.00166632 0.974106
0.162339 0.60923
0.260472 0.501543
0.960676 0.0263132
0.380935 0.393538
0.413852 0.367258
0.109006 0.683364
0.639328 0.209994
0.99121 0.0120505
0.96427 0.0238767
0.862876 0.078068
0.00257524 0.96519
0.0399302 0.812841
6.24878e-05 1.00713
0.631554 0.213224
0.537056 0.274749
0.667699 0.190969
0.00997719 0.911792
0.672404 0.189072
0.0365715 0.820019
0.573868 0.253504
0.0307899 0.840388
0.505746 0.295712
0.0444525 0.8009
0.62403 0.217436
0.697879 0.172695
0.0744682 0.740928
0.371453 0.399839
0.00305332 0.961619
0.19518 0.569092
0.129204 0.649528
0.554892 0.263142
0.931578 0.0416604
0.689686 0.176883
0.882659 0.0679951
0.323701 0.440793
0.741578 0.148493
0.198511 0.567847
0.0790189 0.733003
0.847636 0.0863248
0.0414906 0.80651
0.574966 0.249145
0.291548 0.469682
0.0690183 0.751934
0.858913 0.0803546
0.694575 0.174914
0.0775311 0.73532
0.580485 0.247519
0.306528 0.454171
0.377113 0.394997
0.273985 0.485984
0.747075 0.142822
0.0249273 0.854972
0.0705788 0.744981
0.42817 0.355263
0.627372 0.21595
0.126831 0.652354
0.0281392 0.848091
0.276932 0.483255
0.498226 0.302934
0.266257 0.492817
0.553503 0.265861
0.984277 0.0147306
0.4251 0.355678
0.982955 0.0152093
0.408763 0.370584
0.12539 0.657476
0.7442 0.145087
0.262331 0.498919
0.219342 0.542692
0.850107 0.0856613
0.0016307 0.97848
0.636573 0.211727
0.21607 0.544557
0.222584 0.540012
0.294888 0.464836
0.311141 0.451172
0.373068 0.39784
0.0380193 0.816689
0.72217 0.157387
0.976097 0.0178582
0.753832 0.139749
0.0302676 0.844988
0.975793 0.0183079
0.583757 0.245698
0.456445 0.332695
0.483911 0.31315
0.0260927 0.852562
0.49561 0.304015
0.265405 0.495337
0.7528 0.141839
0.480698 0.314642
0.657649 0.196767
0.941842 0.0359637
0.764223 0.133822
0.726749 0.155383
0.758029 0.136787
0.406276 0.370991
0.759797 0.136373
0.662517 0.194313
