288773 570.057
1 2.22045e-16
0 1
0 1
0.0233757 0.84711
0.0276474 0.833725
0.452042 0.327823
0.806463 0.101987
0.149747 0.613029
0.144248 0.620234
0.815495 0.0969523
0.828935 0.0895423
0.252481 0.497569
0.94299 0.028929
0.0491087 0.778503
0.777896 0.118016
0.935439 0.0328193
0.820843 0.0939963
0.285997 0.46523
0.0152591 0.876519
0.785529 0.113747
0.0529596 0.769926
0.161145 0.598573
0.099849 0.684676
0.13994 0.625918
0.183328 0.571856
0.332407 0.423454
0.179195 0.576697
0.25724 0.492942
0.246202 0.503813
0.105745 0.674815
0.122448 0.652435
0.0706364 0.734334
0.708579 0.15823
0.203872 0.548561
0.459861 0.321894
0.354165 0.404883
0.187854 0.566588
0.764457 0.125668
0.65613 0.190136
0.111354 0.666366
0.559535 0.25198
0.191652 0.56222
0.64177 0.198896
0.682223 0.174033
0.621508 0.211683
0.0806709 0.715986
0.68801 0.170537
0.6283 0.207406
0.359248 0.40068
0.118081 0.657072
0.481684 0.306256
0.874435 0.0648877
0.723299 0.14953
0.503926 0.290124
0.669935 0.181505
0.446343 0.331919
0.011368 0.893611
0.218645 0.532503
0.994264 0.00287229
0.608475 0.219952
0.486514 0.302539
0.499147 0.293497
0.0294961 0.828256
0.363681 0.39694
0.0553412 0.764952
0.554805 0.255514
0.693156 0.167445
0.0408005 0.798009
0.790771 0.110747
0.212453 0.539074
0.525676 0.274965
0.520356 0.278644
0.800443 0.105325
0.154285 0.607209
0.573262 0.242935
0.337747 0.418845
0.956376 0.0220642
0.981102 0.00954331
0.476362 0.30981
0.07768 0.72257
0.0383171 0.804254
0.0835629 0.710928
0.00154783 0.960934
0.341109 0.416116
0.0099766 0.900129
0.917979 0.0419722
0.165384 0.593326
0.346239 0.411579
0.923004 0.0392694
0.156871 0.603931
0.125245 0.646142
0.136169 0.631103
0.318293 0.435826
0.398858 0.368448
0.963603 0.01837
0.893857 0.0545631
0.949717 0.0254656
0.291709 0.4599
0.865035 0.0699277
0.00620553 0.921225
0.795984 0.107821
0.00351879 0.940681
0.00100915 0.968233
0.584172 0.235689
0.0583119 0.758522
0.274113 0.476442
0.196119 0.557148
0.067448 0.740305
0.90529 0.0485752
7.65807e-05 0.991249
0.00493399 0.929758
0.746786 0.135841
0.327697 0.427552
0.269109 0.481245
0.615697 0.215337
0.30156 0.451078
0.127868 0.642414
0.349455 0.408858
0.296948 0.455072
0.647308 0.195448
0.262111 0.488163
0.714316 0.154834
0.530029 0.27197
0.207892 0.54405
0.00215379 0.953591
0.0363301 0.809396
0.869368 0.0679301
0.83507 0.0861783
0.56524 0.248176
0.0343299 0.814717
0.409788 0.359854
0.174843 0.581913
0.717716 0.152825
0.00273909 0.947664
0.593524 0.229595
0.751754 0.133046
0.650744 0.193322
0.38515 0.379463
0.599252 0.226036
0.308944 0.445474
0.69848 0.164284
0.396772 0.370101
0.0172568 0.868635
0.0201392 0.858088
0.534261 0.269068
0.758987 0.129325
0.841572 0.082696
0.000215873 0.98539
0.368414 0.39303
0.0180647 0.865596
0.378327 0.384919
0.742322 0.138426
0.494032 0.297126
0.421931 0.350438
0.568182 0.246222
0.98868 0.00568437
0.373726 0.388669
0.22723 0.523651
0.0923537 0.696477
0.63642 0.202241
0.974866 0.0126472
0.131336 0.637599
0.222923 0.528152
0.663862 0.185223
0.237199 0.51297
0.304603 0.448092
0.469619 0.314713
0.882624 0.0605277
0.0864677 0.705946
0.491751 0.299425
0.419689 0.352181
0.232748 0.51756
0.172678 0.584477
0.277141 0.473562
0.427212 0.346386
0.66181 0.186483
0.464787 0.318247
0.880395 0.061707
0.0737206 0.728501
0.736281 0.141941
0.85933 0.0730001
0.677004 0.177198
0.00438239 0.934228
0.241929 0.508146
0.381081 0.382682
0.772004 0.121362
0.549523 0.258707
0.114378 0.661802
0.730453 0.145335
0.847101 0.0796956
0.405339 0.36334
0.313264 0.440301
0.888864 0.0572042
0.770078 0.122464
0.324496 0.430355
0.0132332 0.884972
0.912885 0.044787
0.442148 0.335082
0.321434 0.433054
0.0639147 0.747291
0.472292 0.312771
0.229226 0.521226
0.853327 0.0762482
0.433492 0.341625
0.538145 0.266416
0.102937 0.679162
0.985683 0.00754521
0.910364 0.0461083
0.674516 0.178712
0.439639 0.336948
0.728568 0.146444
0.031981 0.821168
0.133382 0.634787
0.061599 0.751809
0.39118 0.374558
0.0466925 0.785251
0.00760586 0.912794
0.547265 0.260227
0.429119 0.344929
0.929121 0.0360909
0.199357 0.553557
0.755803 0.130632
0.0955845 0.690833
0.435656 0.339966
0.000502076 0.978176
0.703005 0.161576
0.605349 0.221959
0.415244 0.356592
0.510085 0.285816
0.0893773 0.703812
0.0656398 0.744184
0.0129928 0.886016
0.588233 0.233062
0.509245 0.286387
0.000625802 0.975038
0.54293 0.263166
0.281014 0.469907
0.579151 0.238981
0.0904015 0.699336
0.601996 0.224122
0.900398 0.0512445
0.515485 0.282028
0.0224015 0.854042
0.293862 0.45797
0.953008 0.0237786
0.169038 0.58886
0.0601209 0.754804
0.838282 0.0844721
0.0749801 0.726175
0.577929 0.239784
