96301 190.016
1 2.22045e-16
8.32667e-17 1
0.521718 0.277731
0.530582 0.271602
0.838813 0.0841329
0.0760148 0.724294
0.51376 0.28323
0.0494892 0.777538
0.0130683 0.885687
0.393121 0.373007
0.830911 0.0884605
0.143777 0.62082
0.620847 0.212065
0.0254604 0.840485
0.421524 0.350873
0.70147 0.162463
0.000478718 0.978138
0.862182 0.0714642
0.41172 0.358347
0.856335 0.0752014
0.891967 0.0555598
0.0792783 0.718436
0.940305 0.0303067
0.233349 0.516938
0.157752 0.60282
0.628077 0.207637
0.73703 0.141498
0.474476 0.311178
0.480288 0.307246
0.00624927 0.921127
0.717802 0.152768
0.989621 0.00520317
0.574574 0.241999
0.578953 0.239117
0.0104616 0.897719
0.825218 0.0915849
0.56797 0.246362
0.469319 0.314931
0.778303 0.117785
0.723608 0.149349
0.898281 0.0522233
0.247381 0.502687
0.0389775 0.802573
0.354004 0.405202
0.0415042 0.796274
0.202069 0.550481
0.0574078 0.760407
0.429132 0.344918
0.96778 0.016242
0.375684 0.387606
0.0022191 0.952909
0.0528778 0.770078
0.380571 0.383096
0.417988 0.354309
0.695681 0.165925
0.114906 0.661062
0.794132 0.108875
0.0955821 0.690858
0.206808 0.545375
0.920577 0.0405334
0.683357 0.173389
0.94681 0.0269588
0.604548 0.222473
0.708425 0.15832
0.448651 0.330187
0.673593 0.179273
0.0828443 0.712173
0.371194 0.39119
0.753688 0.131848
0.536193 0.267749
0.132501 0.635994
0.551512 0.257679
0.66776 0.182834
0.108998 0.669853
0.615319 0.215635
0.124096 0.647727
0.339428 0.417396
0.903685 0.0494082
0.00375623 0.938814
0.260897 0.489221
0.348754 0.409527
0.925428 0.038052
0.0143224 0.880324
0.49842 0.294012
0.168644 0.589705
0.118743 0.655409
0.0161897 0.872832
0.464152 0.318885
0.00110118 0.966816
0.763131 0.126427
0.678168 0.17649
0.000192533 0.986127
0.638806 0.200747
0.00278933 0.947248
0.996105 0.00200223
0.914241 0.0438436
0.223098 0.527668
0.316324 0.437573
0.436136 0.339594
0.556358 0.254106
0.38499 0.379525
0.79975 0.105713
0.329644 0.425854
0.213893 0.537514
0.250808 0.499194
0.0327675 0.818982
0.0886412 0.702274
0.400799 0.366914
0.00135091 0.963245
0.21016 0.541569
0.712061 0.156164
0.585531 0.2348
0.759118 0.128726
0.643394 0.197882
0.241914 0.508152
0.111805 0.665628
0.153633 0.60804
0.00775687 0.911933
0.389024 0.376282
0.485264 0.303396
0.274524 0.476128
0.0988192 0.685645
0.0284039 0.831465
0.771949 0.121394
0.0364615 0.809052
0.663431 0.185491
0.045349 0.787048
0.0302936 0.825949
4.43041e-05 0.993344
0.0631245 0.748754
0.0713978 0.732807
0.93433 0.0333956
0.0665162 0.742093
0.769092 0.123022
0.803878 0.103408
0.846007 0.0803981
0.540402 0.26488
0.868589 0.0680191
0.743166 0.13793
0.442952 0.334671
0.364141 0.396885
0.105338 0.675451
0.931117 0.0350559
0.879334 0.0622718
0.238433 0.511707
0.321512 0.43298
0.00521883 0.927774
0.455594 0.328636
0.00836113 0.908561
0.460298 0.321681
0.503386 0.290503
0.788811 0.111877
0.962741 0.0192195
0.121322 0.651688
0.819268 0.0948686
0.183168 0.572019
0.647946 0.195064
0.00989037 0.900647
0.217432 0.533704
0.284798 0.466335
0.508707 0.286771
0.366413 0.394935
0.148716 0.614362
0.874974 0.0646506
0.254922 0.495102
0.849648 0.0782362
0.748595 0.134786
0.299619 0.452625
0.983871 0.0080973
0.731368 0.144799
0.885773 0.0588447
0.00451822 0.932882
0.139764 0.62623
0.227597 0.522929
0.101175 0.68192
0.563719 0.249188
0.198365 0.554627
0.0441131 0.789969
0.729092 0.146132
0.560547 0.251327
0.0210442 0.854934
0.301543 0.450875
0.188607 0.56571
0.5939 0.229351
0.288745 0.46265
0.278673 0.47211
0.162388 0.598009
0.067822 0.739574
0.280687 0.470206
0.293548 0.458199
0.257183 0.492868
0.658841 0.188312
0.688739 0.170097
0.186024 0.568766
0.229165 0.521289
0.220094 0.530859
0.546553 0.260708
0.456368 0.324464
0.294921 0.456934
0.0186826 0.86475
0.959042 0.020693
0.179999 0.575737
0.326322 0.428754
0.311732 0.441671
0.488629 0.300981
0.40661 0.36234
0.334425 0.421708
0.191632 0.562247
0.494077 0.297105
0.265289 0.484938
0.690693 0.168921
0.0234027 0.847022
0.306 0.446833
0.307329 0.445628
0.0521941 0.772606
0.344561 0.413324
0.808611 0.100772
0.128391 0.641683
0.104853 0.679273
0.0175504 0.867764
0.783392 0.114906
0.633788 0.203908
0.588123 0.233382
0.974109 0.0130308
0.173193 0.584207
0.61045 0.218688
0.816831 0.0962241
0.981221 0.00943442
0.128041 0.642186
0.544369 0.262206
0.022821 0.848934
0.599248 0.225889
0.358874 0.400962
0.908854 0.0466619
0.17715 0.579108
0.443891 0.333749
0.95223 0.0252713
0.0923251 0.696159
0.15129 0.611045
0.0606356 0.753824
0.88378 0.0599048
0.193971 0.559915
0.0585447 0.75805
0.591889 0.230657
0.0917566 0.697086
0.656121 0.190022
0.97698 0.0115773
0.871053 0.0667057
0.196243 0.557007
0.135294 0.632177
