153329 350.038
0.999684 0.000599375
0 1.00087
0.0596296 0.757356
0.0418227 0.797038
0.746872 0.1369
0.198968 0.56312
0.716919 0.154647
0.767594 0.124963
0.182975 0.574973
0.172878 0.586939
0.0703015 0.736705
0.208423 0.545327
0.696428 0.166783
0.678137 0.177908
0.0338394 0.818036
0.65697 0.190313
0.0986036 0.689193
0.161988 0.599813
0.713172 0.156361
0.793521 0.110538
0.780631 0.118208
0.0887328 0.705891
0.229352 0.529919
0.809058 0.10217
0.216797 0.537337
0.273689 0.479983
0.260164 0.491723
0.639628 0.20203
0.650454 0.194477
0.237526 0.515107
0.247025 0.507586
0.0820012 0.71791
0.000606303 0.977555
0.00156612 0.962366
0.0754247 0.728872
0.787903 0.11348
0.222597 0.530422
0.374842 0.389245
0.0866339 0.708779
0.496959 0.296196
0.0784269 0.723549
0.335445 0.42248
0.404576 0.365481
0.158139 0.605854
0.239697 0.515031
0.251053 0.501897
0.00412536 0.938628
0.605578 0.222809
0.340167 0.418214
0.633707 0.205801
0.287242 0.465987
0.00505158 0.93085
0.254428 0.498353
0.43129 0.344716
0.600839 0.226198
0.370677 0.394209
0.502198 0.292267
0.492162 0.299821
0.611024 0.219809
0.409823 0.362199
0.868869 0.0689256
0.000182312 0.988
0.386723 0.379554
0.0147567 0.880276
0.592111 0.231708
0.00706025 0.918677
0.863892 0.0715556
0.690591 0.171732
0.596241 0.229066
0.00596316 0.924383
0.282828 0.46949
0.933386 0.0355399
0.0021288 0.956961
0.937702 0.0323245
0.946712 0.0281472
0.117932 0.659836
0.0134978 0.88683
0.309839 0.444319
0.951599 0.0257777
0.42651 0.348104
0.023484 0.850024
0.570236 0.24631
0.520186 0.279835
0.488521 0.302658
0.298045 0.45574
0.38054 0.385016
0.313905 0.441349
0.574678 0.243665
0.928681 0.0373833
0.0214593 0.855046
0.0248667 0.84479
0.149958 0.615539
0.0162546 0.875068
0.131152 0.641963
0.559122 0.254356
0.0200804 0.860064
0.325676 0.430663
0.0101249 0.901332
0.292034 0.462332
0.942246 0.0303829
0.905203 0.0496958
0.873357 0.0663932
0.400562 0.370197
0.684638 0.175441
0.351609 0.409693
0.121335 0.655061
0.528013 0.274613
0.307011 0.44829
0.524531 0.277638
1.56189e-05 0.997706
0.56625 0.248881
0.859714 0.07407
0.587663 0.234818
0.924085 0.0397262
0.317669 0.438592
0.361226 0.401537
0.448706 0.331475
0.00892817 0.908259
0.835724 0.0872178
0.614663 0.21716
0.012282 0.891672
0.877373 0.0642772
0.619056 0.215041
0.356886 0.404807
0.881825 0.0621087
0.955692 0.0232945
0.0320934 0.822567
0.127569 0.64554
0.531868 0.271889
0.412679 0.358874
0.416269 0.355986
0.90079 0.0518765
0.562164 0.251279
0.294909 0.460459
0.347842 0.41398
0.444909 0.33412
0.45259 0.328876
0.823981 0.0938583
0.419902 0.353453
0.484281 0.305554
0.391069 0.377352
0.115764 0.663393
0.00272372 0.949502
0.959731 0.0212043
0.0305163 0.827418
0.258672 0.493487
0.629186 0.207958
0.509365 0.287619
0.101104 0.684501
0.0080514 0.912156
0.00318343 0.945597
0.812773 0.0998946
0.441477 0.336824
0.393558 0.373913
0.142269 0.625658
0.5354 0.269316
0.0186391 0.865476
0.471249 0.314667
0.516234 0.282962
0.964223 0.0194251
0.0173415 0.869525
0.90977 0.0476965
0.42345 0.35064
0.435376 0.341149
0.344558 0.415222
0.147152 0.619007
0.505872 0.289973
0.0112493 0.897375
0.816617 0.0974629
0.897127 0.054259
0.885598 0.0597962
0.455903 0.326105
0.0263944 0.839507
0.330966 0.426486
0.984698 0.00863913
0.547846 0.260996
0.382146 0.382968
0.855708 0.0764042
0.992447 0.0048362
0.465003 0.319921
0.988405 0.00668446
0.623014 0.212768
0.145155 0.622582
0.513348 0.285134
0.113217 0.667544
0.468394 0.317476
0.99607 0.00272774
0.36652 0.396482
0.828227 0.0910143
0.893152 0.05601
0.889439 0.0579564
0.920207 0.0419022
0.578239 0.240822
0.830895 0.0893681
0.02887 0.831724
0.539155 0.266966
0.475054 0.31195
0.625998 0.210434
0.481009 0.307623
0.820262 0.0956015
0.91287 0.0454015
0.000343724 0.983413
0.916598 0.0435774
0.125665 0.649169
0.13331 0.63797
0.968039 0.0174243
0.542441 0.265092
0.154747 0.609618
0.552661 0.258076
0.397073 0.371112
0.153087 0.611544
0.140165 0.629803
0.656547 0.190975
0.279704 0.472576
0.303452 0.451016
0.848607 0.0797936
0.135428 0.635432
0.839696 0.0853555
0.584068 0.236693
0.852326 0.0783103
0.437868 0.339339
0.137855 0.631954
0.363414 0.398361
0.477868 0.310114
0.0275262 0.835719
0.974411 0.0141993
0.980711 0.0106495
0.123145 0.651944
0.554344 0.256767
0.354016 0.407046
0.301209 0.453154
0.111032 0.670177
0.103261 0.681537
0.278043 0.475381
0.581088 0.238745
0.105512 0.678869
0.978166 0.0123344
0.845085 0.0817074
0.687853 0.172448
0.461295 0.321939
0.971276 0.0156866
0.459097 0.323628
0.545536 0.262597
0.329272 0.427978
0.322222 0.434168
0.109144 0.6736
0.842243 0.0832185
0.320954 0.435405
0.679226 0.176951
0.275121 0.478013
