97458 340.064
1 2.22045e-16
0 1
0 1
0.150185 0.612463
0.576391 0.240797
0.162592 0.596774
0.0168995 0.870002
0.585814 0.234615
0.0899965 0.700007
0.441963 0.335197
0.299272 0.452943
0.867977 0.068347
0.241044 0.509038
0.144995 0.619221
0.732324 0.144241
0.64263 0.198358
0.094524 0.692553
0.0694912 0.736388
0.761337 0.127455
0.808815 0.100659
0.170144 0.587516
0.786298 0.113266
0.857513 0.0739799
0.600197 0.225276
0.571003 0.244353
0.721845 0.150385
0.342056 0.415144
0.395074 0.371451
0.530041 0.271961
0.102141 0.681381
0.00973032 0.901359
0.983715 0.00817618
0.874561 0.0648202
0.228073 0.522431
0.911864 0.0450859
0.423919 0.348911
0.501606 0.291758
0.88326 0.0601808
0.0869473 0.706623
0.0434808 0.79148
0.384197 0.380164
0.0609584 0.753102
0.0582769 0.758723
0.690905 0.168793
0.0461482 0.785224
0.559393 0.252075
0.105307 0.675493
0.815028 0.0972109
0.0409045 0.797752
0.15613 0.604867
0.0189952 0.862177
0.437019 0.338926
0.212063 0.5395
0.546102 0.261034
0.337188 0.419415
0.648842 0.194493
0.36541 0.395511
0.0142908 0.880456
0.184409 0.570571
0.255947 0.494089
0.473159 0.312134
0.989684 0.00517159
0.609136 0.219529
0.275967 0.474764
0.141352 0.624034
0.200993 0.551679
0.0328477 0.818761
0.232905 0.51743
0.665715 0.184086
0.327846 0.427422
0.457687 0.323474
0.630794 0.205775
0.174502 0.582647
0.0729112 0.72998
0.00122133 0.9651
0.360488 0.399634
0.408048 0.361213
0.68468 0.172546
0.251063 0.498938
0.524612 0.2757
0.0351891 0.812414
0.995047 0.00305327
0.486506 0.302505
0.0487518 0.779202
0.621444 0.211687
0.513935 0.283109
0.540415 0.264871
0.0263668 0.837622
0.11426 0.662096
0.958029 0.0212106
0.279551 0.471274
0.0240737 0.844843
0.625057 0.209396
0.695684 0.165931
0.0781513 0.720507
0.000638643 0.974729
0.116941 0.6581
0.0552077 0.765037
0.780708 0.116423
0.930655 0.0352965
0.974788 0.0126871
0.00206017 0.954617
0.051334 0.77498
0.135825 0.631456
0.659518 0.187894
0.0749976 0.726143
0.12035 0.653085
0.604804 0.222309
0.905716 0.0483173
0.428823 0.345154
0.00838078 0.908454
0.000141364 0.98811
0.432198 0.342582
0.283791 0.467284
0.936902 0.0320635
0.00288407 0.946296
0.755153 0.13108
0.178717 0.577257
0.310491 0.442783
0.246595 0.503417
0.495353 0.29619
0.67357 0.17929
0.45219 0.327595
0.0114241 0.893116
0.478525 0.308246
0.000420458 0.979495
0.027805 0.833252
0.700447 0.163073
0.0533963 0.768935
0.122926 0.649391
0.90225 0.0501315
0.825234 0.0915866
0.48166 0.306754
0.509469 0.286229
0.0640866 0.746847
0.793123 0.109426
0.967574 0.0163494
0.0384655 0.803874
0.402061 0.365922
0.896789 0.0531471
0.449301 0.329704
0.977496 0.0113184
0.886311 0.058567
0.505918 0.288721
0.767735 0.123795
0.371989 0.390097
0.379082 0.384304
0.193919 0.559638
0.738973 0.140365
0.712257 0.156201
0.0035882 0.940099
0.593441 0.229653
0.138012 0.628501
0.553698 0.255894
0.836633 0.0853243
0.376999 0.386099
0.802361 0.104255
0.305687 0.44711
0.841081 0.0828953
0.669518 0.181759
0.636282 0.202328
0.131726 0.637124
0.750548 0.13382
0.40046 0.367187
0.205655 0.546514
0.91764 0.0420648
0.706287 0.159747
0.418571 0.353038
0.653033 0.191896
0.180771 0.574828
0.410841 0.359033
0.678206 0.176468
0.0833859 0.711234
0.944147 0.0283278
0.00486909 0.930221
0.00745644 0.91365
0.00643273 0.919796
4.16846e-05 0.993544
0.0298501 0.827229
0.850592 0.0777247
0.369663 0.392014
0.466507 0.317038
0.00499781 0.929305
0.352235 0.406555
0.0370618 0.807486
0.18967 0.56449
0.744403 0.137213
0.292172 0.459471
0.518514 0.279921
0.948107 0.0262921
0.96347 0.0184349
0.266403 0.483858
0.535614 0.268144
0.830305 0.0887894
0.0659805 0.743173
0.795022 0.10837
0.223997 0.526717
0.468946 0.315204
0.313401 0.440178
0.108654 0.670373
0.0308722 0.824295
0.800554 0.105263
0.18843 0.565925
0.00160286 0.959964
0.565166 0.248226
0.264663 0.485546
0.0227178 0.849276
0.020593 0.856497
0.390108 0.375423
0.356855 0.402629
0.222441 0.528364
0.197965 0.555069
0.940053 0.030456
0.347197 0.410823
0.218652 0.532422
0.317423 0.436597
0.126119 0.645053
0.776689 0.118726
0.892037 0.0555402
0.159155 0.601058
0.110743 0.66722
0.615642 0.215372
0.773759 0.120365
0.415497 0.356308
0.920068 0.0407983
0.589486 0.232226
0.127442 0.643011
0.207658 0.544305
0.855553 0.0750389
0.614835 0.215888
0.388874 0.376407
0.92472 0.0383784
0.215844 0.53541
0.734709 0.142848
0.656496 0.189758
0.322406 0.432192
0.261637 0.490376
0.0804476 0.716388
0.714402 0.154777
0.0981174 0.686767
0.271138 0.479292
0.332961 0.422972
0.681216 0.174642
0.294549 0.457277
0.520857 0.278296
0.844979 0.0808567
0.322968 0.431698
0.236209 0.513987
0.131149 0.639341
0.871339 0.0665449
