144532 480.088
0.999641 0.00402404
3.38836e-08 1.01882
0.889007 0.0624327
0.32644 0.437469
0.930666 0.0409507
0.878985 0.0688688
0.831515 0.0942417
0.296093 0.463596
0.749141 0.139874
0.909921 0.0518871
0.739697 0.14624
0.82101 0.102531
0.859078 0.0791891
0.627659 0.216922
0.269881 0.489982
0.000393612 0.996808
0.668608 0.19182
0.939801 0.0354595
0.726128 0.15383
1.00112e-05 1.00877
0.182514 0.579916
0.921327 0.0458495
0.869005 0.0744061
0.497099 0.301703
0.735004 0.149252
0.0542519 0.77819
0.720984 0.157516
0.334813 0.428577
0.262023 0.496489
0.250376 0.50809
0.118202 0.664887
0.000724928 0.986681
0.0503381 0.786015
0.65686 0.194135
0.64876 0.201807
0.96377 0.0233107
0.00397648 0.958098
0.0911183 0.710072
0.0949771 0.701295
0.714245 0.162617
0.197046 0.565755
0.384562 0.390228
0.565155 0.255221
0.288828 0.471086
0.0156852 0.886442
0.610736 0.225331
0.853136 0.081872
0.64198 0.205238
0.544949 0.269908
0.353046 0.41345
0.768385 0.129122
0.603613 0.227915
0.794201 0.115
0.901037 0.059914
0.0411211 0.806838
0.0345601 0.826715
0.358678 0.409654
0.102841 0.692719
0.847197 0.0857774
0.801612 0.110875
0.00626243 0.933308
0.636306 0.212257
0.444317 0.340951
0.00147998 0.977464
0.0484581 0.792692
0.841553 0.0881518
0.27367 0.485136
0.0776744 0.735141
0.347351 0.416681
0.917263 0.0489211
0.537984 0.272255
0.0269289 0.847561
0.166706 0.604878
0.449364 0.336393
0.51296 0.29145
0.258153 0.503422
0.5045 0.29648
0.00526209 0.94339
0.105995 0.687513
0.901536 0.0567184
0.481353 0.313377
0.491652 0.304868
0.995785 0.00755893
0.756782 0.138576
0.570439 0.251316
0.0854444 0.71909
0.979867 0.0154058
0.0979257 0.697441
0.620376 0.219369
0.989596 0.0105566
0.0660004 0.7517
0.318684 0.442746
0.212389 0.550234
0.517174 0.287445
0.113067 0.671396
0.168753 0.599177
0.0142313 0.893804
0.0211874 0.866803
0.837095 0.0933664
0.278594 0.480994
0.234872 0.524754
0.401316 0.374241
0.534396 0.276776
0.0042976 0.948552
0.203379 0.55951
0.654203 0.19743
0.959159 0.0283159
0.617594 0.223248
0.00732753 0.92746
0.454961 0.334363
0.872937 0.0717509
0.013022 0.900063
0.789263 0.116809
0.529641 0.279816
0.187555 0.575256
0.672208 0.186907
0.945333 0.0330498
0.304175 0.456536
0.302385 0.459726
0.177896 0.587133
0.972656 0.0219376
0.0806176 0.728145
0.208133 0.553912
0.311423 0.453622
0.281944 0.477285
0.705122 0.168138
0.0289146 0.840844
0.108401 0.681277
0.312371 0.449767
0.691802 0.17448
0.784787 0.121007
0.709034 0.164904
0.0181689 0.874689
0.0878003 0.713732
0.0388753 0.813271
0.984482 0.0125825
0.0710227 0.747101
0.0598977 0.765952
0.396281 0.377438
0.420435 0.35801
0.143449 0.629906
0.684004 0.17935
0.0178911 0.878236
0.389323 0.384633
0.58623 0.240825
0.477054 0.317964
0.814192 0.106453
0.371778 0.396904
0.239008 0.51927
0.467925 0.322502
0.00211388 0.966337
0.172208 0.594124
0.78142 0.123633
0.0818259 0.724244
0.247199 0.512857
0.974135 0.0186465
0.364421 0.4068
0.472924 0.318999
0.574862 0.248477
0.133204 0.642782
0.0625233 0.759174
0.030561 0.832325
0.50811 0.295612
0.763165 0.133017
0.466786 0.326753
0.193402 0.568844
0.318095 0.44547
0.148606 0.626455
0.552332 0.264395
0.344411 0.422343
0.161398 0.609124
0.0244082 0.853707
0.55022 0.266108
0.0566612 0.771189
0.121692 0.659699
0.126957 0.653893
0.580937 0.243727
0.689096 0.177824
0.151874 0.617208
0.637738 0.209192
0.00910413 0.920451
0.342289 0.424935
0.596468 0.238613
0.68006 0.183034
0.558379 0.258399
0.950305 0.0307446
0.58998 0.238718
0.150489 0.623651
0.141217 0.633349
0.221517 0.540189
0.0109368 0.906047
0.190334 0.572427
0.0104987 0.909857
0.365308 0.402552
0.0448961 0.801018
0.225163 0.53407
0.433443 0.349081
0.426947 0.355528
0.413226 0.365811
0.370146 0.400278
0.557439 0.260042
0.440722 0.345543
0.697821 0.171771
0.761926 0.136128
0.0101819 0.917621
0.0220109 0.862277
0.598864 0.23175
0.0450647 0.798511
0.676235 0.184142
0.036252 0.819879
0.00173937 0.969809
0.130669 0.647129
0.459785 0.327801
0.215295 0.544714
0.458721 0.330201
0.95318 0.0283803
0.52518 0.282917
0.337797 0.42836
0.123825 0.657738
0.699898 0.1706
0.0238511 0.857522
0.0643924 0.75685
0.228746 0.530663
0.437311 0.345963
0.5804 0.247701
0.487409 0.311453
0.487532 0.308743
0.260631 0.501152
0.816934 0.103068
0.217224 0.543638
0.774545 0.126052
0.807631 0.107642
0.138877 0.637789
0.136884 0.639744
0.379206 0.393802
0.377972 0.394205
0.159257 0.61059
0.406199 0.37147
0.129075 0.650263
0.392606 0.379868
0.206457 0.559316
0.243398 0.514889
0.0304756 0.836202
0.0746907 0.739844
0.409078 0.367255
0.432895 0.353748
0.112059 0.678737
0.224271 0.538396
0.416799 0.362875
0.175115 0.591653
