97201 200.024
1 2.22045e-16
0 1
0 1
0.149653 0.613151
0.268955 0.481392
0.0859434 0.706839
0.763972 0.125945
0.117313 0.657491
0.7969 0.107308
0.111401 0.666232
0.346488 0.411396
0.2624 0.487751
0.278544 0.472227
0.321715 0.43282
0.899992 0.0513212
0.0424361 0.794002
0.75599 0.130523
0.827465 0.0903502
0.340218 0.416719
0.734539 0.142947
0.983344 0.00836306
0.00012379 0.988875
0.388871 0.376448
0.866541 0.0691184
0.815638 0.0968746
0.15636 0.604576
0.329968 0.425579
0.414339 0.356308
0.274483 0.47609
0.533323 0.269711
0.00364986 0.939586
0.44209 0.335101
0.612658 0.217275
0.091043 0.698267
0.0188872 0.862569
0.539432 0.26554
0.055208 0.765036
0.821684 0.0935323
0.587976 0.233231
0.691872 0.169154
0.207229 0.544824
0.0964881 0.689375
0.855122 0.0752726
0.728223 0.14664
0.582426 0.236833
0.787827 0.112404
0.697175 0.165268
0.218261 0.532817
0.848713 0.0787438
0.10559 0.675053
0.0388005 0.803022
0.181471 0.574007
0.860466 0.0723891
0.593509 0.229607
0.0735202 0.728854
0.186772 0.56785
0.120451 0.652939
0.528299 0.273159
0.801918 0.104502
0.03047 0.825448
0.315146 0.438623
0.0103906 0.898104
0.6393 0.200437
0.00136448 0.963061
0.872874 0.0657231
0.0210755 0.854828
0.124427 0.647258
0.0132694 0.884813
0.718494 0.152361
0.00267861 0.94825
0.076598 0.723616
0.885988 0.0587305
0.0347829 0.813498
0.178661 0.577318
0.17009 0.587581
0.242986 0.507064
0.643693 0.19771
0.0447572 0.788446
0.60489 0.222255
0.0323522 0.820133
0.46824 0.31572
0.77024 0.122367
0.906224 0.0480446
0.56189 0.250408
0.0118407 0.891186
0.00205786 0.954638
0.222912 0.527866
0.955061 0.0229141
0.74067 0.139378
0.13703 0.629914
0.351716 0.406944
0.675987 0.177827
0.288789 0.462614
0.335821 0.420529
0.293458 0.458284
0.0279369 0.832857
0.992382 0.00474789
0.942487 0.0292191
0.68183 0.17427
0.723139 0.149625
0.247482 0.502527
0.129563 0.640054
0.239341 0.510777
0.00762535 0.912696
0.568026 0.246325
0.498181 0.294181
0.68562 0.171979
0.45947 0.322169
0.892776 0.0551319
0.494163 0.297217
0.310016 0.44321
0.402205 0.365811
0.929796 0.0357658
0.51452 0.282701
0.978751 0.0106816
0.213426 0.538022
0.232045 0.51829
0.195003 0.558409
0.235394 0.514825
0.0827839 0.712628
0.0238601 0.845534
0.0149939 0.877564
0.108475 0.670645
0.834542 0.0864682
0.659394 0.188036
0.052127 0.771687
0.0928681 0.695291
0.489363 0.300455
0.649395 0.19415
0.622976 0.210956
0.555957 0.254776
0.71267 0.155832
0.577142 0.240322
0.5095 0.28663
0.419805 0.352076
0.00652109 0.919247
0.166078 0.592646
0.549964 0.25858
0.665544 0.184202
0.395973 0.374205
0.503318 0.291126
0.961806 0.0193352
0.436583 0.339259
0.429886 0.344343
0.63321 0.204256
0.296934 0.455085
0.000873184 0.970451
0.426552 0.346891
0.000362023 0.980973
0.358103 0.401586
0.702448 0.161879
0.544249 0.262268
0.252555 0.497472
0.936057 0.0325007
0.375332 0.387405
0.30054 0.451786
0.948849 0.0259111
0.285204 0.465956
0.204754 0.547535
0.141641 0.623649
0.879304 0.0622887
0.0472956 0.782526
0.0631333 0.74874
0.378246 0.385009
0.198878 0.554091
0.744632 0.137079
0.0579926 0.759187
0.133891 0.634089
0.407351 0.36176
0.40918 0.360328
0.201028 0.551646
0.00469294 0.931521
0.454223 0.326734
0.319025 0.43518
0.0703145 0.734831
0.127443 0.643027
0.303892 0.448747
0.228113 0.522391
0.973472 0.0133538
0.774337 0.120072
0.159003 0.601249
0.0226774 0.849412
0.916072 0.042886
0.14594 0.617978
0.809485 0.100287
0.518014 0.280269
0.42222 0.350217
0.598584 0.226319
0.807936 0.101147
0.434298 0.340987
0.355019 0.404165
0.0997898 0.684105
0.101499 0.681412
0.383463 0.380788
0.0610411 0.752936
0.069224 0.736909
0.751023 0.133421
0.709616 0.157613
0.173946 0.58294
0.706734 0.161387
0.257385 0.492669
0.0663506 0.742414
0.523094 0.276748
0.0794172 0.71819
0.0506827 0.774872
0.926207 0.0376035
0.653819 0.191418
0.0261758 0.83825
0.0486314 0.779475
0.000583436 0.975846
0.472182 0.312845
0.483101 0.304948
0.83769 0.0859703
0.843615 0.0815165
0.331797 0.423989
0.371072 0.391224
0.163376 0.595815
0.619128 0.213167
0.0056788 0.924643
0.485717 0.303066
0.627788 0.207669
0.447491 0.331434
0.367461 0.393815
0.506262 0.288485
0.226052 0.524564
0.0171006 0.869233
0.616209 0.215013
0.479336 0.307659
0.671295 0.180674
0.910626 0.0457343
0.890096 0.0565518
0.841628 0.0825984
0.558312 0.252798
0.398941 0.36839
0.250658 0.499346
0.57391 0.242436
0.748696 0.134731
0.214351 0.537096
0.967627 0.0163197
0.662709 0.18593
0.258294 0.49178
0.462794 0.31971
0.877585 0.0632111
0.782544 0.115411
0.362344 0.398049
0.571126 0.244385
0.452352 0.327429
0.00896086 0.90534
0.938607 0.0311825
0.921047 0.0402884
