59558 200.034
0.998777 0.00428786
4.90115e-07 1.02167
0.845691 0.087752
0.591911 0.238138
0.461131 0.328978
0.451501 0.335143
0.835071 0.0943989
0.208264 0.553052
0.00493791 0.941174
0.0787485 0.726547
0.792434 0.116165
0.00363034 0.954053
0.0453161 0.799515
0.446043 0.339067
0.784754 0.122401
0.439209 0.345046
0.161892 0.60896
0.0743548 0.73703
0.0197454 0.87018
0.217658 0.539968
0.0834862 0.722329
0.000812474 0.980475
0.465832 0.324138
0.601998 0.23218
0.237617 0.519872
0.154434 0.614596
0.231469 0.529619
0.71419 0.163462
0.654625 0.197261
0.0495051 0.788643
0.0290839 0.837238
0.360955 0.406589
0.0327432 0.828843
0.00231193 0.966599
0.930039 0.041747
0.0691646 0.746125
0.22555 0.533919
0.268464 0.490107
0.665637 0.194705
0.706296 0.166749
0.41538 0.361581
0.00934163 0.916268
0.80968 0.107764
7.17009e-07 1.01183
0.937841 0.0392851
0.924271 0.0453034
0.918884 0.0487754
0.000139261 1.00322
0.40394 0.372241
0.76431 0.134913
0.720389 0.160437
0.636515 0.209077
0.387172 0.387558
0.972604 0.0194878
0.433435 0.348362
0.13773 0.635975
0.723901 0.155111
0.850693 0.0823931
0.7986 0.11285
0.729626 0.151915
0.735109 0.148766
0.392992 0.38134
0.991897 0.0124581
0.690902 0.175168
0.202299 0.558624
0.91282 0.0520193
0.125461 0.653822
0.816092 0.103881
0.0219484 0.863314
0.104191 0.685534
0.298844 0.461095
0.983686 0.0137928
0.0625042 0.764127
0.906138 0.0533557
0.979383 0.0167771
0.00903661 0.924286
0.769484 0.130682
0.0644084 0.753402
0.284245 0.478715
0.830945 0.0979057
0.952116 0.0315912
0.866246 0.0753596
0.492109 0.306718
0.303042 0.456281
0.750802 0.140566
0.48614 0.309985
0.0379814 0.817688
0.0173329 0.880214
0.47259 0.319705
0.0347741 0.823106
0.778191 0.123912
0.633371 0.21525
0.696306 0.172536
0.608151 0.227019
0.894359 0.062787
0.803423 0.109584
0.567346 0.253458
0.120833 0.65899
0.0877511 0.714415
0.305884 0.451699
0.143962 0.626605
0.700394 0.168411
0.12939 0.650214
0.856655 0.0810737
0.142805 0.633265
0.0288097 0.844886
0.246519 0.509237
0.774536 0.128451
0.369166 0.401564
0.37539 0.396913
0.863965 0.0800127
0.0966252 0.700726
0.379467 0.394272
0.328953 0.434875
0.741589 0.146344
0.213512 0.545162
0.995831 0.0085374
0.528625 0.283668
0.744552 0.143128
0.548864 0.267882
0.871991 0.0715446
0.652327 0.201778
0.54586 0.270251
0.579961 0.247127
0.311573 0.448961
0.189666 0.576211
0.641476 0.205333
0.0104621 0.907016
0.0397887 0.811673
0.0134891 0.900877
0.398735 0.377221
0.000281688 0.993733
0.250497 0.504545
0.383746 0.390069
0.353506 0.416293
0.134182 0.642452
0.0725398 0.74193
0.33434 0.427982
0.411251 0.366304
0.279038 0.479853
0.615272 0.224629
0.824452 0.100274
0.946664 0.0344104
0.101708 0.694651
0.533565 0.276869
0.677186 0.184159
0.00243114 0.962239
0.0236395 0.856925
0.942223 0.0356204
0.957749 0.0290473
0.0592484 0.769913
0.01428 0.891727
0.96109 0.0269616
0.109811 0.678384
0.674714 0.188934
0.114594 0.671761
0.885621 0.0667935
0.174982 0.590495
0.26352 0.494328
0.184909 0.579909
0.555122 0.261251
0.408219 0.368582
0.147482 0.62202
0.273748 0.485165
0.879028 0.0674445
0.561639 0.25783
0.575497 0.252596
0.322132 0.439273
0.55364 0.263076
0.338782 0.426581
0.627142 0.215957
0.88988 0.0650742
0.520413 0.285611
0.063939 0.757662
0.132347 0.644883
0.900946 0.0599543
0.475989 0.317983
0.00644189 0.932076
0.330507 0.432475
0.288126 0.472414
0.686238 0.17985
0.58599 0.24176
0.294942 0.467508
0.165807 0.604251
0.821178 0.102165
0.53865 0.27248
0.171304 0.594366
0.901929 0.0579479
0.0938915 0.704584
0.359147 0.411345
0.288557 0.470795
0.529627 0.279832
0.50951 0.296425
0.756547 0.135786
0.0564631 0.771642
0.428548 0.354235
0.512547 0.29082
0.240962 0.518445
0.625138 0.21981
0.0255085 0.849301
0.584785 0.2431
0.604004 0.229546
0.190848 0.571036
0.877275 0.0715133
0.10018 0.695526
0.479395 0.314133
0.968496 0.0238295
0.422273 0.358693
0.482323 0.313298
0.36946 0.399665
0.0162556 0.883138
0.503381 0.298756
0.49692 0.304331
0.043173 0.805388
0.429212 0.352915
0.422782 0.358062
0.517131 0.289326
0.107498 0.683335
0.275818 0.48437
0.354046 0.41141
0.682549 0.182968
0.966184 0.0240357
0.347264 0.418973
0.75634 0.13857
0.0144494 0.888225
0.197732 0.564127
0.00686733 0.930641
0.296131 0.466362
0.228384 0.531164
0.62033 0.22056
0.256795 0.501145
0.564627 0.257733
0.316712 0.447766
0.201152 0.563372
0.0510517 0.784932
0.576937 0.250103
0.0523592 0.78142
0.396739 0.379608
0.34297 0.42379
0.256147 0.504377
0.49733 0.30113
0.042128 0.807154
0.669088 0.189503
0.537223 0.273495
0.0254228 0.852965
0.259688 0.497796
0.176951 0.586713
0.2151 0.544829
0.152047 0.619741
0.118015 0.666408
