372922 540.036
1 7.99446e-08
1.64273e-32 1
0.606765 0.221672
0.918982 0.0425315
0.596986 0.227366
0.908508 0.0469145
0.371444 0.390715
0.366088 0.396075
0.35075 0.407758
0.771013 0.121927
0.838388 0.0843787
0.670564 0.181352
0.334813 0.421372
0.948749 0.0261545
0.777454 0.118268
0.345135 0.412684
0.31808 0.436087
0.572367 0.243451
0.340301 0.416646
0.377524 0.385571
0.0112845 0.898126
0.538222 0.266615
0.764787 0.125479
0.450793 0.328589
0.0714504 0.733536
0.57801 0.239731
0.312975 0.440558
0.239011 0.511502
0.490381 0.299734
0.273072 0.477438
0.230067 0.520349
0.0744114 0.727216
0.268062 0.482299
0.742317 0.138423
0.566494 0.24736
0.461031 0.321124
0.30816 0.444879
0.0367585 0.80834
0.67692 0.177268
0.532729 0.270187
0.445019 0.332902
0.130431 0.638892
0.759052 0.128765
0.484326 0.305
0.955666 0.0226636
0.0809242 0.715976
0.0199994 0.85863
0.234625 0.51595
0.0776288 0.721465
0.88691 0.0582629
0.45581 0.324918
0.0933566 0.695827
0.039813 0.802435
0.217482 0.533651
0.360215 0.400179
0.00904917 0.905473
0.164835 0.595112
0.225701 0.525355
0.0473918 0.784071
0.0121772 0.88965
0.748364 0.13492
0.664622 0.184759
0.801478 0.104748
0.611938 0.217738
0.112935 0.664216
0.0420418 0.795955
0.103194 0.680541
0.123292 0.649053
0.106197 0.67457
0.126795 0.643918
0.253788 0.496283
0.0551768 0.766747
0.726583 0.147602
0.0442842 0.789569
0.213999 0.539467
0.721369 0.151472
0.16047 0.599631
0.832539 0.0875655
0.00441499 0.933555
0.109323 0.669368
0.880838 0.0614778
0.355853 0.403466
0.396939 0.369969
0.512719 0.283966
0.18682 0.568901
0.303482 0.44911
0.119987 0.654416
0.157109 0.604528
0.855397 0.0760589
0.00389855 0.941317
0.466178 0.317228
0.00146509 0.964183
0.507015 0.28795
0.116626 0.659311
0.892422 0.0553319
0.75342 0.13205
0.068483 0.740015
0.924003 0.0388743
0.0962164 0.689851
0.737707 0.142346
0.19663 0.558101
0.00208184 0.955222
0.418611 0.353
0.135263 0.634426
0.817237 0.0959887
0.295676 0.456239
0.0264413 0.840809
0.552955 0.256392
0.182351 0.57429
0.795693 0.107984
0.00776007 0.912214
0.152907 0.608967
0.494486 0.296807
0.221539 0.529351
0.0895047 0.700827
0.846978 0.082188
0.897912 0.0524182
0.000441258 0.984551
0.681616 0.174402
0.731788 0.144644
0.323157 0.431531
0.0995273 0.685231
0.543884 0.262532
0.0520627 0.77299
0.277409 0.473305
0.00558889 0.925898
0.812543 0.0997584
0.480049 0.307334
0.870438 0.0670373
0.700346 0.163141
0.903198 0.0496493
0.979433 0.0105381
0.860006 0.0726348
0.423635 0.349157
0.0843221 0.710284
0.806907 0.101826
0.865251 0.0698188
0.401807 0.366118
0.431999 0.342734
0.290614 0.460915
0.875763 0.0641968
0.475467 0.312286
0.175121 0.581525
0.00696335 0.919926
0.593682 0.231797
0.259004 0.492783
0.0499796 0.777751
0.414463 0.356661
0.168222 0.589851
0.00268133 0.948704
0.0136845 0.88302
0.985058 0.00750005
0.0223633 0.851946
0.650335 0.193567
0.92929 0.0360698
0.822508 0.0930775
0.827379 0.0905114
0.583882 0.236239
0.659714 0.187962
0.960676 0.0201653
0.0153621 0.877117
0.249467 0.500534
0.616981 0.214523
0.0184025 0.865851
0.68712 0.171082
0.209211 0.542604
0.98976 0.00515341
0.171814 0.586362
0.995201 0.00240262
0.0235657 0.846489
0.547777 0.259894
0.329827 0.425695
0.03448 0.815134
0.205718 0.546439
0.655049 0.19065
0.43738 0.339673
0.934226 0.0334463
0.300509 0.454168
0.785007 0.116514
0.409758 0.359896
0.427707 0.346007
0.137448 0.629261
0.695301 0.166153
0.561509 0.250661
0.0870235 0.705987
0.244438 0.507364
0.629769 0.208416
0.849716 0.0792346
0.0275865 0.833908
0.140932 0.625408
0.178653 0.577326
0.942616 0.0291178
0.440521 0.336282
0.527391 0.273783
0.633111 0.204332
0.384517 0.379947
0.149878 0.613828
0.637392 0.201632
0.0167233 0.870681
0.557716 0.253232
0.974824 0.013362
0.587375 0.233597
0.470826 0.314047
0.500037 0.292867
0.40631 0.363323
0.0663581 0.745278
0.965741 0.0172792
0.000657547 0.974357
0.389993 0.375889
0.143716 0.621046
0.518231 0.282128
0.645373 0.19665
0.790864 0.110695
0.0574023 0.761081
0.193033 0.563852
0.146792 0.617208
0.202083 0.550465
0.0326553 0.819292
0.287459 0.463994
0.0307329 0.824692
0.691189 0.168647
0.20107 0.555157
0.969824 0.0152052
0.705614 0.160355
0.641906 0.198816
0.392468 0.373822
0.716096 0.154335
0.939754 0.0315899
0.38203 0.382306
0.327245 0.428901
0.264083 0.486558
0.0590406 0.757017
0.0294153 0.829293
0.282066 0.470255
0.0631789 0.748866
0.0622309 0.753455
0.521124 0.278508
0.502821 0.290925
0.246083 0.503942
0.62519 0.210981
0.70913 0.158941
0.621302 0.211773
0.787715 0.113676
0.28376 0.467309
0.712797 0.155738
0.262831 0.489567
0.190872 0.565802
0.524152 0.27602
0.001154 0.971162
7.31201e-05 0.992078
