45616 90.0097
1 2.22045e-16
0 1
0 1
0.449726 0.329384
0.873056 0.0656255
0.34719 0.410773
0.190691 0.565838
0.458396 0.32295
0.354727 0.404412
0.682698 0.173745
0.159506 0.600619
0.882477 0.0605979
0.81985 0.0945447
0.397999 0.36913
0.155149 0.60611
0.5171 0.280904
0.213882 0.537529
0.55566 0.254785
0.407076 0.361975
0.910233 0.045939
0.737875 0.141005
0.0918494 0.697051
0.444139 0.333599
0.532567 0.270228
0.915558 0.0431524
0.540923 0.264526
0.676658 0.177409
0.27528 0.475329
0.803705 0.103504
0.289697 0.461821
0.201096 0.551565
0.0359888 0.810293
0.10328 0.678628
0.0182119 0.865051
0.0997001 0.684247
0.438832 0.337632
0.950734 0.0249442
0.848862 0.0786638
0.144007 0.620519
0.0777513 0.721161
0.106939 0.673123
0.321469 0.43302
0.179568 0.576246
0.15083 0.611632
0.73134 0.144816
0.902952 0.0497626
0.413468 0.356985
0.391404 0.374377
0.116771 0.658282
0.617879 0.213965
0.120213 0.653282
0.00893646 0.905468
0.128911 0.641881
0.270072 0.480316
0.0473536 0.782392
0.636837 0.201979
0.922665 0.0394458
0.164476 0.594449
0.226468 0.524125
0.834215 0.0866655
0.249719 0.500848
0.497139 0.294921
0.523911 0.276185
0.386214 0.37858
0.0806737 0.715975
0.501751 0.291657
0.17509 0.581571
0.423979 0.348863
0.195886 0.55741
0.000902339 0.969961
0.334202 0.421898
0.93185 0.0346764
0.937355 0.0318292
0.283121 0.467909
0.0498958 0.776626
0.0163105 0.872288
0.113156 0.663614
0.491947 0.298611
0.207458 0.544528
0.479312 0.307676
0.369808 0.391882
0.0523109 0.771284
0.546492 0.260751
0.254313 0.495734
0.813781 0.0979021
0.110315 0.667864
0.506741 0.288143
0.0413021 0.796771
0.0620943 0.750813
0.147406 0.616065
0.809726 0.100152
0.266608 0.483659
0.00186998 0.958017
0.0113197 0.893625
0.473913 0.311587
0.0743055 0.72741
0.886254 0.0585895
0.995107 0.00244975
0.892645 0.0552129
0.0289201 0.829941
0.054895 0.765703
0.854927 0.0753776
0.365829 0.395163
0.236524 0.513662
0.216853 0.534326
0.711372 0.156573
0.139811 0.626273
0.0836857 0.710715
0.561966 0.250356
0.583266 0.236282
0.551471 0.259261
0.487794 0.301577
0.797677 0.106897
0.663908 0.185195
0.24135 0.508899
0.0594348 0.756207
0.652157 0.192437
0.756704 0.130113
0.230621 0.51977
0.167077 0.59125
0.777701 0.118126
0.689852 0.169434
0.587072 0.233794
0.48317 0.304896
0.00779857 0.912774
0.699519 0.163628
0.309318 0.443837
0.470274 0.314235
0.986016 0.00701819
0.429614 0.345774
0.0108146 0.898739
0.843351 0.0816588
0.839696 0.0836606
0.569881 0.245095
0.577906 0.239799
0.716949 0.153272
0.643508 0.197811
0.535234 0.268403
0.0572076 0.760832
0.645511 0.196563
0.78244 0.11549
0.9267 0.0373479
0.0202211 0.857838
0.33067 0.424961
0.826683 0.0907793
0.592096 0.230522
0.609663 0.219191
0.625338 0.209217
0.0646599 0.745717
0.135575 0.631795
0.989662 0.00518708
0.601563 0.224395
0.339354 0.417459
0.257347 0.492706
0.185553 0.569242
0.000148799 0.987802
0.46555 0.317688
0.956933 0.0217741
0.0310541 0.823778
0.20625 0.545852
0.964721 0.0177989
0.576117 0.243249
0.769659 0.122698
0.633079 0.204338
0.31577 0.438066
0.0339944 0.817882
0.0131225 0.885447
0.0149275 0.877822
0.78664 0.113073
0.00369909 0.93918
0.00600777 0.92249
0.183253 0.571993
0.60491 0.222246
0.00131819 0.963693
0.361423 0.398815
0.292775 0.458983
0.023746 0.845903
0.751145 0.133314
0.62873 0.207125
0.773065 0.12078
0.380155 0.383433
0.704344 0.16075
0.764593 0.12559
0.94507 0.0279378
0.462454 0.319962
0.0252226 0.841184
5.14838e-05 0.992873
0.358795 0.401025
0.695353 0.166278
0.0384424 0.803933
0.620237 0.212449
0.862445 0.071321
0.233725 0.516549
0.308116 0.444918
0.658256 0.18867
0.395915 0.370789
0.279734 0.471112
0.433758 0.341427
0.043964 0.790324
0.959668 0.0203738
0.0703675 0.734734
0.0862365 0.70634
0.828806 0.0896296
0.096046 0.690087
0.942502 0.0291746
0.297859 0.454236
0.790819 0.110721
0.858819 0.0732752
0.522781 0.276967
0.00675256 0.917826
0.00256697 0.949335
0.98017 0.0099649
0.221278 0.529665
0.124123 0.64769
0.408826 0.360606
0.0447538 0.788449
0.00330758 0.947981
0.0722353 0.731234
0.726705 0.147531
0.171084 0.586378
0.707385 0.158938
0.418765 0.352879
0.245954 0.504176
0.74868 0.134737
0.303046 0.44951
0.382255 0.381739
0.022243 0.850861
0.262123 0.48802
0.316313 0.437583
0.222364 0.528445
0.794051 0.108905
0.0683132 0.739031
0.00502378 0.929121
0.667546 0.182966
0.342071 0.415132
0.511204 0.285015
0.131708 0.637084
0.0666975 0.741742
0.968536 0.0158615
0.0888016 0.702004
0.000440283 0.979022
0.375297 0.387386
0.898661 0.0520397
0.596616 0.227591
0.0394075 0.801487
0.670941 0.180891
0.374571 0.387978
0.325751 0.429254
0.743482 0.137785
0.302343 0.450143
