164348 550.102
1 0
0 1
0.556866 0.25561
0.566982 0.249543
0.32902 0.426864
0.806476 0.102859
0.00500933 0.935339
0.362768 0.398034
0.0734239 0.730566
0.0692441 0.743355
0.339765 0.419482
0.356178 0.406903
0.952347 0.0269418
0.815666 0.0974263
0.00270605 0.948829
0.799489 0.106673
0.153124 0.611718
0.146922 0.618876
0.260665 0.490564
0.762126 0.127756
0.695257 0.169647
0.210217 0.544176
0.591248 0.231161
0.493725 0.298583
0.573424 0.244203
0.458394 0.324263
0.299968 0.453457
0.718225 0.153211
0.756255 0.13132
0.728526 0.148692
0.0253924 0.84179
0.858156 0.0740641
0.379525 0.384251
0.749312 0.134476
0.851694 0.0772287
0.114921 0.661745
0.42964 0.344556
0.264502 0.485757
0.000304251 0.984023
0.0093228 0.906135
0.368198 0.394084
0.597363 0.228467
0.215154 0.536704
0.420265 0.351901
0.987004 0.00761392
0.0288485 0.834141
0.745238 0.139249
0.651009 0.193904
0.60267 0.224515
0.177144 0.580554
0.011471 0.893544
0.547297 0.261271
0.821668 0.0943726
0.103569 0.679638
0.666382 0.18411
0.00795521 0.914014
0.107152 0.674327
0.827384 0.0915027
0.0173148 0.870164
0.253944 0.496567
0.929089 0.0377427
0.942705 0.0303591
0.444213 0.333993
0.118681 0.656342
0.0151706 0.880015
0.30585 0.449396
0.439093 0.338502
0.92197 0.0399264
0.0359035 0.812617
0.660995 0.187403
0.0136483 0.88387
0.127565 0.644092
0.531649 0.271109
0.527056 0.274607
0.001234 0.96795
0.886519 0.0596876
0.000651635 0.974632
0.281901 0.469209
0.286772 0.465819
0.297392 0.460575
0.507414 0.288068
0.5 0.293159
0.0377367 0.805967
0.708789 0.158143
0.466065 0.320426
0.425026 0.350541
0.933875 0.0344275
0.03 0.828429
0.865102 0.0716547
0.655471 0.190469
0.238759 0.513254
0.270205 0.481851
0.538167 0.268537
0.62986 0.206444
6.85686e-05 0.992258
0.625486 0.2099
0.142459 0.622655
0.325325 0.432151
0.0569761 0.763303
0.454231 0.328365
0.0403066 0.800245
0.311157 0.447292
0.684888 0.173317
0.792975 0.111493
0.00547921 0.926271
0.222099 0.529293
0.290903 0.461287
0.139874 0.628026
0.979479 0.0112317
0.620118 0.212981
0.414035 0.357547
0.488537 0.302145
0.387989 0.379774
0.449296 0.331318
0.0648717 0.746349
0.190086 0.5657
0.737967 0.141095
0.399335 0.369001
0.0904453 0.700423
0.434743 0.341854
0.904451 0.0516649
0.521662 0.278263
0.186285 0.570729
0.0844935 0.710279
0.770205 0.123942
0.195783 0.557813
0.957841 0.02168
0.172558 0.584957
0.200242 0.553885
0.17018 0.588679
0.967182 0.0194287
0.245311 0.505291
0.868661 0.0680605
0.513103 0.284336
0.314619 0.442032
0.0545892 0.769145
0.0107102 0.898601
0.00680468 0.92114
0.61562 0.215811
0.698611 0.165881
0.0462011 0.785897
0.229301 0.522576
0.346631 0.411867
0.402725 0.366408
0.646987 0.199942
0.917752 0.0437295
0.635533 0.203625
0.13615 0.632158
0.32056 0.434599
0.83284 0.0880691
0.244324 0.508886
0.349994 0.409162
0.0489313 0.782562
0.342375 0.416177
0.0216624 0.859324
0.0943184 0.695389
0.71512 0.154819
0.21787 0.533767
0.121813 0.651263
0.790903 0.114174
0.162267 0.6003
0.775563 0.119786
0.225364 0.525346
0.156482 0.606737
0.133407 0.639597
0.995291 0.0027752
0.277767 0.473746
0.193236 0.562042
0.897535 0.0529088
0.584299 0.235872
0.873657 0.0654368
0.081838 0.71598
0.0240603 0.848414
0.316386 0.437772
0.0224868 0.852301
0.839765 0.0840078
0.608596 0.221773
0.990868 0.00464483
0.481603 0.306969
0.782733 0.115486
0.00175326 0.958694
0.385172 0.382031
0.124689 0.648098
0.939259 0.0312566
0.734092 0.143722
0.880267 0.0622824
0.672023 0.180811
0.250897 0.500596
0.0594608 0.757848
0.0522129 0.777401
0.409463 0.364502
0.504081 0.292134
0.393727 0.374876
0.375627 0.391461
0.0437062 0.792014
0.180881 0.575485
0.0765842 0.726285
0.234004 0.519347
0.0630454 0.752798
0.157935 0.602724
0.577779 0.240135
0.166129 0.593503
0.097407 0.692942
0.484796 0.305371
0.111784 0.667912
0.0331713 0.821952
0.0423599 0.794454
0.961526 0.0210081
0.972937 0.0175108
0.47322 0.31226
0.90838 0.0483039
0.393922 0.373205
0.780334 0.116677
0.678503 0.176906
0.111741 0.670316
0.836931 0.0865099
0.234742 0.515772
0.0021278 0.9558
0.703104 0.162797
0.89192 0.0569026
0.845933 0.0805613
0.274356 0.479247
0.0801267 0.71938
0.164267 0.59486
0.0526166 0.773688
0.639356 0.201349
0.731896 0.147815
0.0777788 0.722583
0.705955 0.162412
0.133807 0.636535
0.182319 0.573337
0.206865 0.549284
0.374815 0.392014
0.684143 0.174653
0.0341366 0.819669
0.0983437 0.687414
0.877648 0.0635763
0.0194967 0.863784
0.914322 0.0468731
0.845896 0.0821869
0.100005 0.684801
0.203104 0.550153
0.772024 0.122481
0.469734 0.316065
0.477369 0.311036
0.518262 0.281259
0.087882 0.706747
0.643405 0.2009
0.581409 0.239993
0.97619 0.0126041
