298621 430.035
0.999996 3.09542e-06
5.65662e-44 1
0.92257 0.039503
0.40613 0.362716
0.487058 0.302105
0.496612 0.296697
0.420785 0.351333
0.398613 0.368642
0.913004 0.0452013
0.630351 0.206067
0.427051 0.346529
0.359917 0.400069
0.787914 0.112414
0.389147 0.376183
0.158836 0.605433
0.236383 0.51394
0.241378 0.508706
0.868077 0.0683925
0.0793201 0.718362
0.204988 0.54759
0.283628 0.467433
0.209553 0.542281
0.50055 0.29253
0.350017 0.408377
0.815403 0.09724
0.0764439 0.72515
0.187854 0.566798
0.273358 0.477163
0.20051 0.552218
0.46118 0.324849
0.0467046 0.786041
0.781356 0.116383
0.245876 0.504141
0.636451 0.202267
0.720974 0.151028
0.355209 0.404848
0.875651 0.0665105
0.483769 0.307237
0.879953 0.0620659
0.374848 0.389764
0.742523 0.138878
0.383341 0.380871
0.300792 0.451555
0.821129 0.0938997
0.736612 0.142251
0.444926 0.332973
0.192287 0.561494
0.794122 0.108876
0.533841 0.269379
0.15333 0.608427
0.852342 0.0781928
0.809799 0.101229
0.0154908 0.875587
0.0539458 0.767984
0.231814 0.518529
0.103597 0.678147
0.114056 0.663611
0.54928 0.259462
0.250852 0.499847
0.19614 0.557123
0.663952 0.185173
0.149238 0.613687
0.336059 0.420295
0.586973 0.233871
0.306689 0.448285
0.379164 0.384239
0.938796 0.0310907
0.994024 0.00306765
0.100095 0.68376
0.464345 0.318839
9.47801e-05 0.990264
0.123597 0.648665
0.0567075 0.761882
0.0325375 0.819821
0.296174 0.455785
0.671213 0.182633
0.221335 0.530299
0.776216 0.119074
0.017512 0.868689
0.0880889 0.703204
0.770168 0.12241
0.0727298 0.730325
0.861651 0.0717541
0.846169 0.0814523
0.254656 0.495373
0.00407677 0.93615
0.0346914 0.813882
0.394315 0.372272
0.367129 0.396355
0.0430599 0.798115
0.755871 0.130605
0.183706 0.571391
0.572442 0.243425
0.543827 0.263178
0.944636 0.0281095
0.344601 0.412973
0.106995 0.673025
0.00826935 0.909064
0.0139228 0.882823
0.0674982 0.741397
0.172485 0.584692
0.030484 0.82692
0.00315453 0.945079
0.964772 0.0199475
0.553974 0.255732
0.0487737 0.779154
0.110417 0.668204
0.508525 0.289854
0.476551 0.309717
0.714743 0.154613
0.704758 0.160504
0.602233 0.224633
0.958536 0.0217264
0.840625 0.0835779
0.051097 0.773958
0.0260116 0.838719
0.17689 0.580435
0.969813 0.0164262
0.0698516 0.735706
0.607087 0.220849
0.268309 0.482024
0.0288891 0.832768
0.0107928 0.902898
0.00516666 0.930008
0.538857 0.265938
0.309921 0.443294
0.558859 0.252466
0.439949 0.336713
0.686103 0.17169
0.117573 0.65774
0.928671 0.036808
0.00635729 0.922206
0.0224142 0.850286
0.324382 0.430455
0.659459 0.188332
0.731423 0.145779
0.710583 0.157041
0.340923 0.416114
0.180523 0.576401
0.933352 0.0342012
0.68131 0.174625
0.097039 0.688907
0.288946 0.462468
0.857222 0.0746595
0.98906 0.00655263
0.0432612 0.792007
0.414655 0.356063
0.142975 0.623012
0.728203 0.149766
0.582593 0.23805
0.510782 0.286306
0.528239 0.273231
0.834764 0.086393
0.0127515 0.889574
0.0914769 0.697895
0.145923 0.61847
0.886386 0.0591554
0.213793 0.537627
0.57837 0.240965
0.641629 0.199021
0.0828644 0.712543
0.524574 0.275779
0.645951 0.196302
0.432425 0.34241
0.259092 0.490989
0.616321 0.214943
0.89005 0.0565994
0.133603 0.634993
0.0112662 0.895817
0.450236 0.329014
0.412618 0.358881
0.0423711 0.808117
0.0243105 0.844523
0.516044 0.281698
0.611763 0.217867
0.800181 0.106732
0.804939 0.104559
0.453623 0.326485
0.138968 0.627216
0.700584 0.163434
0.120396 0.65386
0.623417 0.210454
0.00706951 0.91592
0.0205279 0.856727
0.319778 0.434511
0.0192542 0.862138
0.0021642 0.963934
0.216998 0.53417
0.13197 0.642399
0.162636 0.598329
0.691323 0.168547
0.761205 0.127543
0.000428179 0.983152
0.000699043 0.976169
0.567325 0.246824
0.127655 0.643851
0.468887 0.315247
0.983944 0.00871017
0.0867644 0.710383
0.332501 0.425141
0.0939721 0.693451
0.974586 0.0134541
0.906355 0.0524862
0.519123 0.279504
0.695309 0.166158
0.370527 0.393679
0.827057 0.0908798
0.563635 0.249261
0.979198 0.0112693
0.765251 0.12526
0.909444 0.0476322
0.292517 0.460525
0.897029 0.054477
0.227256 0.527193
0.00107436 0.969133
0.0395547 0.809778
0.328276 0.427068
0.228617 0.523833
0.435742 0.339892
0.472809 0.31271
0.651101 0.193107
0.136033 0.631174
0.654133 0.19129
0.00221425 0.955316
0.749778 0.137367
0.753276 0.136554
0.598764 0.2289
0.314708 0.44017
0.164297 0.596119
0.0594337 0.75621
0.95403 0.025569
0.830976 0.0895936
0.59235 0.230364
0.951333 0.0267463
0.26385 0.489239
0.0652626 0.747825
0.26519 0.485288
0.168791 0.592244
0.621361 0.212139
0.279107 0.474372
0.279257 0.471553
0.900093 0.052823
0.170264 0.590452
0.00258722 0.95125
0.0621011 0.75504
0.316857 0.437915
0.677123 0.178543
0.0636943 0.749368
0.674658 0.178639
0.999964 8.35327e-05
