124310 400.087
0.999989 0.000576443
1.6746e-05 0.998268
0.893447 0.0677447
0.810948 0.102512
0.543297 0.266575
0.600838 0.226536
0.484098 0.307829
0.526131 0.276257
0.722519 0.151609
0.755225 0.132033
0.802633 0.107313
0.616054 0.217465
0.773147 0.122246
0.465858 0.32097
0.910015 0.0503026
0.444465 0.334399
0.957436 0.0226996
0.637963 0.204327
0.688067 0.172178
0.918818 0.0439173
0.474342 0.314863
0.706025 0.164579
0.661678 0.188404
0.707531 0.161579
0.652981 0.193575
0.974876 0.0140541
0.532799 0.274873
0.425326 0.349423
0.602204 0.226018
0.929022 0.0370618
0.646288 0.20162
0.432884 0.342962
0.933935 0.0353117
0.67079 0.181766
0.684001 0.178998
0.94675 0.0276576
0.943562 0.0293648
0.43848 0.339393
0.675043 0.180315
0.41923 0.353836
0.768395 0.124941
4.50753e-05 0.995631
0.000309045 0.984568
0.981222 0.0108452
0.765158 0.128716
0.0064889 0.921063
0.177598 0.580661
0.759684 0.129821
0.180557 0.576747
0.16086 0.600625
0.19692 0.557892
0.224653 0.527954
0.0233023 0.848654
0.171675 0.587485
0.17414 0.583671
0.200148 0.553892
0.985539 0.00858118
0.410741 0.360848
0.280551 0.471988
0.032592 0.821772
0.349044 0.41068
0.168512 0.590893
0.383298 0.382948
0.252897 0.498538
0.0218398 0.853785
0.0248823 0.843917
0.389208 0.376978
0.194385 0.561121
0.283544 0.468418
0.221453 0.531057
0.227452 0.524073
0.0308758 0.826
0.107618 0.673483
0.386498 0.380134
0.373898 0.389645
0.0479426 0.782649
0.332517 0.425131
0.0157456 0.876278
0.0134006 0.885342
0.0114309 0.894763
0.305283 0.449043
0.109951 0.669453
0.0764978 0.725372
0.218493 0.533802
0.0193682 0.862898
0.163538 0.596917
0.0206015 0.858051
0.14303 0.622981
0.205666 0.547959
0.324808 0.43173
0.122445 0.651067
0.0616364 0.753146
0.0169224 0.871188
0.302259 0.452
0.0103607 0.899783
0.157909 0.604334
0.20306 0.551393
0.232899 0.51886
0.101781 0.682355
0.0147427 0.88076
0.012512 0.890236
0.00567861 0.926814
0.277664 0.475059
0.00241211 0.952432
0.145548 0.62009
0.989438 0.00642548
0.0498847 0.778887
0.112249 0.666478
0.414864 0.3579
0.148066 0.616726
0.136487 0.6329
0.0599424 0.757259
0.99608 0.0026366
0.13417 0.635871
0.0580838 0.760764
0.321136 0.4343
0.00305012 0.947477
0.352091 0.407803
0.0380898 0.80652
0.638371 0.20268
0.125214 0.648099
0.345658 0.413736
0.370611 0.392427
0.166047 0.594221
0.0561578 0.764597
0.213565 0.539523
0.255605 0.495788
0.404685 0.365442
0.368204 0.394961
0.393062 0.374653
0.19105 0.564059
0.00504962 0.930988
0.127241 0.644847
0.0462986 0.787104
0.210385 0.542579
0.335347 0.422145
0.267829 0.483598
0.354921 0.405516
0.0180176 0.867078
0.286401 0.465819
0.0782507 0.721839
0.249555 0.501914
0.0366475 0.810555
0.150317 0.613642
0.230683 0.522029
0.215887 0.537115
0.315566 0.439267
0.0291992 0.83032
0.407767 0.363329
0.00947042 0.90426
0.0512115 0.774636
0.0395598 0.802437
0.140445 0.626556
0.318878 0.436898
0.0743648 0.729582
0.307927 0.446017
0.992701 0.00445047
0.235746 0.51565
0.00873502 0.908755
0.00193073 0.957643
0.0639512 0.749745
0.13134 0.638895
0.114448 0.662703
0.138625 0.629128
0.379646 0.385518
0.0682528 0.740652
0.298942 0.454177
0.092349 0.69753
0.0854108 0.708849
0.120325 0.654742
0.0835882 0.712319
0.208598 0.545378
0.338172 0.419986
0.0344108 0.817055
0.129509 0.641539
0.0803809 0.718534
0.294185 0.459338
0.0545801 0.768253
0.0946918 0.69495
0.296803 0.456806
0.0872325 0.705775
0.377252 0.387187
0.100016 0.685381
0.0979047 0.688339
0.0962226 0.691421
0.156026 0.607244
0.0531907 0.771621
0.36478 0.397508
0.0281289 0.833897
0.265374 0.486553
0.358114 0.403079
0.240395 0.510698
0.238019 0.513556
0.189193 0.566812
0.313152 0.441822
0.245563 0.506655
0.976537 0.0132836
0.25827 0.492981
0.118704 0.657495
0.263119 0.488525
0.116375 0.660287
0.401128 0.367606
0.0818533 0.715401
0.310706 0.443981
0.00107435 0.969908
0.289405 0.463536
0.00761089 0.915358
0.183424 0.573423
0.260405 0.49106
0.00351856 0.942508
0.00428326 0.936277
0.186951 0.569535
0.270571 0.480967
0.242815 0.508735
0.340785 0.417505
0.274727 0.477529
0.104478 0.678421
0.329139 0.427744
0.291609 0.461626
0.0698836 0.737914
0.0447443 0.790274
0.000416541 0.982051
0.0661289 0.744424
0.0434846 0.793229
0.0355373 0.814668
0.247834 0.504184
0.343099 0.415746
0.0714951 0.734954
0.0414943 0.799354
0.360295 0.401261
0.00163547 0.962048
0.416991 0.355858
0.00129857 0.965515
0.0903738 0.700891
0.327614 0.429226
0.0263241 0.8396
0.0728869 0.732284
0.362774 0.399203
0.0423047 0.796574
0.105527 0.676961
0.000668022 0.976116
0.0893914 0.702928
0.00789972 0.913096
0.273075 0.479632
0.397004 0.37388
0.399374 0.36956
0.0269023 0.837657
0.0652148 0.746366
0.184858 0.571697
0.152694 0.610688
