106311 370.067
1 1.11022e-16
2.41411e-17 1
2.41411e-17 1
0.259266 0.490818
0.267729 0.482578
0.0167681 0.870517
0.486124 0.302802
0.496433 0.29542
0.569054 0.245644
0.0788977 0.719115
0.244149 0.505905
0.52435 0.27588
0.405394 0.363295
0.387937 0.377156
0.0278683 0.833062
0.00139197 0.962699
0.412421 0.357834
0.561064 0.250963
0.0202399 0.857733
0.382161 0.381808
0.425195 0.347931
0.540919 0.26458
0.516961 0.281
0.689585 0.169588
0.506421 0.288368
0.662762 0.185917
0.535126 0.268477
0.400105 0.367467
0.0638481 0.747319
0.529971 0.272009
0.360486 0.399599
0.0998965 0.683936
0.0148502 0.878177
0.587923 0.233241
0.00984019 0.900803
0.213963 0.537439
0.448229 0.330501
0.513048 0.283727
0.0609935 0.753032
0.442842 0.334537
0.77818 0.117855
0.0445175 0.789008
0.698541 0.164212
0.355766 0.403539
0.821438 0.0936686
0.166579 0.591874
0.0246633 0.842955
0.237501 0.512661
0.946443 0.0271474
0.748641 0.13476
0.150325 0.612282
0.0681521 0.738981
0.209037 0.542973
0.855822 0.0748938
0.734014 0.143256
0.728983 0.146205
0.00836682 0.90853
0.336608 0.41982
0.054092 0.767423
0.0732253 0.729398
0.322785 0.431858
0.136555 0.630466
0.86179 0.0716736
0.674833 0.178534
0.0515565 0.77294
0.874999 0.0645864
0.033211 0.817762
0.473265 0.312058
0.1146 0.66149
0.770361 0.122298
0.351897 0.408707
0.800855 0.105095
0.0947433 0.692449
0.845535 0.0804705
6.19352e-05 0.99213
0.11834 0.655994
0.0113451 0.89349
0.753638 0.131877
0.198662 0.554471
0.0739654 0.728039
0.850709 0.0776614
0.481758 0.305913
0.00409482 0.936009
0.78673 0.113022
0.290446 0.46135
0.108909 0.669988
0.0867576 0.705457
0.428484 0.345413
0.0214231 0.853638
0.340824 0.416206
0.941758 0.0295579
0.194274 0.559235
0.598358 0.226464
0.972212 0.0139977
0.0072254 0.914998
0.63998 0.200013
0.234154 0.516141
0.201799 0.550782
0.00340547 0.941644
0.286949 0.464445
0.711705 0.156374
0.223457 0.52733
0.331804 0.423976
0.438022 0.338168
0.205777 0.546376
0.000248756 0.984228
0.158463 0.601926
0.988253 0.00590391
0.683455 0.173288
0.0474158 0.782262
0.417397 0.353937
0.629722 0.206475
0.476954 0.309381
0.371761 0.390278
0.279877 0.470966
0.272628 0.477989
0.695186 0.166222
0.953145 0.0237084
0.0354117 0.811821
0.248535 0.501467
0.27505 0.475548
0.902321 0.0500949
0.298714 0.453453
0.461552 0.320624
0.792387 0.10986
0.00212731 0.953877
0.228048 0.52247
0.171914 0.58711
0.742716 0.138192
0.71593 0.153874
0.14251 0.622494
0.0371092 0.807363
0.311535 0.441855
0.680302 0.175196
0.762393 0.126849
0.758781 0.128921
0.739751 0.139977
0.626594 0.20843
0.896411 0.0532112
0.809294 0.100392
0.00521479 0.927787
0.179561 0.577541
0.282478 0.468514
0.614216 0.216281
0.909229 0.0464651
0.00253432 0.949658
0.453116 0.326864
0.0392958 0.801768
0.048963 0.778724
0.832122 0.0877931
0.000719192 0.973182
0.840385 0.0833603
0.307314 0.445641
0.928291 0.0365215
0.795824 0.107913
0.191315 0.562612
0.652234 0.193803
0.175565 0.580996
0.131019 0.638046
0.806184 0.102123
0.0255172 0.840259
0.574811 0.241837
0.394237 0.372138
0.867689 0.0685021
0.889744 0.0567376
0.365659 0.395303
0.0831828 0.711586
0.83689 0.0851832
0.0907284 0.698814
0.153795 0.607832
0.467532 0.316237
0.922443 0.0395611
0.706324 0.15957
0.057941 0.759291
0.656669 0.189655
0.0309171 0.824167
0.546706 0.260604
0.186773 0.56783
0.556829 0.25379
0.0421519 0.794806
0.123319 0.648832
0.217601 0.533523
0.377013 0.385987
0.121954 0.650784
0.219874 0.531105
0.0568867 0.761492
0.0820909 0.713495
0.931226 0.0350002
0.668116 0.182697
0.251261 0.49874
0.013219 0.885026
0.620004 0.212596
0.12703 0.643605
0.604002 0.222834
0.884979 0.0592932
0.344957 0.41267
0.101605 0.681244
0.104319 0.677015
0.878367 0.0627877
0.645643 0.196481
0.317954 0.436174
0.966371 0.0169594
0.367598 0.393989
0.720547 0.15115
0.914611 0.0436473
0.582976 0.236471
0.502062 0.291436
0.303334 0.449243
0.593912 0.229356
0.346956 0.410971
0.670022 0.181454
0.326795 0.42834
0.295007 0.456871
0.621277 0.211788
0.182438 0.572909
0.146285 0.617528
0.635591 0.20276
0.0889922 0.701828
0.576951 0.240448
0.155884 0.60518
0.395189 0.371365
0.905733 0.0483002
0.826606 0.0908492
0.00614419 0.921621
0.608251 0.220098
0.133639 0.634451
0.0937142 0.693872
0.465954 0.317392
0.0126338 0.887607
0.162532 0.596861
0.893337 0.054835
0.10615 0.674577
0.434001 0.341213
0.067126 0.740913
0.882417 0.0607977
0.314652 0.439061
0.815202 0.0971149
0.58124 0.237654
0.0409291 0.797702
0.611734 0.217866
0.172961 0.584122
0.188122 0.566271
0.457755 0.323424
0.254412 0.49561
0.499913 0.292955
0.723378 0.149499
0.977989 0.0110668
0.12811 0.642083
0.37542 0.387286
0.227205 0.523344
