36172 150.041
0.999699 0.000670889
1.734e-08 1.0015
0.0160205 0.887694
1.28054e-05 0.997813
0.0259458 0.841366
0.0780739 0.728694
0.765029 0.126917
0.697326 0.165679
0.7398 0.141491
0.0470313 0.79811
0.0499015 0.783492
0.0659147 0.74461
0.723284 0.150512
0.0405566 0.820634
0.0879453 0.704742
0.0576128 0.763498
0.793341 0.111134
0.032063 0.822223
0.812432 0.102929
0.0601901 0.755767
0.787897 0.113807
0.833607 0.088187
0.814521 0.10048
0.669407 0.183286
0.826206 0.0920955
0.661291 0.187616
0.844039 0.0823862
0.675876 0.178869
0.688276 0.171141
0.776885 0.120514
0.352129 0.40726
0.346551 0.412117
0.32993 0.426637
0.775923 0.121196
0.335336 0.421935
0.325389 0.430342
0.13038 0.63966
0.133963 0.634852
0.0996086 0.685579
0.39059 0.376011
0.376126 0.388504
0.731622 0.14552
0.565593 0.248855
0.882031 0.061448
0.886608 0.0590529
0.47355 0.312816
0.314171 0.440496
0.560899 0.251885
0.342087 0.416021
0.682237 0.175998
0.903876 0.0499352
0.127361 0.644033
0.5565 0.254699
0.31012 0.443881
0.121687 0.652272
0.386076 0.379445
0.858638 0.0741744
0.89197 0.0561311
0.118293 0.656999
0.609366 0.220382
0.974465 0.0134346
0.293868 0.458775
0.306452 0.44744
0.853086 0.0771298
0.168304 0.591338
0.279873 0.471664
0.541001 0.265185
0.124356 0.648415
0.394854 0.37272
0.979535 0.0109549
0.356892 0.403476
0.27625 0.475321
0.286863 0.465082
0.96992 0.0156618
0.321332 0.434062
0.96538 0.018106
0.248536 0.502223
0.525083 0.276091
0.17997 0.576681
0.529177 0.273283
0.318016 0.436708
0.283477 0.468486
0.210282 0.542597
0.652883 0.192586
0.427247 0.347114
0.994918 0.00302806
0.413903 0.357432
0.552176 0.257931
0.657393 0.192069
0.176973 0.580175
0.725105 0.149413
0.409415 0.360808
0.876831 0.064591
0.290593 0.461771
0.159486 0.601548
0.639083 0.201842
0.272776 0.47843
0.536908 0.26816
0.110867 0.668161
0.468527 0.31629
0.245051 0.505581
0.634019 0.204827
0.213422 0.538911
0.302691 0.450667
0.092749 0.696564
0.0896519 0.701515
0.983666 0.00877061
0.480893 0.307424
0.171248 0.587078
0.0966098 0.690749
0.444181 0.33419
0.533092 0.270499
0.614035 0.21733
0.229805 0.521615
0.15674 0.604911
0.491058 0.299904
0.477436 0.309965
0.183373 0.572951
0.630779 0.206706
0.570144 0.2457
0.338543 0.418978
0.926947 0.0378003
0.440762 0.336798
0.173791 0.583876
0.146798 0.617918
0.514188 0.283529
0.545124 0.262383
0.137027 0.630644
0.115797 0.660806
0.870169 0.0681641
0.359701 0.400967
0.909067 0.0471031
0.431215 0.343985
0.380057 0.384582
0.242094 0.508956
0.113227 0.664445
0.144532 0.620961
0.605255 0.222936
0.504132 0.290592
0.269418 0.481719
0.423717 0.349959
0.735539 0.144418
0.577106 0.241711
0.162716 0.597579
0.642025 0.199549
0.221624 0.530087
0.931043 0.0357508
0.5805 0.238886
0.508227 0.288027
0.899336 0.0522177
0.239127 0.511946
0.454109 0.326814
0.583976 0.23659
0.164857 0.594821
0.153782 0.608642
0.626042 0.209556
0.420287 0.352366
0.960846 0.0203103
0.232849 0.518357
0.254182 0.496667
0.92268 0.0400305
0.518707 0.2807
0.941942 0.0299737
0.2667 0.484619
0.548543 0.260166
0.497653 0.295325
0.437054 0.339695
0.106272 0.675028
0.192537 0.562077
0.107992 0.6724
0.416984 0.354933
0.865339 0.0705565
0.593936 0.230777
0.369639 0.392838
0.827647 0.0912739
0.185768 0.569762
0.206896 0.545909
0.896291 0.0542421
0.915826 0.0435447
0.501162 0.293228
0.251895 0.498708
0.149884 0.613708
0.49431 0.297874
0.382455 0.382514
0.195566 0.558538
0.521143 0.278956
0.648015 0.196192
0.365186 0.39656
0.573112 0.2437
0.298021 0.454894
0.685222 0.173359
0.226717 0.525036
0.21866 0.533415
0.371371 0.391372
0.406489 0.363344
0.937772 0.0320548
0.448118 0.331272
0.486637 0.302993
0.21629 0.535584
0.20478 0.548385
0.988255 0.00670227
0.403534 0.365748
0.619918 0.213451
0.954675 0.0235411
0.945358 0.0281191
0.261935 0.489203
0.511103 0.285668
0.450347 0.329604
0.934931 0.0337371
0.398273 0.369827
0.919339 0.0417638
0.990735 0.00517536
0.862581 0.0719892
0.911936 0.0455773
0.873353 0.0660867
0.484889 0.304469
0.462834 0.320533
0.224338 0.527022
0.43433 0.341863
0.45719 0.324606
0.102387 0.681014
0.623359 0.211011
0.465832 0.318274
0.363725 0.397879
0.849476 0.0791806
0.601848 0.225142
0.103489 0.67939
0.201825 0.551541
0.617117 0.215295
0.459879 0.322474
0.589532 0.232879
0.0945994 0.693467
0.197703 0.556134
0.188422 0.566696
0.957733 0.0220797
0.263756 0.487563
0.646175 0.196859
0.400562 0.368051
0.596522 0.22849
0.587706 0.234261
0.151535 0.611459
0.139317 0.627669
0.299477 0.453472
0.190243 0.564701
0.20013 0.553516
0.9507 0.0255442
0.599159 0.226719
0.846795 0.0807275
0.14152 0.624923
0.257843 0.493074
