92879 310.055
1 0
0 1
0.586042 0.234512
0.0623691 0.750321
0.59918 0.2261
0.484693 0.305325
0.700256 0.163253
0.475563 0.3115
0.510589 0.286937
0.083087 0.711803
0.770997 0.12273
0.651645 0.19368
0.0577713 0.759964
0.5 0.293192
0.0780369 0.722312
0.144515 0.620801
0.712442 0.160494
0.0102031 0.899863
0.138285 0.62864
0.322565 0.435113
0.0894859 0.701438
0.659325 0.189611
0.620805 0.212517
0.940035 0.0306568
0.34088 0.41835
0.639975 0.201297
0.864287 0.0720339
0.00433172 0.937
0.415892 0.355269
0.669339 0.181938
0.0268609 0.836338
0.0670393 0.741806
0.925131 0.0396272
0.024276 0.844303
0.947714 0.0270685
0.0222498 0.851297
0.41166 0.358539
0.536415 0.268964
0.285659 0.466679
0.645015 0.197884
0.713695 0.155755
0.856202 0.0760685
0.094194 0.694534
0.405444 0.364231
0.722895 0.151793
0.916245 0.0428101
0.730645 0.145228
0.00180056 0.960384
0.613165 0.219815
0.222895 0.528656
0.34605 0.413723
0.15821 0.602456
0.541665 0.264829
0.513653 0.283591
0.677149 0.1784
0.0505528 0.781059
0.335198 0.423348
0.000210208 0.991101
0.747006 0.135901
0.000313861 0.982406
0.578586 0.241784
0.0448086 0.789262
0.490126 0.301559
0.664462 0.185917
0.0727464 0.731009
0.952828 0.0238829
0.695215 0.167215
0.280395 0.472424
0.0419652 0.795467
0.328196 0.428809
0.126926 0.644517
0.00341488 0.947427
0.82466 0.0932556
0.154691 0.608764
0.0862598 0.707308
0.737412 0.142075
0.103977 0.679672
0.0692708 0.737288
0.546833 0.261178
0.521998 0.280222
0.973893 0.0134218
0.631438 0.207906
0.818939 0.095228
0.169778 0.588157
0.883414 0.0608747
0.261694 0.490317
0.843574 0.0829413
0.933973 0.033834
0.265641 0.487513
0.765832 0.126657
0.387641 0.377532
0.0117535 0.891593
0.968978 0.0157259
0.98095 0.0112411
0.0163463 0.874188
0.0150424 0.880984
0.741351 0.139232
0.00533472 0.928969
0.316545 0.4379
0.789212 0.114103
0.832791 0.0922996
0.960644 0.0225197
0.227946 0.524229
0.162482 0.598219
0.382986 0.382024
0.691264 0.171737
0.393702 0.376743
0.877771 0.0639001
0.213044 0.541751
0.903777 0.050184
0.123477 0.648981
0.120682 0.653701
0.780742 0.118784
0.368787 0.393115
0.14764 0.616359
0.531396 0.273912
0.963213 0.0186372
0.195555 0.558819
0.205466 0.548279
0.256247 0.494202
0.0177504 0.867856
0.618669 0.215667
0.573606 0.245996
0.396646 0.37107
0.456696 0.326646
0.869029 0.068465
0.582485 0.237012
0.191922 0.563239
0.606249 0.221738
0.372493 0.391102
0.151239 0.612254
0.929406 0.0360439
0.298955 0.453675
0.0361055 0.811872
0.0023923 0.951912
0.242781 0.510693
0.130659 0.639173
0.810532 0.100234
0.106552 0.673577
0.0534078 0.77111
0.000993449 0.969078
0.424579 0.351125
0.0402079 0.802081
0.725787 0.149082
0.17953 0.576609
0.560057 0.252698
0.760408 0.128153
0.208851 0.544082
0.551647 0.258317
0.189052 0.567022
0.68613 0.173621
0.0072635 0.91861
0.994139 0.00293457
0.555995 0.256248
0.220187 0.534926
0.000740142 0.973753
0.0760254 0.726422
0.216736 0.53652
0.633387 0.206687
0.752681 0.132669
0.0494164 0.785117
0.271089 0.483699
0.013527 0.887194
0.0379278 0.805779
0.0559948 0.766514
0.804062 0.103547
0.0201722 0.859701
0.68256 0.177109
0.89909 0.0527797
0.888324 0.0583525
0.838446 0.0847021
0.795844 0.107917
0.0976267 0.69046
0.313402 0.441667
0.201895 0.552174
0.814482 0.0994228
0.295323 0.457114
0.873235 0.0661495
0.494975 0.297897
0.834433 0.0873873
0.186932 0.572329
0.00960329 0.910379
0.109773 0.670927
0.910235 0.04849
0.460941 0.321875
0.376796 0.386455
0.363841 0.39778
0.175661 0.584272
0.198501 0.554762
0.303285 0.450462
0.289579 0.462274
0.445839 0.33335
0.252432 0.502817
0.793854 0.110921
0.569479 0.247613
0.46319 0.319972
0.0297346 0.829627
0.136013 0.633207
0.803124 0.106645
0.468914 0.317057
0.429565 0.347295
0.849464 0.0796961
0.330144 0.425592
0.254059 0.497722
0.00693415 0.923865
0.034416 0.816873
0.756206 0.131139
0.470779 0.314973
0.441893 0.335976
0.991055 0.0051156
0.450552 0.331745
0.911856 0.0450886
0.118669 0.659568
0.182695 0.573875
0.247847 0.504372
0.356384 0.405073
0.17589 0.58125
0.783973 0.116734
0.604359 0.225709
0.245362 0.507393
0.134892 0.63792
0.452919 0.328728
0.35901 0.404018
0.102485 0.686084
0.363136 0.400581
0.350627 0.409655
0.112731 0.666576
0.292062 0.460174
0.165869 0.594534
0.23829 0.514889
0.379809 0.385261
0.0192521 0.86211
0.00852906 0.911396
0.851931 0.0788068
0.351974 0.408598
0.16726 0.592163
0.440076 0.339735
0.529397 0.277163
0.894587 0.0546219
0.272593 0.480547
0.891866 0.055699
0.431955 0.344415
0.498022 0.296162
0.986843 0.00771301
0.984969 0.00862538
0.401509 0.367469
0.235103 0.520145
0.117202 0.661909
0.0996564 0.686459
0.0330164 0.821055
