103862 190.018
1 0
0 1
0.0784161 0.720941
0.153905 0.608339
0.260494 0.492189
0.678542 0.177257
0.919517 0.0412883
0.0581742 0.759334
0.0733687 0.732224
0.566625 0.247967
0.251771 0.502493
0.125703 0.646121
0.669628 0.182567
0.931128 0.036498
0.559401 0.256295
0.0836079 0.713285
0.00381713 0.938526
0.325199 0.431318
0.147677 0.619358
0.333209 0.423605
0.734851 0.143061
0.116358 0.663536
0.58091 0.239919
0.0630347 0.749409
0.399865 0.370784
0.778201 0.117889
0.0203592 0.859832
0.316273 0.439059
0.0496881 0.778714
0.512078 0.284805
0.649147 0.195664
0.290501 0.461032
0.53313 0.271936
0.278201 0.473696
0.0559371 0.766988
0.453359 0.328854
0.538275 0.266471
0.0998454 0.688345
0.109709 0.669419
0.695858 0.169012
0.68545 0.173062
0.703255 0.164131
0.19964 0.559174
0.00587254 0.925523
0.0949394 0.693337
0.22118 0.534936
0.000882693 0.971094
0.0227647 0.851632
0.883135 0.0613471
0.0401952 0.799736
0.383456 0.381396
0.296804 0.455251
0.191667 0.562818
0.630202 0.206783
0.866329 0.0700487
0.0532299 0.773673
0.85162 0.0797278
0.000404178 0.979908
0.223625 0.528552
0.0177305 0.867261
0.214008 0.537464
0.619536 0.213038
0.123052 0.6533
0.0241804 0.845268
0.0292991 0.829683
0.0023714 0.952247
0.0121098 0.891063
0.897651 0.0543183
0.390663 0.375658
0.877117 0.0644407
0.594102 0.230146
0.28602 0.470693
0.54387 0.263488
0.0319104 0.823826
0.520359 0.279099
0.430157 0.345328
0.21215 0.543721
0.811311 0.10044
0.200682 0.553145
0.1186 0.656796
0.624784 0.209827
0.653669 0.191502
0.356338 0.405082
0.66445 0.186468
0.962257 0.0215444
0.131796 0.638491
0.52678 0.274449
0.181499 0.574988
0.359781 0.400254
0.460077 0.325311
0.87145 0.0670701
0.717098 0.154061
0.787961 0.11339
0.370667 0.392637
0.721589 0.150746
0.5 0.292898
0.0917491 0.698778
0.23719 0.513542
0.90167 0.0512499
0.753901 0.133451
0.0430645 0.794152
0.185667 0.571404
0.1596 0.602833
0.658695 0.1884
0.305211 0.451089
0.791701 0.111118
0.0653593 0.745619
0.375883 0.388476
0.410189 0.360828
0.417533 0.354504
0.0139482 0.884011
0.227944 0.523856
0.602683 0.223734
0.244228 0.506095
0.828579 0.090111
0.860431 0.0741277
0.80537 0.102894
0.745446 0.139633
0.467717 0.318247
0.642171 0.199804
0.00342579 0.945292
0.086634 0.706507
0.103673 0.682958
0.943478 0.030114
0.799928 0.107525
0.597982 0.226965
0.16445 0.596162
0.637622 0.204581
0.47512 0.3113
0.462257 0.321354
0.378554 0.385092
0.834516 0.0877665
0.189027 0.566662
0.0459989 0.786844
0.83788 0.0848147
0.177056 0.579348
0.240033 0.510608
0.691729 0.171525
0.858462 0.0774486
0.0091132 0.91099
0.470528 0.31442
0.987883 0.00697365
0.0109813 0.898537
0.505873 0.289667
0.00711655 0.916784
0.825199 0.0937211
0.28678 0.464923
0.58805 0.23444
0.94875 0.0281639
0.0162536 0.873555
0.137458 0.630946
0.985142 0.010173
0.312173 0.446614
0.489726 0.301058
0.975616 0.0138368
0.478922 0.308066
0.573416 0.245043
0.107923 0.674134
0.413914 0.356966
0.340484 0.418874
0.405125 0.36357
0.352931 0.410206
0.712453 0.158003
0.747411 0.135814
0.0694218 0.740336
0.81739 0.097766
0.72796 0.148594
0.23294 0.519608
0.955445 0.0232542
0.979022 0.0119884
0.264962 0.487986
0.105056 0.678456
0.17463 0.586258
0.423729 0.351402
0.774768 0.120974
0.388865 0.377208
0.495943 0.295947
0.970528 0.0172882
0.0338429 0.816945
0.0891453 0.70366
0.0157613 0.879362
0.770105 0.12276
0.037635 0.806929
0.585899 0.236077
0.299928 0.452345
0.614663 0.217496
0.968083 0.0191905
0.425838 0.349754
0.403032 0.367236
0.730097 0.145923
0.89052 0.0575402
0.274768 0.478787
0.169628 0.590704
0.070948 0.737781
0.338 0.422406
0.146028 0.62234
8.3209e-05 0.990888
0.939143 0.0336298
0.141299 0.624938
0.206677 0.549213
0.821514 0.0972211
0.554052 0.25865
0.953871 0.0264166
0.365205 0.397468
0.161663 0.600247
0.026588 0.83772
0.310287 0.446924
0.44768 0.332117
0.494064 0.299866
0.000177853 0.988235
0.445018 0.339258
0.00156935 0.961076
0.608665 0.222358
0.889275 0.0582215
0.250084 0.505386
0.523404 0.278898
0.510824 0.289496
0.485253 0.304893
0.208112 0.54872
0.269622 0.482961
0.035069 0.814107
0.549985 0.260896
0.348315 0.410539
0.93623 0.0347449
0.994335 0.00310404
0.0274926 0.837125
0.00150437 0.962578
0.168326 0.592032
0.845018 0.0818674
0.758663 0.131033
0.915348 0.0455437
0.7057 0.160083
0.321239 0.435209
0.994064 0.00482418
0.366516 0.395459
0.0456996 0.789296
0.133581 0.635796
0.767054 0.12591
0.344677 0.415455
0.763678 0.126572
0.913794 0.0460532
0.844992 0.0836764
0.802002 0.106367
0.0068075 0.922901
0.140033 0.62821
0.435325 0.342064
0.446664 0.333585
0.0375752 0.809737
0.573369 0.246073
0.267054 0.48566
