51614 180.03
1 2.22045e-16
1.11456e-16 1
0.778231 0.117827
0.56071 0.251195
0.879523 0.0622342
0.888524 0.0573847
0.0499761 0.776448
0.55105 0.257673
0.176717 0.579625
0.789811 0.111287
0.0257191 0.839629
0.264001 0.486191
0.0455076 0.786675
0.748594 0.134787
0.000231662 0.98478
0.0885083 0.7025
0.627341 0.207951
0.0183609 0.864569
0.243105 0.506943
0.060616 0.753798
0.0281389 0.832265
0.757193 0.129833
0.688165 0.170443
0.943919 0.0284451
0.0792114 0.718555
0.181001 0.574559
0.100464 0.683041
0.209434 0.542436
0.819377 0.0948588
0.376083 0.386768
0.000917509 0.969955
0.303884 0.448744
0.0025151 0.952364
0.850054 0.0780164
0.87301 0.0656498
0.0228755 0.848754
0.0372704 0.806945
0.894955 0.0539794
0.0527618 0.770301
0.412233 0.35795
0.0966923 0.689046
0.185282 0.569569
0.72394 0.149156
0.196833 0.556343
0.949796 0.0254251
0.130347 0.638964
0.71182 0.156306
0.00512987 0.928377
0.924167 0.0390204
0.81344 0.0981037
0.381419 0.382409
0.163132 0.596106
0.743757 0.137587
0.204762 0.547495
0.133881 0.634103
0.0656445 0.743788
0.614816 0.215898
0.00343417 0.94146
0.238962 0.511163
0.201177 0.551479
0.737642 0.141139
0.663575 0.185399
0.4824 0.30545
0.167638 0.592976
0.292996 0.458709
0.417245 0.35406
0.22306 0.527763
0.836632 0.0853321
0.21899 0.532084
0.48709 0.302085
0.00750886 0.913346
0.421561 0.350723
0.44815 0.33056
0.587733 0.233363
0.855472 0.0750921
0.272898 0.477604
0.969583 0.0153262
0.641378 0.19914
0.801328 0.104831
0.0841764 0.709868
0.979824 0.0101406
0.477784 0.309475
0.158816 0.601483
0.516654 0.281214
0.257604 0.492454
0.340073 0.416843
0.76561 0.125008
0.000429588 0.979274
0.675938 0.177848
0.153224 0.608561
0.974834 0.0129199
0.0689106 0.737492
0.531636 0.270867
0.696895 0.165198
0.929766 0.0357572
0.443628 0.333947
0.992362 0.00382656
0.0566417 0.762005
0.473202 0.31213
0.830486 0.08869
0.635071 0.203098
0.288529 0.462851
0.0132648 0.884828
0.0631472 0.748709
0.706323 0.159571
0.00397454 0.936957
0.126421 0.644442
0.317292 0.436714
0.00903129 0.904967
0.521697 0.277717
0.333067 0.422882
0.658069 0.188786
0.142243 0.622848
0.900399 0.0511068
0.64644 0.195986
0.0166738 0.870874
0.937369 0.0318315
0.308798 0.444304
0.0211701 0.854501
0.795541 0.10807
0.145865 0.618078
0.345364 0.412334
0.498601 0.293883
0.400383 0.367286
0.192732 0.560988
0.904416 0.0491157
0.355035 0.404153
0.251219 0.498787
0.0347666 0.813542
0.843653 0.0815281
0.226996 0.523559
0.546733 0.260592
0.0826182 0.712567
0.137651 0.628987
0.350651 0.407842
0.0117718 0.891502
0.867609 0.0685453
0.361505 0.398748
0.229729 0.520699
0.365553 0.395395
0.170719 0.58682
0.860629 0.0722991
0.092046 0.69661
0.598801 0.226178
0.650204 0.193648
0.760707 0.127816
0.964027 0.0181516
0.580266 0.238248
0.458665 0.322769
0.461315 0.320805
0.389833 0.375634
0.371262 0.390687
0.439456 0.337098
0.336959 0.419701
0.0435506 0.791315
0.124259 0.647496
0.535236 0.268402
0.299166 0.453053
0.539324 0.265614
0.491986 0.29859
0.428369 0.345502
0.282168 0.468806
0.00145324 0.961879
0.109023 0.669814
0.654656 0.190892
0.113172 0.663589
0.0335132 0.816954
0.256023 0.494015
0.156106 0.604898
0.466222 0.317196
0.322662 0.431967
0.121039 0.652093
0.505527 0.289003
0.542888 0.263191
0.583499 0.236162
0.285183 0.465975
0.117618 0.657046
0.43382 0.341389
0.770733 0.122087
0.0935393 0.694158
0.0556893 0.764027
0.620311 0.212404
0.96082 0.0197868
0.326838 0.428303
0.248844 0.501158
0.670243 0.181318
0.46861 0.31545
0.426543 0.346927
0.985254 0.0074041
0.808119 0.101122
0.358143 0.40155
0.213584 0.537848
0.297142 0.454904
0.502765 0.290948
0.108091 0.671244
0.773417 0.120559
0.395774 0.370902
0.825322 0.0915277
0.510136 0.285805
0.329121 0.42631
0.0108223 0.895977
0.0306175 0.825042
0.916269 0.0427817
0.622249 0.211173
0.0758904 0.724521
0.0399713 0.80059
0.312407 0.441067
0.494891 0.297044
0.603817 0.222957
0.149336 0.61356
0.566056 0.247645
0.215084 0.536245
0.729396 0.145953
0.0145781 0.87926
0.277632 0.473106
0.512372 0.284198
0.593384 0.2297
0.114119 0.662185
0.685056 0.172319
0.190127 0.565665
0.997894 0.0010671
0.234792 0.515449
0.00615712 0.921533
0.526119 0.27466
0.841138 0.0828647
0.569332 0.245471
0.00978162 0.901112
0.407379 0.362283
0.668447 0.182415
0.864178 0.0703886
0.139684 0.62626
0.987765 0.0061362
0.393815 0.372454
0.104364 0.676946
0.73316 0.143753
0.0017591 0.958058
0.268529 0.481803
0.575519 0.241371
0.0416708 0.795879
0.805783 0.10235
0.0154133 0.87585
0.71807 0.15261
0.36886 0.392661
0.403525 0.364764
0.909786 0.0461731
0.233682 0.51676
0.573917 0.242427
0.636612 0.202125
0.609423 0.219357
0.320116 0.434228
