16311 30.0036
1 0
0 1
0.431189 0.345044
0.693266 0.168888
0.702855 0.161931
0.568472 0.246209
0.440062 0.337657
0.845168 0.0806761
0.837009 0.0861852
0.0843935 0.709732
0.0900489 0.701098
0.578817 0.241761
0.04493 0.788467
0.0710519 0.735129
0.195393 0.558039
0.000417818 0.982179
0.236377 0.514846
0.276319 0.480019
0.635806 0.20267
0.749847 0.136316
0.495985 0.296723
0.67786 0.179885
0.230673 0.520758
0.387177 0.379268
0.730836 0.145392
0.0338505 0.819024
0.739512 0.141181
0.540514 0.265671
0.526102 0.275437
0.506361 0.288724
0.0179909 0.866746
0.546528 0.26076
0.628208 0.207779
0.0592087 0.759175
0.408552 0.362141
0.202065 0.551264
0.488478 0.302927
0.255099 0.496715
0.0551254 0.765828
0.249021 0.501159
0.225668 0.525264
0.988258 0.00588823
0.109322 0.669945
0.814079 0.099028
0.000893348 0.970389
0.0616411 0.752519
0.830602 0.0890859
0.030174 0.826779
0.0494065 0.780902
0.562687 0.249897
0.5 0.293062
0.279443 0.472306
0.128208 0.643231
0.209191 0.543211
0.259802 0.492265
7.52361e-05 0.991693
0.595041 0.229699
0.552354 0.257548
0.557767 0.253955
0.613003 0.220428
0.904397 0.0494576
0.994843 0.00294902
0.89814 0.0528205
0.351245 0.409306
0.624164 0.210888
0.423324 0.350957
0.977722 0.0113953
0.926596 0.039409
0.241688 0.509673
0.0647747 0.74612
0.0422906 0.796237
0.471142 0.313621
0.92078 0.0424961
0.682357 0.174829
0.819794 0.0952109
0.451982 0.330491
0.7125 0.156368
0.893297 0.0559468
0.824901 0.0926895
0.0355758 0.811741
0.687415 0.172262
0.759213 0.132035
0.0206479 0.857145
0.415513 0.357431
0.455297 0.325343
0.00250631 0.951486
0.520538 0.282356
0.534594 0.26895
0.184562 0.570523
0.970684 0.0149312
0.137532 0.630569
0.958952 0.021078
0.0813382 0.715101
0.345666 0.412992
0.87386 0.065953
0.51193 0.284995
0.268708 0.483485
0.0073441 0.918938
0.36087 0.399566
0.282965 0.468295
0.888854 0.0605736
0.391944 0.374921
0.982117 0.00905933
0.027386 0.838177
0.401911 0.366035
0.30459 0.448132
0.0941073 0.69686
0.24489 0.506072
0.641467 0.199507
0.0255171 0.84531
0.380053 0.384155
0.311236 0.444275
0.336948 0.42198
0.113559 0.664887
0.777887 0.118021
0.590895 0.231996
0.726829 0.149063
0.0388402 0.807128
0.0760632 0.726
0.00337026 0.943131
0.668954 0.182696
0.915208 0.0452362
0.708256 0.158879
0.74365 0.137881
0.86087 0.0723145
0.204678 0.547588
0.330602 0.42502
0.175897 0.580624
0.0788544 0.720681
0.762649 0.126833
0.909667 0.0465971
0.810413 0.104461
0.530174 0.271968
0.107059 0.677209
0.190891 0.56747
0.771788 0.1222
0.124606 0.647359
0.287621 0.464357
0.169736 0.588165
0.0402632 0.80107
0.0522893 0.771852
0.460824 0.322616
0.219584 0.533312
0.00807395 0.910298
0.852836 0.0783344
0.0286021 0.832353
0.584991 0.235153
0.00221277 0.95863
0.22145 0.530487
0.946807 0.027076
0.854662 0.0759676
0.868289 0.0691224
0.0141399 0.881894
0.800176 0.10759
0.193266 0.564627
0.662561 0.187457
0.72044 0.153991
0.0089917 0.906334
0.425222 0.349782
0.478139 0.310391
0.770521 0.125113
0.603474 0.226451
0.153322 0.609162
0.173237 0.587273
0.396057 0.37206
0.134804 0.639211
0.143203 0.622915
0.804528 0.104466
0.880053 0.0644637
0.141467 0.626558
0.468311 0.317779
0.655587 0.193505
0.0163261 0.872794
0.104337 0.679634
0.648132 0.195055
0.00150748 0.96464
0.657408 0.191077
0.182655 0.575854
0.935098 0.0356518
0.157063 0.603956
0.939555 0.0310226
0.146282 0.618006
0.582916 0.238182
0.317185 0.437944
0.788948 0.111802
0.882591 0.0613468
0.165373 0.593773
0.366269 0.396895
0.264623 0.487984
0.463587 0.319323
0.313996 0.441901
0.931423 0.0358463
0.0251705 0.851694
0.605521 0.222138
0.374134 0.388732
0.101037 0.684344
0.617967 0.215017
0.785652 0.115428
0.161806 0.598226
0.0506234 0.775652
0.400633 0.370187
0.965036 0.0189949
0.415164 0.359539
0.00603717 0.924486
0.178947 0.577924
0.117827 0.657973
0.446572 0.333704
0.953381 0.0238753
0.34157 0.416059
0.329317 0.429434
0.324588 0.430409
0.135148 0.636792
0.00426596 0.937984
0.72183 0.151807
0.35606 0.405843
0.0151855 0.877135
0.517991 0.283976
0.0105164 0.898896
0.942103 0.0298177
0.115635 0.66066
0.646295 0.197315
0.356309 0.403084
0.214605 0.537941
0.122165 0.651634
0.213779 0.538365
0.120647 0.654164
0.0126135 0.888557
0.8661 0.072212
0.340509 0.419304
0.378567 0.386349
0.00491457 0.933334
0.159161 0.6021
0.446201 0.336212
0.296703 0.455846
0.616631 0.21543
0.781487 0.116311
0.372553 0.392475
0.0963311 0.691526
0.302484 0.451467
0.012578 0.890953
0.300176 0.453987
0.484237 0.304657
0.0117586 0.897871
0.021857 0.853851
0.00580955 0.929052
0.951982 0.0256075
0.967716 0.0179882
0.795296 0.109176
0.0683331 0.740444
0.324184 0.435672
