315756 580.053
1 0
0 1
0.439798 0.337835
0.340241 0.41752
0.414378 0.356735
0.350286 0.409813
0.576407 0.240985
0.132317 0.639201
0.664048 0.18517
0.00840344 0.911857
0.432615 0.343933
0.556361 0.257832
0.985037 0.00775559
0.238565 0.511981
0.245596 0.50521
0.448837 0.331522
0.0102873 0.899056
0.0210729 0.859478
0.00329975 0.94616
0.0591879 0.760842
0.566947 0.247845
0.636868 0.202671
0.672639 0.181218
0.000953882 0.96937
0.817712 0.0962105
0.657713 0.191097
0.0771057 0.725958
0.897372 0.0527985
0.645155 0.201608
0.610587 0.22048
0.182375 0.573157
0.477011 0.309897
0.629327 0.20787
0.864288 0.0704429
0.563412 0.250185
0.173167 0.584275
0.938279 0.0348655
0.0184634 0.864778
0.168143 0.591456
0.693353 0.16864
0.0480885 0.783456
0.00461598 0.933129
0.126623 0.645996
0.054711 0.768857
0.825286 0.0926245
0.18994 0.567704
0.0449743 0.791022
0.810876 0.0995155
0.235478 0.518198
0.26261 0.490432
0.084236 0.712063
0.0236524 0.847559
0.0611016 0.753014
0.61717 0.214654
0.252388 0.502892
0.466597 0.317319
0.67778 0.177
0.926708 0.0376451
0.524418 0.277284
0.407362 0.362158
0.977272 0.0122249
0.471658 0.313284
0.870943 0.0675855
0.707703 0.158819
0.00188175 0.958246
0.54946 0.259718
0.806805 0.104155
0.22946 0.521649
0.772348 0.121744
0.323859 0.432242
0.858709 0.0760998
0.30759 0.446765
0.0883719 0.706119
0.485411 0.306227
0.0163307 0.87454
0.113489 0.663955
0.906195 0.0491286
0.992389 0.00392989
0.766478 0.124756
0.946114 0.0273441
0.392972 0.374849
0.110344 0.669061
0.149486 0.618402
0.80001 0.106122
0.362794 0.401613
0.152016 0.612381
0.0296953 0.82822
0.739209 0.141909
0.106756 0.673349
0.154603 0.607575
0.210006 0.544055
0.0283983 0.834394
0.423578 0.352071
0.379584 0.384098
0.31124 0.442135
0.0322678 0.822461
0.146625 0.623011
0.140832 0.625344
0.16513 0.596021
0.426622 0.348555
0.703962 0.163917
0.940023 0.0310719
0.58246 0.237876
0.698154 0.164652
0.0336706 0.816591
0.528603 0.273151
0.0119345 0.892926
0.273337 0.479002
0.883378 0.0607145
0.960465 0.0211714
0.000477025 0.978417
0.31959 0.436737
0.0725852 0.732812
0.722045 0.150523
0.686232 0.172402
0.374929 0.387771
0.297472 0.459175
0.136868 0.631412
0.0687641 0.741616
0.777925 0.118918
0.328189 0.428114
0.533094 0.270712
0.892742 0.0567668
0.844632 0.0815367
0.103848 0.678295
0.726907 0.149245
0.336343 0.422651
0.762055 0.127774
0.950409 0.0252265
0.267765 0.483347
0.21281 0.540019
0.226129 0.526215
0.795387 0.108752
0.0501052 0.776605
0.747766 0.136674
0.454849 0.330095
0.284428 0.468667
0.158404 0.603042
0.956074 0.0227623
0.652016 0.196947
0.000147451 0.988588
0.372613 0.392186
0.717026 0.154482
0.743162 0.138368
0.0266456 0.840881
0.0935519 0.699668
0.315444 0.438977
0.160559 0.599406
0.301277 0.453621
0.713592 0.155957
0.0953138 0.692458
0.5 0.293007
0.849067 0.0790921
0.00247775 0.95338
0.456937 0.325464
0.256194 0.495128
0.888238 0.058326
0.302688 0.45067
0.0420674 0.796384
0.118236 0.660361
0.683613 0.173962
0.0647959 0.747893
0.194584 0.561319
0.0162042 0.879214
0.0395876 0.804321
0.537356 0.267163
0.623882 0.210457
0.00555394 0.929031
0.383862 0.381062
0.585915 0.23514
0.855229 0.0785455
0.0711141 0.735087
0.367919 0.394701
0.178602 0.581877
0.276156 0.476529
0.518667 0.281221
0.91298 0.0464341
0.180633 0.579214
0.593271 0.231876
0.0802912 0.719326
0.491132 0.302221
0.0520281 0.773037
0.00793995 0.920764
0.266078 0.486239
0.357687 0.405795
0.829861 0.0891008
0.785651 0.11488
0.364288 0.396437
0.19884 0.557435
0.917614 0.0440495
0.205311 0.548237
0.974186 0.0148793
0.544058 0.263032
0.119163 0.656474
0.752066 0.13295
0.782817 0.117337
0.840037 0.084712
0.919972 0.0414555
0.0914505 0.702368
0.292418 0.459809
0.255768 0.496925
0.216403 0.535964
8.03442e-06 0.997577
0.652098 0.194495
0.996826 0.00307852
0.355229 0.406265
0.731148 0.144992
0.876802 0.0651383
0.757055 0.129918
0.0809254 0.717402
0.733709 0.144673
0.461372 0.321319
0.123345 0.653604
0.191755 0.563374
0.10319 0.684433
0.87791 0.0631871
0.289132 0.465325
0.597987 0.2283
0.621411 0.212787
0.125054 0.6513
0.508777 0.286877
0.495442 0.296357
0.0360131 0.810943
0.0063039 0.922017
0.590517 0.233244
0.833525 0.0886734
0.223178 0.529815
0.0142035 0.885409
0.924771 0.0395083
0.000419276 0.983992
0.839951 0.0886209
0.0418065 0.801014
0.96608 0.0176004
0.203962 0.549972
0.0670822 0.745953
0.598899 0.226592
0.0377337 0.809932
0.605787 0.224137
0.495038 0.298803
0.28001 0.47315
0.137434 0.629369
0.389835 0.379203
0.0141659 0.887724
0.487942 0.304066
0.401964 0.370348
0.0252664 0.845039
0.969533 0.0164457
0.908282 0.0472108
0.604207 0.224276
0.505705 0.289708
