15255 50.0123
0.999015 0.0045759
4.9235e-07 1.01915
0.11162 0.679118
0.102524 0.692279
0.0453257 0.798365
0.898757 0.0594469
0.786859 0.119076
0.0639641 0.757999
0.220683 0.540157
0.953056 0.0292061
0.888148 0.0630505
0.613182 0.222948
0.5111 0.29141
0.021581 0.864897
0.578694 0.246662
0.0954395 0.700039
0.527103 0.280627
0.810262 0.106996
0.572881 0.250416
0.777943 0.124189
0.351095 0.414927
0.801138 0.110457
0.0511521 0.788452
0.607976 0.229774
0.189443 0.573241
0.039551 0.811926
0.170384 0.597104
0.374817 0.399158
0.962124 0.0249479
0.304195 0.456163
0.587382 0.242875
0.0592375 0.766809
0.66518 0.193658
0.37926 0.393966
0.0422557 0.804054
0.905753 0.056969
0.08789 0.715324
0.0843714 0.723173
0.868849 0.0749203
0.175672 0.591144
0.740548 0.145935
0.0023804 0.968473
0.0107525 0.908918
0.00603198 0.934832
0.670767 0.188527
0.534388 0.275119
0.934144 0.0403258
0.227307 0.53233
0.910219 0.0517913
0.44398 0.339297
0.498647 0.302948
0.384719 0.389729
0.475654 0.318202
0.645446 0.203715
0.551197 0.266117
0.51755 0.286417
0.555188 0.260973
0.205086 0.554557
0.87446 0.0714437
0.405784 0.370788
0.358883 0.40971
0.185515 0.578764
0.298528 0.461499
0.143393 0.630937
0.815351 0.103457
0.19563 0.568145
0.491294 0.305894
0.260662 0.49758
0.324732 0.436907
2.88927e-05 1.00992
0.450697 0.336489
0.992411 0.012948
0.401018 0.37473
0.0537934 0.775684
0.072087 0.742802
0.922073 0.0480582
0.73509 0.149334
0.273571 0.487035
0.00478888 0.942124
0.00134205 0.976228
0.0240625 0.85547
0.113544 0.671923
0.482458 0.31485
0.0305697 0.835195
0.74782 0.143373
0.455501 0.333879
0.321223 0.442415
0.0192575 0.872941
0.210422 0.551863
0.505016 0.296052
0.61957 0.219129
0.0152743 0.890741
0.939664 0.0363745
0.41188 0.368099
0.00865707 0.917524
0.149453 0.621509
0.246917 0.511284
0.347054 0.418922
0.472813 0.323102
0.396366 0.378216
0.126793 0.653235
0.966976 0.0229726
0.138568 0.635742
0.640726 0.207063
0.545914 0.269514
0.00272917 0.958899
0.00020165 0.996245
0.0163447 0.88319
0.706609 0.168516
0.916339 0.0494263
0.132503 0.645108
0.242786 0.515881
0.255888 0.501286
0.147188 0.626933
0.135614 0.639036
0.521724 0.284253
0.154429 0.617984
0.236618 0.523633
0.0672655 0.751371
0.387718 0.384457
0.695118 0.17161
0.984301 0.0152938
0.276089 0.482173
0.713528 0.160711
0.0915365 0.70787
0.99302 0.00706482
0.627913 0.213288
0.0122018 0.902527
0.391554 0.381291
0.33756 0.427745
0.10026 0.694487
0.268674 0.491372
0.0137958 0.896982
0.70996 0.165026
0.565738 0.254854
0.181444 0.582758
0.725853 0.153258
0.699936 0.170636
0.156738 0.613494
0.0275946 0.84511
0.598562 0.23406
0.793564 0.116148
0.329585 0.43366
0.832732 0.0936035
0.232395 0.527674
0.0564036 0.770366
0.0076148 0.926487
0.466303 0.324902
0.29267 0.468314
0.265303 0.493581
0.624777 0.218324
0.682816 0.180172
0.178488 0.586444
0.828134 0.0963565
0.847059 0.0844138
0.238904 0.518884
0.333845 0.431539
0.459958 0.32943
0.838693 0.0925046
0.948164 0.0336757
0.1307 0.649809
9.67493e-05 1.00204
0.60042 0.230948
0.880115 0.0686854
0.215451 0.543866
0.883765 0.0670611
0.689449 0.17533
0.31667 0.445176
0.440293 0.344202
0.56105 0.258368
0.289773 0.47351
0.36717 0.40236
0.675443 0.185678
0.0694034 0.74813
0.756707 0.135369
0.0759256 0.734484
0.796251 0.113985
0.764968 0.13069
0.50141 0.297978
0.423457 0.357318
0.729773 0.151852
0.000613743 0.986724
0.82136 0.10075
0.862074 0.0778689
0.0180406 0.877719
0.159298 0.608197
0.214076 0.547271
0.762967 0.134265
0.361814 0.408166
0.678507 0.182775
0.166979 0.603083
0.00430135 0.949768
0.0286891 0.839965
0.118734 0.664344
0.11783 0.668796
0.972964 0.0199127
0.295141 0.464602
0.721928 0.158684
0.59296 0.238035
0.41786 0.360262
0.427717 0.353295
0.771523 0.129584
0.980825 0.0164745
0.635428 0.20948
0.651721 0.2002
0.281341 0.479683
0.31427 0.449101
0.0751499 0.737056
0.0801431 0.728699
0.251031 0.507993
0.775238 0.128567
0.201922 0.56094
0.54098 0.271613
0.12311 0.65817
0.0336968 0.82853
0.252733 0.505139
0.488326 0.309929
0.854632 0.0837454
0.687428 0.17756
0.0376674 0.8202
0.633882 0.212524
0.974715 0.017991
0.309689 0.452606
0.945862 0.0358571
0.198649 0.565101
0.437376 0.346325
0.823349 0.0983167
0.36678 0.404686
0.929129 0.0455305
0.000900787 0.983663
0.0911292 0.710778
0.034042 0.826959
0.343852 0.423803
0.751438 0.140478
0.462608 0.327105
0.484695 0.310795
0.842613 0.0896685
0.00355514 0.953813
0.121297 0.659464
0.433999 0.350694
0.720622 0.160661
0.5908 0.238842
0.754685 0.139299
0.0364285 0.820231
0.341961 0.424799
0.930372 0.0452506
0.0521856 0.783044
0.860179 0.0793749
0.285177 0.474397
0.538715 0.27402
