546797 510.027
1 1.32931e-07
1.22736e-24 1
1.22736e-24 1
0.298681 0.454913
0.708729 0.158929
0.292357 0.459303
0.167864 0.590298
0.701253 0.162618
0.0948674 0.692327
0.913253 0.0443773
0.901363 0.0506016
0.00852105 0.90893
0.0823283 0.713071
0.0642539 0.746522
0.269899 0.480503
0.00714439 0.916619
0.0609924 0.753034
0.303463 0.449404
0.114315 0.661895
0.789963 0.111239
0.616694 0.214703
8.5701e-05 0.990743
0.0439019 0.790814
0.0409724 0.797589
0.596237 0.227837
0.783707 0.115452
0.920346 0.0406609
0.988849 0.00561412
0.0912234 0.697968
0.848666 0.0787809
0.244839 0.505198
0.0384484 0.804168
0.610196 0.218858
0.984038 0.010599
0.000702822 0.973493
0.110458 0.667648
0.118153 0.65634
0.00567704 0.925327
0.50688 0.288273
0.442064 0.335122
0.907631 0.0474851
0.970688 0.0147695
0.0996059 0.686757
0.121777 0.651164
0.125868 0.646008
0.332349 0.423503
0.590664 0.231455
0.0358325 0.810945
0.142422 0.624418
0.000402463 0.981534
0.0733843 0.729105
0.372281 0.390166
0.307974 0.445053
0.187635 0.569057
0.4577 0.323663
0.894807 0.0540628
0.795391 0.108172
0.448016 0.33066
0.254004 0.496944
0.69093 0.169746
0.97658 0.0117805
0.275083 0.476782
0.24 0.51025
0.278879 0.47197
0.685778 0.173242
0.492329 0.299749
0.964711 0.0179745
0.842625 0.0820653
0.695911 0.165843
0.801228 0.104895
0.249781 0.501477
0.0334693 0.817109
0.0785225 0.719781
0.00362727 0.939773
0.00999969 0.900084
0.264611 0.485597
0.464029 0.321746
0.77798 0.11797
0.288457 0.464567
0.210525 0.541732
0.198288 0.55474
0.837717 0.0852867
0.0311153 0.823605
0.172267 0.585173
0.337171 0.419335
0.0197337 0.859552
0.854658 0.0755229
0.679642 0.175963
0.183029 0.574235
0.057921 0.759378
0.0709512 0.736847
0.283428 0.467622
0.501005 0.292252
0.806736 0.10207
0.714279 0.154863
0.19502 0.559624
0.0289664 0.829805
0.20258 0.549964
0.236163 0.514034
0.753787 0.131792
0.641592 0.199006
0.190323 0.563741
0.452134 0.327591
0.636622 0.202115
0.0217403 0.85277
0.994735 0.00263973
0.00468721 0.932333
0.621969 0.211669
0.879953 0.0619439
0.728557 0.14646
0.4236 0.349155
0.377055 0.385952
0.0678976 0.740626
0.432753 0.342175
0.437668 0.338435
0.0274716 0.836866
0.935393 0.0328476
0.743547 0.137712
0.31273 0.44088
0.107119 0.672972
0.486833 0.302666
0.401962 0.36606
0.772248 0.121254
0.151306 0.611019
0.206301 0.545885
0.496794 0.295164
0.831497 0.0881392
0.748621 0.134803
0.429134 0.346273
0.521143 0.27949
0.562362 0.250272
0.406971 0.362798
0.388747 0.376504
0.053693 0.769457
0.222472 0.528856
0.631373 0.205442
0.129204 0.640552
0.674288 0.17885
0.576563 0.240696
0.217875 0.533258
0.0179324 0.866104
0.585885 0.235501
0.419073 0.352641
0.821799 0.09349
0.320772 0.433632
0.646994 0.195663
0.214502 0.536858
0.869671 0.0674456
0.87457 0.0653292
0.393191 0.372951
0.812289 0.0989811
0.35141 0.407202
0.147538 0.62024
0.0503957 0.77551
0.950413 0.0254277
0.397826 0.369865
0.157568 0.60345
0.627643 0.209162
0.925876 0.0383155
0.941401 0.0297714
0.138466 0.629039
0.544229 0.262293
0.0465327 0.784306
0.35623 0.403186
0.557846 0.253174
0.660876 0.188094
0.231724 0.518823
0.738515 0.141008
0.367275 0.393968
0.733802 0.143382
0.0141927 0.883002
0.723437 0.149454
0.511958 0.285081
0.316544 0.43738
0.863953 0.0705133
0.567781 0.247021
0.0877431 0.703804
0.602065 0.224074
0.57142 0.244122
0.889818 0.056785
0.553005 0.256359
0.826985 0.090727
0.257968 0.492095
0.884985 0.0593038
0.817324 0.0969403
0.930783 0.0354837
0.539761 0.265644
0.474254 0.311375
0.665566 0.184421
0.515773 0.281859
0.548804 0.259189
0.0855823 0.707458
0.759295 0.128633
0.467537 0.316233
0.718999 0.152228
0.581291 0.238015
0.0762738 0.724339
0.175631 0.580916
0.414634 0.356097
0.652106 0.193678
0.00287164 0.947839
0.411515 0.359529
0.767658 0.123852
0.655865 0.190163
0.00151801 0.964226
0.05563 0.764692
0.859835 0.072845
0.669464 0.181799
0.0123452 0.888892
0.178758 0.577204
0.341565 0.415573
0.0249256 0.842122
0.0236039 0.84685
0.155518 0.605642
0.327512 0.427714
0.132235 0.636358
0.384285 0.380112
0.102563 0.681968
0.525279 0.275239
0.360902 0.401225
0.36422 0.397516
0.104181 0.677598
0.134999 0.632578
0.0112747 0.894371
0.002367 0.952881
0.956127 0.0223025
0.480286 0.308464
0.946279 0.0281293
0.606017 0.22249
0.16302 0.5975
0.76309 0.126453
0.264144 0.492038
0.227898 0.527235
0.381153 0.382647
0.0158971 0.877086
0.0166954 0.872455
0.148425 0.614741
0.959375 0.020914
0.537208 0.270207
0.0489369 0.780376
0.325136 0.430098
0.349389 0.412059
0.482068 0.305713
0.229036 0.522341
0.00231287 0.960788
0.163263 0.595941
0.532013 0.27061
0.47081 0.313907
0.530503 0.275186
0.344722 0.41287
