391062 350.015
0.113614 0.736752
0.5935 0.281927
0.0460342 0.866275
0.172262 0.653994
0.963361 0.062989
0.963361 0.0642065
0.834871 0.134902
0.242093 0.573704
0.242085 0.576844
0.238704 0.577315
1.44971e-09 1.08792
0.182694 0.643198
0.931816 0.0811192
0.0347096 0.889708
0.0181484 0.947507
0.109051 0.740298
0.0181335 0.950031
6.88303e-10 1.37067
0.14821 0.677299
0.792021 0.1533
0.603879 0.270422
0.126812 0.70727
0.360983 0.453345
0.463549 0.372973
0.295446 0.517864
0.685947 0.21955
0.898326 0.0963485
0.737412 0.185224
0.455487 0.376445
0.287075 0.524203
0.630903 0.255395
0.701655 0.207577
0.0905171 0.763781
0.809051 0.150145
0.0903947 0.772576
0.701637 0.210084
0.0156168 0.957889
0.1733 0.648458
0.286547 0.526726
0.791125 0.153615
0.173302 0.645607
0.701642 0.208343
0.53164 0.323683
0.596138 0.280183
0.076867 0.792282
0.0768594 0.792885
0.0156039 0.962487
0.0156113 0.95876
0.208957 0.60574
0.221531 0.58582
0.663958 0.231037
0.00391528 1.02506
0.00390955 1.04476
0.0318251 0.903421
0.467717 0.36479
0.306951 0.499552
0.228483 0.578907
0.655428 0.23762
0.467712 0.368438
0.227442 0.579936
0.075021 0.793669
0.144904 0.70092
0.144912 0.679651
0.227415 0.583642
0.394286 0.42374
0.124969 0.713817
0.0387298 0.870235
0.7869 0.153779
0.695077 0.210308
0.0387176 0.871469
0.144905 0.68356
0.695068 0.210318
0.781624 0.161842
0.562582 0.296569
0.879987 0.101667
0.144908 0.681779
0.118972 0.725168
0.781617 0.162254
0.444435 0.382191
0.118975 0.713835
0.562576 0.296605
0.83715 0.125651
0.947793 0.0668508
0.617677 0.259668
0.275244 0.529015
0.617685 0.259664
0.581165 0.285514
1.37298e-10 1.43038
0.11895 0.734426
0.0939499 0.752787
0.444576 0.381208
0.118949 0.735326
0.724221 0.189001
0.69133 0.212731
0.243582 0.563412
0.0230721 0.912526
0.0230464 0.914031
0.980749 0.0477027
0.42124 0.396668
0.756313 0.167506
0.100483 0.743164
0.631607 0.25159
0.710929 0.200143
0.243585 0.55766
0.579015 0.289484
0.196956 0.611946
0.66947 0.224897
0.421232 0.408772
0.631613 0.250234
0.381849 0.43414
0.421229 0.420713
0.0111871 0.962646
0.568232 0.295041
0.346012 0.46148
0.0637828 0.81626
0.24358 0.565791
0.24888 0.553209
0.330487 0.47328
3.77238e-06 1.06291
0.381849 0.432437
0.917084 0.0819329
0.544444 0.304628
0.0570887 0.827981
0.606217 0.261472
0.491266 0.341639
0.917092 0.0811404
0.474805 0.355318
0.381855 0.428804
0.330468 0.478788
4.94834e-06 1.06261
0.381839 0.437315
0.0570955 0.822397
0.153091 0.662975
0.814006 0.135124
0.196958 0.611851
0.841146 0.119727
0.474796 0.357121
0.0111751 0.965161
0.248885 0.551781
0.248878 0.555562
0.814005 0.138959
0.841151 0.119707
0.153069 0.663031
0.84114 0.123261
0.196949 0.615392
0.353677 0.457315
0.353669 0.4592
0.972904 0.0538978
0.910722 0.083565
2.25088e-07 1.06831
0.190832 0.615894
0.309941 0.498152
0.0827995 0.773446
0.761299 0.164554
0.322079 0.479243
0.03912 0.868572
0.309939 0.498396
0.561078 0.298673
0.0827612 0.773544
0.502295 0.335293
0.190826 0.619867
0.706434 0.200253
0.366631 0.443494
0.0543705 0.849195
0.706421 0.20204
0.300121 0.506213
0.746293 0.175713
0.340866 0.462021
0.430696 0.389454
0.502287 0.336505
0.265309 0.535338
0.135799 0.70567
0.0351178 0.873949
0.156195 0.657855
0.213595 0.590583
0.0927414 0.752887
0.265303 0.543042
0.868339 0.111105
