110282 350.06
1 0
0 1
0.709091 0.158006
0.728142 0.148149
0.16967 0.589919
0.253584 0.498095
0.61912 0.21478
0.386185 0.378989
0.558223 0.256055
0.609223 0.220729
0.0938183 0.696589
0.377639 0.386156
0.935605 0.0334719
0.258756 0.491552
0.0990645 0.686072
0.164164 0.601326
0.54739 0.260804
0.809558 0.100323
0.245132 0.505666
0.457632 0.325215
0.132283 0.638797
0.92298 0.0403467
0.312226 0.441945
0.00020467 0.988255
0.645435 0.197234
0.638004 0.203234
0.175952 0.583419
0.0917317 0.702369
0.844081 0.0839248
0.658103 0.192411
0.0012744 0.965851
0.945315 0.0286973
0.930393 0.0362886
0.155906 0.606722
0.0219165 0.852108
0.487601 0.302299
0.507854 0.288663
0.307465 0.447751
0.774824 0.120802
0.779724 0.117276
0.185077 0.572267
0.750006 0.135455
0.143339 0.625484
0.834857 0.0869652
0.0324436 0.822823
0.755297 0.131425
0.0163663 0.8748
0.961376 0.019787
0.0772652 0.727715
0.46574 0.320356
0.786143 0.113357
0.275739 0.478108
0.145704 0.618715
0.912719 0.0463215
0.00207514 0.958087
0.205983 0.546751
0.209378 0.542436
0.399886 0.36821
0.215237 0.538358
0.303196 0.451964
0.0291337 0.830803
0.410082 0.362077
0.360759 0.401996
0.703446 0.164384
0.222698 0.528992
0.992002 0.00406909
0.589494 0.233428
0.127225 0.646945
0.5 0.292893
0.664164 0.186999
0.00594165 0.92931
0.744666 0.139193
0.791177 0.110872
0.00625639 0.921192
0.0176481 0.86774
0.967433 0.0168389
0.632824 0.205081
0.0859658 0.708798
0.040109 0.802016
0.217858 0.533398
0.817981 0.0965353
0.364861 0.398386
0.00446057 0.936545
0.42492 0.349184
0.978365 0.0110927
0.492157 0.298461
0.973071 0.0144118
0.138004 0.629297
0.525914 0.276083
0.348991 0.410617
0.191435 0.57055
0.00998053 0.900248
0.0668626 0.741831
0.201444 0.552225
0.405836 0.365675
0.0459904 0.788029
0.338514 0.420066
0.91703 0.0435114
0.0374465 0.809002
0.760616 0.127984
0.797206 0.107313
0.00879937 0.907964
0.512173 0.285986
0.825374 0.0926126
0.00293029 0.949772
0.0701561 0.73615
0.0257077 0.845324
0.396162 0.373522
0.0494195 0.780008
0.00803731 0.914318
0.0563893 0.764577
0.698502 0.164701
0.0723363 0.731441
0.270374 0.481733
0.69185 0.168404
0.984597 0.00922392
0.391023 0.375193
0.334807 0.424738
0.415319 0.357749
0.134584 0.633386
0.453474 0.32919
0.442217 0.336531
0.832611 0.0907003
0.0426551 0.797377
0.266679 0.488741
0.570329 0.246112
0.000735676 0.976359
0.667816 0.184937
0.67281 0.180837
0.0033038 0.943427
0.520143 0.279339
0.517841 0.282679
0.688559 0.170208
0.192344 0.562963
0.73319 0.144242
0.0600369 0.755582
0.0139461 0.882106
0.851016 0.077623
0.279589 0.473106
0.899003 0.0541053
0.474794 0.315607
0.856708 0.0744146
0.956549 0.0239
0.368919 0.393391
0.437693 0.339554
0.768186 0.124584
0.0531406 0.771749
0.079982 0.721177
0.226307 0.524564
0.889124 0.0577202
0.885377 0.0605013
0.329363 0.426294
0.675952 0.178281
0.469454 0.319147
0.198502 0.555643
0.879915 0.0624715
0.081046 0.717457
0.109046 0.674172
0.159035 0.601371
0.0845545 0.712033
0.563666 0.252748
0.151492 0.613093
0.894207 0.0553686
0.195607 0.560187
0.0651751 0.747598
0.499293 0.297305
0.574532 0.243869
0.287465 0.464041
0.626645 0.211278
0.112991 0.671076
0.565373 0.249667
0.849712 0.0818523
0.905619 0.0499032
0.0623339 0.750747
0.57877 0.241143
0.179996 0.577587
0.804612 0.104684
0.481337 0.306795
0.282513 0.470497
0.0451276 0.792009
0.0272978 0.835102
0.0578455 0.760768
0.120032 0.655987
0.105463 0.677205
0.990445 0.00772415
0.682827 0.173985
0.000412418 0.979901
0.627354 0.209642
0.420333 0.355284
0.584728 0.236132
0.354956 0.405814
0.327617 0.431402
0.116279 0.660784
0.434904 0.343291
0.0336536 0.817103
0.121033 0.652898
0.124808 0.648537
0.234498 0.518455
0.344386 0.414538
0.543723 0.263381
0.860928 0.0731914
0.601695 0.22474
0.326819 0.436055
0.0352846 0.813426
0.02661 0.840956
0.868293 0.0706197
0.0115653 0.894173
0.604077 0.223904
0.447419 0.334128
0.596617 0.230804
0.318122 0.437856
0.149412 0.613725
0.287149 0.467968
0.344081 0.41777
0.821116 0.0951045
0.873642 0.0664721
0.0198431 0.861199
0.68261 0.176803
0.0206088 0.859484
0.293545 0.460963
0.297958 0.455761
0.448809 0.331588
0.766113 0.126149
0.582496 0.23879
0.953474 0.0261563
0.738343 0.140928
0.903295 0.0500796
0.374867 0.390963
0.352713 0.406267
0.268163 0.485994
0.948414 0.0267338
0.0132748 0.886188
0.651492 0.194011
0.429303 0.347502
0.801319 0.104961
0.541314 0.266738
0.177974 0.578135
0.113345 0.665152
0.431941 0.346059
0.0131279 0.891746
0.597176 0.228925
0.649654 0.194415
0.10173 0.682283
0.23762 0.514864
0.242608 0.511504
0.535596 0.269834
0.320413 0.436112
0.538107 0.267666
0.104077 0.681838
0.875475 0.0643653
