77167 200.026
1 6.34476e-07
4.16334e-17 1.00066
0.392504 0.373526
0.010268 0.898672
0.00655907 0.919016
0.380355 0.383309
0.402948 0.370732
0.609562 0.219257
0.620375 0.212362
0.0200626 0.858361
0.0248801 0.842269
0.407158 0.361911
0.057648 0.759902
0.0615583 0.751893
0.315617 0.438316
0.0286568 0.83072
0.0230785 0.848086
0.115581 0.660042
0.188891 0.569288
0.0737683 0.7284
0.00367578 0.94051
0.75257 0.132493
0.681056 0.174739
0.00253075 0.9497
0.046191 0.793247
0.24198 0.508488
0.347954 0.41397
0.758938 0.12883
0.412684 0.357631
0.172568 0.584659
0.979508 0.0102999
0.228441 0.522252
0.0776143 0.721412
0.764566 0.125606
0.674726 0.178584
0.0118096 0.891335
0.644839 0.196982
0.836638 0.0853219
0.309969 0.443289
0.102892 0.679236
0.0360614 0.819212
0.717553 0.152916
0.630234 0.206129
0.791962 0.110079
0.0648108 0.745427
0.0150472 0.877337
0.213919 0.537496
0.74657 0.135958
0.339957 0.416987
0.365854 0.400823
0.798307 0.10652
0.658729 0.18838
0.111373 0.666276
0.0704722 0.734537
0.0473962 0.782297
0.00127776 0.964812
0.0526408 0.770566
0.89361 0.0546912
0.664498 0.184834
0.0371787 0.807186
0.934538 0.0332857
0.95835 0.0210475
0.60505 0.222152
0.973433 0.0133738
0.182028 0.573363
0.0135813 0.883467
0.53643 0.267587
0.160963 0.598803
0.0490483 0.778535
0.41776 0.353658
0.169399 0.591851
0.442822 0.334557
0.59904 0.226024
0.447638 0.330943
0.572285 0.243506
0.555956 0.254376
0.437976 0.338204
0.0911468 0.698097
0.923634 0.038942
0.236596 0.513658
0.233544 0.516819
0.0996754 0.684288
0.327409 0.427848
0.130796 0.638364
0.26103 0.489374
0.145208 0.618941
0.332994 0.423009
0.928959 0.0361757
0.0676688 0.739872
0.294774 0.45739
0.669522 0.181758
0.369219 0.396161
0.550155 0.258277
0.501617 0.291752
0.00187499 0.958008
0.0804209 0.716417
0.481025 0.306441
0.371788 0.390279
0.541673 0.264017
0.951839 0.0243783
0.88748 0.0579396
0.586618 0.234092
0.140978 0.624543
0.770793 0.122052
0.0884781 0.70255
0.624623 0.20967
0.463482 0.319207
0.842515 0.0821151
0.476252 0.309891
0.490367 0.299739
0.485714 0.30307
0.32124 0.433327
0.272287 0.478294
0.452502 0.327318
0.00459838 0.932193
0.50687 0.288053
0.917901 0.0419294
0.9859 0.00707586
0.157264 0.603453
0.119647 0.654102
0.711508 0.156492
0.268189 0.482203
0.0567864 0.768818
0.255996 0.494309
0.309462 0.450533
0.577694 0.239939
0.350226 0.408242
0.898873 0.0519117
0.84704 0.0796531
0.377768 0.388434
0.127566 0.64284
0.913235 0.0443673
0.357483 0.402144
0.877464 0.0632705
0.164897 0.593932
0.422216 0.350219
0.883009 0.0603154
0.968039 0.0161109
0.289956 0.461648
0.218454 0.532618
0.722985 0.149715
0.000671632 0.974267
0.00542165 0.926374
0.822585 0.0930366
0.872971 0.0656718
0.000117852 0.993121
0.994744 0.00263242
0.523187 0.276684
0.531444 0.270999
0.567519 0.246662
0.518659 0.279821
0.581693 0.237313
0.198181 0.554836
0.2533 0.497263
0.433238 0.341811
0.279356 0.471752
0.638979 0.20064
0.963294 0.0185256
0.191465 0.562483
0.731957 0.144456
0.286168 0.469457
0.224339 0.526361
0.204067 0.548268
0.176388 0.580025
0.19391 0.559697
0.907736 0.0472493
0.264396 0.486109
0.000214695 0.985854
0.78287 0.115201
0.106862 0.673105
0.468371 0.315625
0.635791 0.202636
0.727109 0.147294
0.546113 0.261007
0.786671 0.113056
0.650353 0.193557
0.301834 0.450765
0.248525 0.501589
0.852594 0.0766405
0.68682 0.171255
0.153999 0.607577
0.527533 0.273687
0.0948376 0.692075
0.830613 0.0886214
0.0171481 0.869054
0.811217 0.0993248
0.0300832 0.826561
0.80328 0.103742
0.940388 0.0302646
0.298535 0.453697
0.471709 0.31319
0.276383 0.474384
0.0178584 0.866367
0.859362 0.072983
0.148169 0.615156
0.653574 0.191562
0.903823 0.0493049
0.591465 0.230933
0.124336 0.647396
0.247343 0.505377
0.151121 0.611259
0.0851433 0.70821
0.356597 0.407013
0.0322086 0.820536
0.989994 0.00501659
0.514411 0.282777
0.426434 0.346982
0.33629 0.420151
0.20985 0.541931
0.0835355 0.710979
0.510925 0.285211
0.864979 0.0699589
0.0964115 0.689501
0.777541 0.118218
0.94762 0.0265435
0.594767 0.22879
0.202897 0.553916
0.827707 0.0902168
0.807121 0.101602
0.560261 0.251495
0.179138 0.576793
0.86768 0.0685075
0.134564 0.633172
0.693912 0.166987
0.221297 0.529584
0.207708 0.544256
0.563331 0.249448
0.000448305 0.979141
0.429598 0.344565
0.495084 0.296379
0.707676 0.158766
0.138286 0.628145
0.741241 0.139048
0.459101 0.32244
0.324091 0.430775
0.0403916 0.799027
0.286735 0.464641
0.0416734 0.795865
0.456749 0.324169
0.736275 0.141937
0.121998 0.650722
0.0383555 0.804158
0.689797 0.169461
0.10851 0.670594
0.69743 0.164879
0.497263 0.294832
0.943567 0.0286269
0.704115 0.160886
0.700955 0.16277
0.774834 0.119754
