40991 120.029
0.999755 0.00193523
2.77556e-16 1.00195
0.560392 0.299783
0.375975 0.389756
0.648986 0.201864
0.700115 0.164901
0.577122 0.242972
0.203908 0.55213
0.168253 0.592211
0.234436 0.533191
0.253165 0.501332
0.627425 0.211426
0.337173 0.421654
0.317901 0.438987
0.353886 0.407529
0.599151 0.228386
0.608255 0.223715
0.163667 0.598443
0.147609 0.618607
0.265423 0.487446
0.293761 0.461454
0.213494 0.540903
0.718168 0.154316
0.347858 0.413287
0.307589 0.448778
0.735082 0.144219
0.273965 0.481451
0.723723 0.151151
0.280601 0.473035
0.210995 0.544393
0.309125 0.446739
0.821604 0.0954384
0.742627 0.140074
0.832606 0.089163
0.289492 0.467557
0.757304 0.131839
0.137408 0.634719
0.750776 0.13544
0.792992 0.11133
0.283729 0.470302
0.132147 0.639141
0.140908 0.631082
0.121279 0.654491
0.838995 0.0860613
0.814098 0.0993219
0.141997 0.625914
0.811322 0.101189
0.747532 0.137594
0.12732 0.645821
0.798688 0.107856
0.973457 0.0151279
0.85743 0.0758181
0.805744 0.104038
0.129904 0.64135
0.848088 0.0818555
0.819703 0.0963581
0.773571 0.122188
0.761667 0.129406
0.166539 0.594513
0.0899503 0.702943
0.851376 0.0795231
0.0920806 0.699323
0.025281 0.844422
0.01381 0.885837
0.874355 0.0668981
0.000289165 0.986531
0.0796558 0.720477
0.85384 0.0775789
0.907428 0.049171
0.0239911 0.849158
0.833882 0.0886859
0.0778018 0.723699
0.00097904 0.972135
0.984757 0.00911273
0.0118977 0.894418
0.0865822 0.708524
0.00970682 0.905785
0.903878 0.0512092
0.861594 0.073638
0.00348417 0.944134
0.78495 0.115902
0.0676171 0.743364
0.0589462 0.760624
0.105135 0.679176
0.124914 0.649717
0.0535924 0.772174
0.782979 0.117177
0.987589 0.0078381
0.0398033 0.803444
0.00128247 0.967502
0.0340657 0.818741
0.877694 0.0647555
0.0883797 0.705662
0.00192768 0.959246
0.001582 0.9637
0.867155 0.0713975
0.956129 0.0238032
0.0848168 0.711486
0.952881 0.0254853
0.0427902 0.796317
0.0645656 0.749045
0.0736744 0.732473
0.0158953 0.877059
0.101763 0.684389
0.0350767 0.815707
0.0661453 0.746362
0.721619 0.152379
0.981768 0.0114722
0.0630585 0.752111
0.97697 0.0131772
0.04417 0.793235
0.10298 0.681609
0.969113 0.0170716
0.778465 0.119471
0.0108812 0.899419
0.913497 0.0452164
0.0383912 0.80655
0.0692039 0.740257
0.0601982 0.757492
0.0972138 0.691949
0.0754317 0.729551
0.0031392 0.949465
0.0193161 0.864346
0.0176686 0.870928
0.00496665 0.934148
0.0329396 0.822592
0.106777 0.67628
0.0363733 0.8123
0.00714818 0.921042
0.916958 0.0440769
0.000403693 0.982156
0.072264 0.735217
0.145054 0.622052
0.767517 0.127058
3.026e-05 0.998022
0.112679 0.66713
0.11518 0.664599
0.0937025 0.696689
0.119194 0.657355
0.0203276 0.86064
0.0814448 0.717556
0.0498209 0.780113
0.0951447 0.694024
0.061661 0.754802
0.921986 0.0414378
0.0184681 0.867256
0.893636 0.0561871
0.0763697 0.726679
0.879816 0.0633794
0.764187 0.127695
0.00246607 0.955663
0.108129 0.673735
0.0703607 0.737553
0.0219294 0.854803
0.896472 0.054685
0.0454561 0.790366
0.891361 0.0577985
0.117935 0.659498
0.00435413 0.938801
0.0167255 0.873986
0.803845 0.105289
0.116097 0.662182
0.109997 0.671376
0.863138 0.0722933
0.00576309 0.927401
0.00758958 0.917355
0.0375176 0.809713
0.871599 0.0685535
0.0288901 0.832954
0.991101 0.00638428
0.843913 0.0835463
0.0520979 0.775049
0.00626093 0.924448
0.100016 0.68742
0.800849 0.107042
0.0229647 0.85162
0.919556 0.0428572
0.00520538 0.931185
0.0105626 0.901659
0.0211254 0.857845
0.842362 0.0838789
0.964852 0.0198364
0.0300851 0.830362
0.769609 0.124733
0.0509839 0.777315
0.098565 0.688926
0.0484368 0.783041
0.0001338 0.991745
0.0464149 0.787516
0.869537 0.0698383
0.997708 0.00327363
0.901289 0.0522677
0.899161 0.0537427
0.929244 0.0377318
0.0310867 0.827795
0.788871 0.113882
0.01274 0.890174
0.0317772 0.824902
0.946117 0.0289965
0.931434 0.0366681
0.968139 0.0183896
0.925033 0.0400959
0.994817 0.00427367
0.111521 0.669319
0.958682 0.0224369
0.00798278 0.914101
0.00264096 0.951776
0.883484 0.0623267
0.779352 0.119391
0.00923396 0.909661
0.0566643 0.764575
0.789474 0.113327
0.000766437 0.976447
0.937943 0.0336419
0.926595 0.0390511
0.943915 0.0300498
0.77153 0.12373
0.979088 0.0121258
0.0476274 0.785246
0.950528 0.0270421
9.13463e-05 0.993659
0.948996 0.0280759
0.888439 0.058925
0.125208 0.649308
0.0149448 0.881005
0.93409 0.0355445
0.939646 0.0319569
0.0572232 0.763654
0.887113 0.0598849
0.00396748 0.941059
0.941811 0.0312628
0.960891 0.0216527
0.000623344 0.978449
0.884576 0.0612932
0.909935 0.0475195
0.145961 0.621492
0.0148159 0.882276
0.0550154 0.768207
0.026798 0.840227
0.0836301 0.714421
0.911627 0.047318
0.992368 0.00486225
0.963009 0.0206578
0.935551 0.0345303
0.0262645 0.841455
0.00845214 0.911308
0.0276761 0.836953
0.055 0.768841
0.0411453 0.800243
0.0826904 0.715225
