5769 20.0071
1 4.99093e-10
5.63243e-17 1
0.889532 0.0572439
0.431695 0.342966
0.74743 0.135464
0.0100675 0.899663
0.352041 0.40698
0.976941 0.0115965
0.649527 0.194253
0.345318 0.412362
0.278594 0.472183
0.755795 0.13064
0.315154 0.438617
0.0833847 0.711236
0.760037 0.128207
0.155948 0.605361
0.803531 0.103613
0.880585 0.0616122
0.564431 0.248734
0.0540883 0.767438
0.623872 0.210146
9.84676e-05 0.990077
0.0869886 0.705071
0.741631 0.138822
0.609508 0.219338
0.797494 0.106975
0.783517 0.114837
0.319686 0.434595
0.263169 0.487051
0.117629 0.657029
0.00109231 0.96695
0.967223 0.0165703
0.957343 0.0215613
0.391972 0.373936
0.993745 0.00313259
0.340967 0.41608
0.335678 0.420623
0.863598 0.0707006
0.141012 0.624795
0.735592 0.142334
0.128828 0.641075
0.324944 0.430032
0.537846 0.26662
0.586543 0.234139
0.258358 0.491756
0.387316 0.377658
0.0123203 0.889004
0.309203 0.44395
0.404249 0.364195
0.988025 0.0060055
0.0759883 0.724341
0.232475 0.517844
0.382313 0.38169
0.921801 0.0398953
0.809888 0.10014
0.48614 0.302764
0.426633 0.346851
0.83454 0.0864695
0.629536 0.206567
0.00433078 0.934208
0.144638 0.619794
0.0425619 0.794053
0.870152 0.0671823
0.0729473 0.729912
0.471748 0.313161
0.197065 0.55608
0.00268266 0.94821
0.283865 0.467212
0.109384 0.669268
0.000341221 0.981528
0.228559 0.521928
0.00864857 0.907023
0.121129 0.651969
0.903633 0.0494098
0.698199 0.164417
0.003756 0.939434
0.552757 0.256544
0.705683 0.162166
0.422368 0.350102
0.0186501 0.863435
0.0468315 0.783597
0.301648 0.450778
0.0381357 0.80474
0.458865 0.322822
0.506683 0.288373
0.173554 0.583425
0.273615 0.47692
0.000645789 0.974589
0.371239 0.390707
0.237422 0.51274
0.177398 0.578822
0.634777 0.203272
0.0402318 0.799421
0.0264294 0.837429
0.136994 0.629875
0.0287811 0.830359
0.267634 0.482668
0.0324436 0.819882
0.397376 0.369668
0.70797 0.158591
0.0168621 0.87015
0.101721 0.681071
0.165238 0.593508
0.0449903 0.787894
0.439683 0.336915
0.643283 0.197952
0.221466 0.529402
0.670999 0.180855
0.84745 0.0794326
0.36384 0.396814
0.29439 0.457469
0.659979 0.187611
0.0358838 0.810574
0.184615 0.570332
0.909543 0.0463026
0.77737 0.118314
0.0661986 0.74271
0.476092 0.310014
0.306162 0.446722
0.211195 0.540442
0.617999 0.213871
0.597592 0.227192
0.520536 0.278519
0.357025 0.402494
0.00755291 0.913131
0.466695 0.316863
0.0304412 0.826481
0.570322 0.244804
0.688477 0.17026
0.930515 0.0353697
0.00182777 0.957535
0.0948137 0.692082
0.615083 0.215729
0.298537 0.454603
0.858555 0.0734178
0.542167 0.263708
0.205277 0.547034
0.160344 0.599571
0.463562 0.319154
0.0617378 0.751533
0.580537 0.23811
0.774319 0.120051
0.768069 0.123605
0.193646 0.559951
0.367631 0.393681
0.13286 0.635516
0.113711 0.662792
0.44274 0.334614
0.53173 0.270816
0.0635553 0.747899
0.926303 0.0375539
0.572892 0.243104
0.188364 0.566004
0.829267 0.089679
0.0205 0.856951
0.946823 0.026961
0.070283 0.734891
0.0590172 0.757068
0.151825 0.610353
0.241353 0.508723
0.147941 0.615407
0.0144742 0.879693
0.0343749 0.815497
0.023152 0.847843
0.447693 0.330903
0.0250706 0.841664
0.936246 0.0334736
0.496906 0.295088
0.578275 0.239567
0.0968982 0.688717
0.201278 0.551365
0.726143 0.147862
0.29043 0.461085
0.209631 0.542155
0.359648 0.400299
0.100793 0.68544
0.839681 0.083659
0.331371 0.424352
0.0798643 0.717398
0.40028 0.367328
0.216527 0.534677
0.376055 0.386776
0.0903252 0.69946
0.00563954 0.924986
0.500982 0.2922
0.329045 0.426376
0.00654268 0.919115
0.409837 0.359815
0.656556 0.189742
0.896042 0.05345
0.842609 0.0820711
0.0509277 0.774328
0.015575 0.875202
0.0684418 0.738386
0.091585 0.69737
0.591103 0.231209
0.665862 0.183998
0.684372 0.172772
0.24639 0.503624
0.270737 0.479688
0.81417 0.0976865
0.517122 0.280888
0.915549 0.0433681
0.603816 0.223004
0.254405 0.495731
0.962728 0.0188159
0.492076 0.298525
0.0131009 0.885543
0.0496988 0.777071
0.719956 0.15152
0.190738 0.563266
0.817383 0.0959076
0.125604 0.645866
0.414234 0.356402
0.548752 0.259234
0.546151 0.261015
0.676421 0.177557
0.791647 0.110257
0.852074 0.0769244
0.162031 0.597586
0.713615 0.155243
0.0788991 0.719111
0.789137 0.111667
0.112237 0.665045
0.251164 0.498867
0.0569265 0.76144
0.942202 0.029353
0.124178 0.647629
0.558963 0.252362
0.594019 0.229759
0.602428 0.22385
0.681108 0.174708
0.105536 0.675365
0.480569 0.306771
0.558134 0.252972
0.450042 0.3292
0.525574 0.275046
0.87419 0.0650186
0.00211609 0.953999
0.982418 0.00883295
0.490196 0.299865
0.217119 0.534041
0.168611 0.589395
0.714827 0.154561
0.821488 0.0936814
0.854561 0.0755756
0.95078 0.0249204
0.105796 0.674738
0.643807 0.197624
0.899104 0.0517905
