10 0.0224569
0.104841 3.17422
0 3.67453
0.0252786 3.6053
0.360208 2.59889
0.00240593 3.64843
0.0763392 3.3112
0.0895594 3.27986
0.110272 3.02856
0.321689 2.61591
0.5 2.08172
0.690885 1.99592
0.930574 1.66843
1 1.61489
0.188753 2.92646
0.30797 2.70158
0.0255934 3.47316
0.281205 2.7036
0.31063 2.69695
0.315744 2.64822
0.40916 2.53457
0.432313 2.51625
0.474669 2.17089
0.573903 2.01144
0.817058 1.91056
0.866649 1.67823
0.0295437 3.39614
0.120153 3.01141
0.161601 2.96169
0.22197 2.81146
0.437564 2.43639
0.691065 1.95413
0.781205 1.94561
0.78739 1.91966
0.839476 1.90504
0.862065 1.79359
