176866 70.0011
1.64117e-09 1.32788
0.0991512 0.801003
0.704286 0.24467
0.704286 0.245819
0.704284 0.248059
0.349381 0.508581
0.704293 0.244458
0.788917 0.190778
0.788909 0.192516
0.788888 0.197223
2.39224e-07 1.14061
0.344702 0.52514
8.28054e-10 1.73367
0.0345697 0.936083
0.287223 0.562105
0.198979 0.663428
0.711276 0.235365
0.71127 0.238921
0.0865968 0.817313
0.0345464 0.936566
0.406502 0.456444
0.086593 0.821106
0.0865921 0.822788
0.406511 0.4511
0.0865881 0.826936
0.086604 0.816478
3.41727e-06 1.11743
0.891626 0.122056
0.420539 0.435973
0.796504 0.18727
0.0140809 0.992446
0.980345 0.0754923
4.13095e-09 1.18563
0.913199 0.117966
0.147649 0.71538
0.721642 0.22333
0.10295 0.785208
0.418298 0.441847
0.57126 0.318622
0.887295 0.127021
0.7167 0.233175
7.8477e-06 1.11421
0.0875446 0.804475
3.00043e-07 1.1277
0.800347 0.172761
0.53615 0.336358
1.81174e-06 1.12291
0.536141 0.341151
5.90791e-06 1.11694
0.199526 0.663336
0.282225 0.563045
1.30155e-08 1.15509
0.0647491 0.848961
0.17501 0.670795
0.348279 0.509666
0.08755 0.801694
0.869796 0.136996
0.0247383 0.948269
0.636333 0.264414
0.0247063 0.949055
0.948832 0.085173
0.636324 0.264584
0.853013 0.144664
0.85301 0.15183
0.0225177 0.978773
0.1566 0.673247
0.110893 0.748106
0.0545235 0.875922
0.0545235 0.855363
0.980375 0.0750323
0.250547 0.577946
0.636312 0.279
0.636321 0.276172
9.26343e-06 1.10392
0.308223 0.528604
0.743185 0.201494
0.308227 0.525619
0.605709 0.28612
0.0545129 0.883062
0.298417 0.533554
0.235354 0.613279
0.437664 0.394127
0.213092 0.613449
1.03215e-06 1.12585
0.041812 0.894545
0.359436 0.45868
0.208046 0.615931
0.298416 0.54589
0.0418176 0.885746
0.298408 0.559113
0.298423 0.532814
0.0834538 0.830889
0.48907 0.356993
0.473364 0.371273
0.645233 0.251194
0.802961 0.151962
0.5846 0.302906
0.298412 0.552763
0.928459 0.0881541
0.00638951 0.99762
0.105248 0.772562
0.733986 0.203555
