140956 510.1
0.999972 0.000299835
3.37227e-10 1.00142
0.775382 0.14521
0.709821 0.158439
0.818413 0.108198
0.615734 0.216101
0.686252 0.172486
0.658122 0.189463
0.94215 0.0305871
0.640939 0.200062
0.910414 0.0478474
0.586169 0.235518
0.840347 0.094261
0.988877 0.00627022
0.960399 0.021339
0.528994 0.27355
0.504634 0.290561
0.881631 0.0730481
0.895522 0.060222
0.864927 0.0769923
0.851924 0.0860628
0.449588 0.330133
0.533333 0.270515
0.959456 0.0263156
0.439219 0.340034
0.545846 0.262055
0.427352 0.353789
0.565874 0.253398
0.572724 0.244323
0.857115 0.0813233
0.903262 0.0516686
0.416954 0.355009
0.549618 0.260453
0.149408 0.614432
0.454687 0.326228
0.429705 0.345132
0.501123 0.293159
0.556847 0.255442
0.902436 0.0583736
0.154634 0.607979
0.335192 0.421699
0.470844 0.314421
0.0422729 0.795254
0.0643248 0.747139
0.227233 0.524065
0.495334 0.298058
0.134849 0.633662
0.00376024 0.939425
0.178008 0.578894
0.239446 0.51126
0.352448 0.406998
0.393587 0.373352
0.143945 0.62142
0.248955 0.501787
0.306268 0.447341
0.163498 0.596496
0.242837 0.507961
0.207373 0.545275
0.0442328 0.790431
0.258003 0.492724
0.00454675 0.933627
0.236253 0.514547
0.201706 0.551612
0.00308993 0.945449
0.112335 0.665586
0.00118766 0.966533
0.00039481 0.981012
0.13116 0.638563
0.348853 0.410078
0.581685 0.238483
0.129535 0.640883
0.374555 0.388609
0.146786 0.61756
0.459686 0.322878
0.389919 0.376078
0.0620223 0.751718
0.993012 0.00413195
0.261166 0.489575
0.0514775 0.773984
0.474718 0.312018
0.270582 0.480572
0.267143 0.483825
0.386626 0.378818
0.245818 0.504816
0.230985 0.520163
0.355871 0.403975
0.114668 0.662175
0.282366 0.469351
0.0402522 0.800232
0.0326375 0.820229
0.0534204 0.76975
0.049564 0.778269
0.0770208 0.723284
0.204515 0.548538
0.406138 0.363418
0.331669 0.4248
0.285739 0.46618
0.38316 0.381627
0.0910271 0.699101
0.397198 0.370287
0.309716 0.444128
0.0932471 0.695517
0.22444 0.527065
0.264248 0.486586
0.276304 0.474981
0.279499 0.472102
0.17523 0.582134
0.0308888 0.825115
0.126088 0.645971
0.252301 0.498386
0.046057 0.786258
0.0887584 0.702874
0.365214 0.396336
0.0602131 0.755457
0.0845768 0.709998
0.0792255 0.719351
0.00250931 0.950824
0.0477635 0.782309
0.302975 0.450286
0.00165291 0.960131
0.0153771 0.876877
0.0295667 0.828831
0.254758 0.495935
0.109599 0.669736
0.273384 0.477706
0.0866662 0.706387
0.141232 0.62498
0.103767 0.6786
0.359056 0.401426
0.362057 0.398899
0.198561 0.555243
0.0973774 0.68878
0.328798 0.427293
0.0219182 0.852826
0.370635 0.391726
0.559468 0.253567
0.00676713 0.918658
0.317202 0.437513
0.320582 0.434564
0.0175482 0.868476
0.166207 0.592997
0.000184512 0.987423
0.181287 0.575006
0.0280035 0.833622
0.0268611 0.837056
0.160524 0.600181
0.233201 0.517742
0.0955025 0.69179
0.071156 0.734148
0.00834266 0.909574
0.0733232 0.729961
0.997392 0.0023848
0.325661 0.429998
0.221534 0.530098
0.0998064 0.684881
0.210543 0.541759
0.0581646 0.759496
0.0076057 0.913708
0.401993 0.366646
0.120734 0.65341
0.0143575 0.881061
0.0166737 0.871928
0.462225 0.321325
0.194026 0.560284
0.0253049 0.841834
0.0749222 0.727081
0.0552494 0.765712
0.139127 0.627888
0.0204967 0.857718
0.413491 0.357678
0.0230349 0.849086
0.105979 0.675342
0.101573 0.682213
0.295949 0.456745
0.00989062 0.901431
0.158575 0.602477
0.00203275 0.9559
0.172682 0.585252
0.380047 0.38412
0.288523 0.463576
0.136862 0.630933
0.0695546 0.737043
0.368434 0.393641
0.0110101 0.896058
0.0133502 0.885434
0.37751 0.386132
0.187477 0.56768
1.66361e-05 0.996823
0.33939 0.418174
0.034098 0.816221
0.0665508 0.74268
0.576391 0.241821
0.345677 0.412756
0.168326 0.590363
0.185148 0.570456
0.0189765 0.863211
0.0092963 0.904557
0.00603421 0.923177
0.122599 0.650668
0.323077 0.432365
0.34357 0.414545
0.000650858 0.97534
0.196422 0.557572
8.59293e-05 0.991666
0.478186 0.309401
0.0243166 0.844919
0.29323 0.459191
0.21914 0.532552
0.170655 0.587719
0.156008 0.605858
0.0124724 0.889175
0.312465 0.441726
0.000843693 0.971872
0.216904 0.534967
0.488228 0.302339
0.0824332 0.713768
0.107817 0.672386
0.0567254 0.762689
0.0388184 0.803903
0.466728 0.317927
0.214724 0.537376
0.290976 0.461282
0.19152 0.563158
0.0352932 0.813071
0.314715 0.439733
0.408713 0.361375
0.480266 0.308044
0.117497 0.65857
0.0812146 0.715869
0.490171 0.300979
0.0365348 0.809686
0.434474 0.341399
0.0676606 0.740697
0.57856 0.240391
0.189713 0.565057
0.212536 0.539699
0.433366 0.342841
0.41107 0.359438
0.40023 0.368159
0.300136 0.4527
0.183036 0.572966
0.118205 0.656906
0.0116053 0.89312
0.48486 0.304903
0.2985 0.454225
0.124665 0.647679
0.493061 0.298475
0.0377182 0.806815
0.465806 0.318482
0.34048 0.417166
