208603 370.038
0.999762 0.00487179
2.78107e-07 1.07093
2.85548e-07 1.02407
0.823603 0.0982199
0.839506 0.0902548
0.347579 0.419989
0.626042 0.216016
0.0183401 0.883554
0.788812 0.12012
0.360994 0.412971
0.0985381 0.699525
0.616372 0.222082
0.475749 0.320934
0.937161 0.0413538
0.00310713 0.953547
0.00495101 0.940232
0.911501 0.0524007
0.947296 0.0332127
0.519554 0.286886
0.104268 0.689126
0.7514 0.141377
0.426882 0.354076
0.37445 0.396386
0.495908 0.303151
0.0142533 0.896021
0.801457 0.116857
0.384845 0.386601
0.487623 0.310374
0.633346 0.214167
2.68478e-06 1.01289
0.17931 0.589149
0.035014 0.829789
0.535977 0.275162
0.708837 0.164144
0.380743 0.393648
0.847447 0.0863105
0.129096 0.650892
0.184133 0.583114
0.00958535 0.916164
0.58071 0.2464
0.857252 0.0810582
0.0381796 0.819877
0.758479 0.137675
0.71885 0.158215
0.0113944 0.90733
0.27716 0.483607
0.367513 0.402209
0.00276566 0.962295
0.921659 0.0483313
0.340845 0.422621
0.133588 0.646119
0.119057 0.667431
0.408906 0.373292
0.925107 0.0448701
0.571173 0.254096
0.940826 0.0371073
0.021428 0.864034
0.74335 0.144386
0.874853 0.0744593
0.52867 0.282289
0.884941 0.067202
0.0806338 0.733011
0.251012 0.507608
0.611234 0.225234
0.0528972 0.782576
0.145416 0.631704
0.280872 0.47783
0.452534 0.334135
0.878965 0.069873
0.89146 0.0645895
0.542327 0.271551
0.603193 0.233929
0.216953 0.545087
0.574004 0.249998
0.137623 0.640687
0.551176 0.265006
0.483452 0.314289
0.977068 0.0200468
0.221187 0.539353
0.0317284 0.834085
0.000501388 0.990369
0.197951 0.563868
0.818679 0.103185
0.905707 0.0549047
0.049497 0.791037
0.187339 0.577137
0.141178 0.636367
0.605246 0.228501
0.161457 0.608775
0.0884374 0.714948
0.265482 0.494779
0.237171 0.52453
0.459316 0.332664
0.330832 0.433127
0.0826667 0.725298
0.241433 0.520025
0.194707 0.568443
0.714934 0.163035
0.228491 0.531131
0.435353 0.352896
0.153468 0.61533
0.190428 0.572527
0.0846515 0.720486
0.515 0.290777
0.90071 0.058199
0.0250879 0.858085
0.448352 0.338988
0.309826 0.454442
0.317232 0.447637
0.411737 0.367697
0.555846 0.260547
0.0296606 0.841666
0.210045 0.553161
0.895642 0.0606158
0.000904342 0.98362
0.0470412 0.793636
0.124614 0.66141
0.595015 0.23555
0.224512 0.535535
0.00838075 0.924481
0.771032 0.128998
0.546797 0.268731
0.56243 0.256711
0.231373 0.526249
0.733188 0.151071
0.813895 0.105199
0.0627083 0.760138
0.445514 0.343006
0.420739 0.360092
0.962135 0.0260778
0.254975 0.502905
0.0576568 0.773761
0.695526 0.174176
0.323903 0.446111
0.646005 0.205496
0.214091 0.549709
0.649263 0.200463
0.0423079 0.809741
0.392969 0.384835
0.125842 0.658475
0.639814 0.209283
0.201958 0.558838
0.289695 0.472348
0.157963 0.613674
0.702112 0.170248
0.663062 0.194123
0.9958 0.00823714
0.464617 0.330139
0.27117 0.486927
0.957186 0.0313885
0.245854 0.511526
0.586301 0.242863
0.531445 0.280955
0.678118 0.183203
0.285607 0.47445
0.394384 0.381467
0.0262021 0.852693
0.867082 0.0758232
0.692428 0.177352
0.0279628 0.846364
0.31288 0.450687
0.0655964 0.754886
0.0386404 0.813774
0.0763496 0.736983
0.304924 0.45854
0.0122753 0.899364
0.440966 0.346858
0.204911 0.556184
0.970621 0.0222945
0.00182058 0.97153
0.468406 0.322815
0.657975 0.195873
0.776203 0.127098
0.810493 0.110231
0.269743 0.490664
0.0211851 0.872862
0.0535092 0.777077
0.296278 0.466663
0.651958 0.196415
0.676301 0.187323
0.165025 0.603946
0.0461108 0.803628
0.783858 0.123668
0.0196162 0.876012
0.400691 0.375094
0.338124 0.429234
0.0735564 0.739974
0.173599 0.592978
0.115772 0.671263
0.167804 0.601768
0.765956 0.132169
0.725718 0.154847
0.0674923 0.750549
0.764292 0.135336
0.365395 0.406135
0.990489 0.00998457
0.327508 0.438891
0.0900954 0.709073
0.503441 0.298917
0.243913 0.514989
0.511207 0.294471
0.66773 0.191259
0.148768 0.626293
0.398332 0.375715
0.000286552 1.00049
0.669855 0.188247
0.00176807 0.975501
0.00650563 0.93358
0.987404 0.0127324
0.967748 0.0243992
0.68525 0.181958
0.0942545 0.703755
0.509539 0.298162
0.293452 0.467722
0.000174124 1.0031
0.105678 0.684275
0.261079 0.498495
0.106765 0.679144
0.84506 0.0887384
0.501232 0.302567
0.685435 0.178189
0.299889 0.460698
0.44084 0.352361
0.151143 0.622969
0.727422 0.153835
0.334848 0.429897
0.780827 0.125367
0.0591334 0.767411
0.362631 0.410481
0.86505 0.0787847
0.982665 0.0174494
0.467584 0.326486
0.171253 0.597016
0.110192 0.676517
0.114199 0.675848
0.592118 0.238261
0.00809567 0.930575
0.0617986 0.766611
0.325972 0.441387
0.701665 0.171552
0.26015 0.501685
0.805868 0.110699
0.803575 0.113745
0.562107 0.260361
0.589779 0.24113
0.739943 0.14788
0.861103 0.0809645
0.957621 0.0292703
0.738604 0.149973
0.641923 0.208084
