273465 540.064
1 2.22045e-16
0 1
0 1
0.152446 0.609575
0.234642 0.515602
0.117261 0.65757
0.194542 0.558931
0.690349 0.169296
0.351606 0.407064
0.145003 0.619259
0.0335294 0.823984
0.596658 0.227878
0.0688531 0.737601
0.186788 0.56781
0.101212 0.681866
0.480425 0.306873
0.226236 0.524357
0.342534 0.414764
0.0398929 0.80035
0.121842 0.650942
0.0733781 0.729116
0.666859 0.183386
0.959373 0.0207026
0.968351 0.0159517
0.473541 0.311857
0.587925 0.233238
0.359882 0.400098
0.649759 0.194228
0.984923 0.00774271
0.978537 0.0107926
0.732074 0.144388
0.0608624 0.753299
0.425058 0.348065
0.556761 0.253837
0.00230501 0.951997
0.660367 0.18738
0.156652 0.604212
0.323473 0.431297
0.165535 0.593141
0.0822897 0.713146
0.945167 0.0278192
0.698989 0.163945
0.56138 0.250748
0.655787 0.190194
0.391444 0.374345
0.419527 0.352298
0.543798 0.262574
0.567253 0.246838
0.67292 0.179688
0.0967946 0.688891
0.621641 0.211558
0.745529 0.13656
0.0231188 0.848956
0.211225 0.540408
0.799733 0.105725
0.571708 0.243889
0.374954 0.387665
0.125638 0.645546
0.346229 0.411592
0.0350196 0.812882
5.63928e-05 0.992491
0.872428 0.0659614
0.387377 0.377604
0.0115393 0.892579
0.626204 0.20867
0.817906 0.0956184
0.846987 0.079681
0.204363 0.547934
0.368223 0.393251
0.724247 0.148974
0.9243 0.0386087
0.781994 0.115697
0.271653 0.478799
0.436898 0.339026
0.111353 0.666331
0.17999 0.575762
0.82252 0.0930711
0.0528548 0.770099
0.248665 0.501364
0.00491907 0.931034
0.904834 0.0487721
0.755581 0.130759
0.751667 0.133013
0.469017 0.315164
0.898189 0.0522721
0.447449 0.331084
0.761752 0.127238
0.404611 0.364505
0.300212 0.452084
0.0649996 0.747293
0.000813135 0.972831
0.012964 0.887074
0.12881 0.6411
0.335027 0.421189
0.28592 0.465288
0.852911 0.0764688
0.244281 0.505752
0.972322 0.0139377
0.933676 0.0337603
0.0292458 0.828986
0.828228 0.0899297
0.458135 0.323349
0.221393 0.529476
0.362137 0.398223
0.917927 0.0420865
0.079085 0.71878
0.0208626 0.855561
0.177339 0.578883
0.952189 0.0242272
0.740857 0.139324
0.786444 0.113183
0.677869 0.177231
0.584588 0.235418
0.295819 0.456108
0.276195 0.474458
0.0168832 0.870066
0.643927 0.197592
0.000269695 0.983599
0.60537 0.221945
0.184702 0.570233
0.00316524 0.943769
0.0247916 0.842551
0.842289 0.0822442
0.530359 0.271743
0.497345 0.294773
0.26794 0.482371
0.600963 0.224783
0.106949 0.67297
0.105 0.675964
0.908584 0.0468035
0.207484 0.544496
0.0488567 0.779666
0.539479 0.265508
0.80568 0.102404
0.526131 0.274651
0.87931 0.0622854
0.0451973 0.787436
0.88825 0.0575297
0.307494 0.445479
0.718239 0.153416
0.914397 0.0438808
0.142266 0.622821
0.0922765 0.696232
0.811892 0.0989494
0.30395 0.448684
0.00578222 0.92396
0.735997 0.142097
0.397001 0.36992
0.709478 0.157696
0.328303 0.427031
0.881765 0.0609768
0.415321 0.355546
0.00731529 0.914473
0.609958 0.219006
0.318881 0.435306
0.0509868 0.774901
0.066063 0.742994
0.407826 0.361388
0.133788 0.63423
0.769982 0.122514
0.412037 0.358439
0.16955 0.588235
0.0100043 0.900726
0.631828 0.205153
0.058328 0.759215
0.0363039 0.809485
0.704343 0.160783
0.380337 0.383285
0.0144055 0.88003
0.262065 0.488077
0.791621 0.11027
0.615942 0.215532
0.712951 0.155639
0.399113 0.368246
0.765513 0.125076
0.240696 0.512618
0.464861 0.319023
0.501963 0.291506
0.00860748 0.907225
0.282259 0.46872
0.683225 0.173426
0.173078 0.583973
0.382223 0.381759
0.794829 0.108468
0.634382 0.203578
0.29065 0.461733
0.776108 0.11903
0.0153704 0.876321
0.515317 0.282204
0.431537 0.343085
0.99118 0.00443612
0.371421 0.3912
0.51132 0.284934
0.00134725 0.963458
0.83264 0.0879291
0.137793 0.62881
0.868456 0.0680902
0.316262 0.437663
0.0264031 0.83751
0.216988 0.534181
0.215602 0.535692
0.199706 0.553115
0.442522 0.334783
0.094618 0.6924
0.578832 0.23919
0.132349 0.636857
0.577427 0.240114
0.0183928 0.864382
0.486923 0.302201
0.279336 0.471478
0.161652 0.597941
0.550769 0.258071
0.264201 0.485996
0.257562 0.492498
0.0561583 0.764183
0.550128 0.258957
0.429871 0.344355
0.0480033 0.786296
0.252199 0.497806
0.452814 0.327085
0.0277363 0.833458
0.000481857 0.978049
0.160282 0.599652
0.485764 0.303053
0.330766 0.424877
0.492638 0.298118
0.461581 0.320603
0.110803 0.667129
0.0065905 0.918818
0.198744 0.554193
0.519046 0.280289
0.894551 0.0541929
0.292386 0.459272
0.955149 0.0226829
0.938878 0.0310454
0.995565 0.00222021
0.138972 0.62721
0.0421363 0.794736
0.241009 0.509074
0.722185 0.150723
0.0855256 0.707656
0.086072 0.70662
0.00159033 0.960122
0.224359 0.526335
0.440684 0.336188
0.639568 0.20027
0.809252 0.100873
0.891167 0.0561658
0.774038 0.120206
0.94059 0.0301603
