37460 120.024
0.999965 0.00431892
1.26543e-08 1.014
0.185607 0.579163
0.199036 0.56114
0.0598132 0.763764
0.0689122 0.746597
0.63209 0.211732
0.643943 0.203465
0.13344 0.643838
0.141745 0.634855
0.17134 0.593932
0.899833 0.0567488
0.368663 0.403539
0.164345 0.60339
0.932908 0.041052
0.769365 0.128683
0.891901 0.0630363
0.941937 0.0354498
0.845139 0.0879212
0.906709 0.0533096
0.0328428 0.828191
0.824515 0.0970285
0.914926 0.0496971
0.0252933 0.852415
0.798416 0.110861
0.0985564 0.694694
0.955198 0.0285013
0.000129406 1.00202
0.816788 0.10179
0.0150657 0.890631
0.8528 0.0824396
0.946942 0.0323238
0.120191 0.661389
0.988373 0.0128292
0.0369856 0.821444
0.399984 0.37427
0.0943223 0.70353
0.0179248 0.878719
0.385082 0.386693
0.00166774 0.971459
0.759945 0.134373
0.807829 0.106939
0.421506 0.357105
0.349058 0.415996
0.878645 0.068601
0.0229085 0.859652
0.0206491 0.867004
0.109589 0.679243
0.884733 0.0647473
0.405196 0.370603
0.683377 0.181746
0.527756 0.278757
0.548873 0.264617
0.105321 0.683636
0.427373 0.352257
0.179509 0.581943
0.775254 0.126234
0.467083 0.324243
0.115485 0.668314
0.358022 0.40962
0.830146 0.093941
0.0296716 0.835653
0.102481 0.690588
0.920299 0.0458054
0.00795739 0.923673
0.000893561 0.985047
0.0542052 0.775381
0.615072 0.222316
0.000287408 0.993508
0.31126 0.449956
0.298611 0.461277
0.926884 0.0439055
0.0570745 0.769626
0.744114 0.144629
0.965351 0.0224469
0.241412 0.518449
0.0523065 0.782648
0.00884544 0.916644
0.375775 0.393899
0.113118 0.672534
0.370701 0.397815
0.62654 0.21471
0.657771 0.195749
0.379837 0.389985
0.287499 0.471018
0.394652 0.379977
0.390454 0.381068
0.960478 0.0249173
0.14514 0.629491
0.124619 0.657221
0.00702115 0.932663
0.00595466 0.93781
0.232882 0.525196
0.416126 0.360469
0.737691 0.146276
0.225467 0.533266
0.781139 0.122094
0.0795869 0.728708
0.60842 0.226954
0.072318 0.743265
0.304286 0.457881
0.471692 0.32043
0.333336 0.429325
0.441567 0.340807
0.213841 0.54627
0.344886 0.421128
0.993408 0.00802685
0.0422953 0.804781
0.701204 0.168633
0.236015 0.521616
0.562217 0.255995
0.535558 0.274746
0.520833 0.285229
0.220966 0.540378
0.283758 0.477474
0.790364 0.117257
0.438925 0.348249
0.67784 0.185008
0.306695 0.453801
0.0863901 0.7164
0.00259062 0.95838
0.733793 0.150094
0.0101643 0.908824
0.460817 0.32779
0.294565 0.465616
0.129505 0.649025
0.582749 0.24463
0.504803 0.295585
0.0115138 0.904526
0.515306 0.288217
0.794668 0.11483
0.557799 0.261141
0.0186525 0.874367
0.586807 0.24184
0.00155321 0.976933
0.355161 0.412169
0.811412 0.104408
0.785118 0.120365
0.593199 0.236002
0.161339 0.608285
0.0903547 0.711204
0.409542 0.365189
0.00448539 0.94618
0.453477 0.334609
0.0279874 0.843559
0.317485 0.446986
0.870456 0.0737027
0.724991 0.154467
0.34024 0.425482
0.672951 0.186207
0.147888 0.62477
0.863564 0.0765034
0.688662 0.177223
0.523852 0.281587
0.082425 0.724255
0.0741375 0.736225
0.714347 0.161469
0.327034 0.435624
0.650814 0.199093
0.871851 0.0710696
0.245544 0.514007
0.578008 0.247613
0.255439 0.504063
0.728133 0.151454
0.00435637 0.950151
0.267213 0.494945
0.127115 0.652114
0.569475 0.251859
0.217831 0.540751
0.0379476 0.813297
0.075983 0.733524
0.489833 0.308832
0.857226 0.0796968
0.150368 0.621137
0.0397979 0.811237
0.5743 0.249395
0.157203 0.610284
0.448208 0.336513
0.980845 0.0154795
0.211134 0.549547
0.331707 0.432459
0.291784 0.469053
0.553358 0.261563
0.605307 0.228187
0.273279 0.483724
0.207382 0.552467
0.590137 0.237703
0.537596 0.273399
0.325926 0.440017
0.500131 0.299136
0.475589 0.317215
0.0457902 0.798485
0.599879 0.233391
0.706394 0.165252
0.509415 0.293927
0.837761 0.0899304
0.69756 0.171704
0.277413 0.481841
0.0845196 0.720244
0.708193 0.163697
0.0471951 0.791249
0.0131854 0.897312
0.837312 0.0919716
0.478377 0.315145
0.0912208 0.707176
0.513569 0.292458
0.542042 0.268667
0.979226 0.0163165
0.566499 0.254612
0.203348 0.558292
0.668547 0.189284
0.413019 0.364496
0.228609 0.530178
0.648292 0.19956
0.481707 0.311707
0.972114 0.01942
0.153072 0.617065
0.48422 0.309853
0.26867 0.489426
0.445549 0.339368
0.754622 0.138779
0.155713 0.615436
0.319689 0.440301
0.69391 0.173161
0.749386 0.140821
0.279333 0.477967
0.499027 0.301798
0.261799 0.495637
0.600756 0.231625
0.253099 0.507176
0.177143 0.590197
0.620868 0.217059
0.432154 0.34935
0.177183 0.589159
0.0496706 0.787976
0.270475 0.487234
0.997727 0.006736
0.972693 0.0187207
0.259027 0.499876
0.661051 0.192788
0.720124 0.157057
0.00292617 0.957827
0.494343 0.304064
0.204275 0.554976
0.0440947 0.80014
0.75738 0.13617
0.249703 0.508944
0.0289311 0.842216
0.860807 0.0775456
0.456158 0.330666
