163474 110.004
1.38608e-09 1.76019
0.181558 0.714244
0.434722 0.440096
0.486519 0.40824
0.593063 0.325411
0.0702741 0.865107
0.947012 0.108891
0.0211136 0.995578
3.23786e-09 1.15916
0.853 0.159434
0.937198 0.112646
0.0210927 1.00705
0.0210985 0.995616
0.426747 0.450472
0.426749 0.448965
0.553064 0.348005
0.0136912 1.02331
0.553059 0.353798
0.669444 0.268778
0.002264 1.09546
0.540831 0.355454
0.0877525 0.829748
0.974455 0.0865864
0.950016 0.099839
0.08775 0.857349
0.736883 0.236488
0.0635694 0.86951
0.00832233 1.05103
0.426745 0.452392
0.42675 0.44322
0.0083281 1.04353
0.00831709 1.08835
0.658753 0.273002
0.865251 0.152039
0.18349 0.66639
0.0326121 0.98195
0.287544 0.557634
0.18347 0.69645
0.567163 0.333489
0.954845 0.0867994
0.0806189 0.863747
0.601565 0.304729
0.504361 0.364232
0.833429 0.193653
0.335739 0.509338
0.504344 0.382961
0.437565 0.419461
0.833445 0.164666
0.0526789 0.877056
0.33573 0.523451
0.601562 0.314512
0.0559588 0.872702
0.833433 0.176425
0.269977 0.565198
0.601571 0.2924
0.979757 0.0838491
0.04489 0.895605
0.101101 0.767537
0.634153 0.274386
0.743049 0.194537
0.467294 0.416104
0.133691 0.72162
0.133688 0.742427
0.359538 0.491704
1.4777e-09 1.35705
0.239194 0.593903
0.501949 0.387609
0.88287 0.117825
0.634128 0.280414
0.239198 0.591621
0.437554 0.419758
0.437541 0.424837
0.090402 0.790336
0.121957 0.750924
0.380818 0.453167
0.875314 0.125647
0.090394 0.800861
0.504352 0.373379
0.0348055 0.919184
0.67123 0.239475
0.298124 0.530042
0.213902 0.619815
0.870037 0.127922
0.191425 0.641513
3.13984e-07 1.10343
0.261759 0.575293
0.359524 0.498669
4.45387e-06 1.10128
