155889 140.005
1 1.89317e-07
2.12512e-16 1.04715
2.6306e-14 1.02481
0.309986 0.443239
0.319308 0.434926
0.691569 0.169682
1.12676e-10 1.00484
0.680029 0.175361
0.508363 0.287007
0.129104 0.641357
0.305133 0.449737
0.596185 0.227885
0.653191 0.191845
0.519137 0.280406
0.413278 0.357133
1.34279e-14 1.03951
0.480246 0.307002
0.620374 0.215405
0.553302 0.259082
0.00621348 0.921806
0.590028 0.23187
0.625954 0.210099
0.811985 0.098907
0.544451 0.262135
0.192419 0.561817
0.732367 0.144224
0.4612 0.32094
0.569718 0.245214
0.47339 0.31335
0.468654 0.315429
0.0366401 0.808584
0.847664 0.07973
0.0634555 0.750311
0.19826 0.55707
0.12423 0.647739
0.00459385 0.933906
0.40987 0.363969
0.419924 0.351988
0.117084 0.658432
0.645378 0.196652
0.493256 0.297807
0.297809 0.455
0.612167 0.217592
0.763686 0.126109
0.202167 0.552081
0.000476307 0.97848
0.142845 0.622076
0.738964 0.140371
0.820056 0.0968571
0.0160037 0.873497
0.726442 0.148218
0.756947 0.130958
0.402538 0.365557
0.256526 0.494597
0.668927 0.182123
0.499992 0.292902
0.0011282 0.968584
0.53994 0.266311
0.576941 0.241273
0.78528 0.114849
0.0490391 0.785451
0.10172 0.681065
0.631275 0.205474
0.675789 0.178817
0.604811 0.223279
0.0398423 0.801036
0.533578 0.269568
0.120837 0.652533
0.206802 0.546693
0.919564 0.0410662
0.864795 0.0703957
0.00333623 0.946323
0.105355 0.675608
0.0593966 0.75714
0.044098 0.790005
0.855463 0.0767483
0.0831036 0.714802
0.925399 0.0380272
0.805763 0.103119
0.286538 0.464782
0.659946 0.187907
0.26158 0.488555
0.269732 0.480648
0.146726 0.616956
0.379646 0.38385
0.344815 0.412795
0.0656614 0.743755
0.37438 0.388591
0.324782 0.430841
0.361539 0.398719
0.0981951 0.68664
0.437761 0.338365
0.696296 0.165561
0.281388 0.46954
0.79535 0.108179
0.79024 0.111177
0.778539 0.117655
0.908683 0.046752
0.172278 0.585193
0.824895 0.0932576
0.931322 0.0355638
0.913865 0.0440404
0.892312 0.0553788
0.636226 0.202363
0.139054 0.628197
0.424078 0.348787
0.829424 0.0895539
0.0108331 0.897837
0.336929 0.419544
0.0259724 0.83884
0.0720779 0.734311
0.870106 0.0672077
0.222602 0.528562
0.0289738 0.833938
0.176411 0.581412
0.701359 0.162582
0.898673 0.0525553
0.0305249 0.826776
0.134563 0.633659
0.768915 0.124163
0.0359236 0.817186
0.774016 0.120244
0.356514 0.40358
0.0141372 0.882253
0.266222 0.487003
0.450725 0.329846
0.942466 0.0313037
0.0504783 0.778045
0.152325 0.614365
0.902941 0.0497686
0.331231 0.424476
0.0222112 0.850985
0.00204054 0.955201
0.366862 0.396958
0.429269 0.344814
0.370225 0.391542
0.712953 0.158807
0.0690489 0.738575
0.113662 0.664618
0.273525 0.477004
0.859505 0.0741954
0.88758 0.0579707
0.238091 0.513331
0.0744665 0.727387
0.975798 0.0129999
0.0238735 0.84549
0.397225 0.369743
0.960733 0.0201983
0.800874 0.105085
0.721981 0.152454
0.946795 0.0269737
0.054115 0.767466
0.93631 0.0323717
0.706477 0.15948
0.168164 0.589922
0.585285 0.238024
0.751922 0.132877
0.0574537 0.761997
0.71636 0.15362
0.228567 0.524926
0.565522 0.249949
0.280173 0.475454
0.234626 0.517654
0.252785 0.498334
0.991012 0.0055469
0.0421966 0.796222
0.0211682 0.858936
0.433208 0.342099
0.154706 0.609006
0.641424 0.199114
0.558493 0.25504
0.485118 0.303525
0.985258 0.00806878
0.216072 0.535207
0.0324475 0.820844
0.249537 0.502879
0.664928 0.186383
0.242132 0.509422
0.000182532 0.986881
0.349838 0.409445
0.290951 0.46177
0.340858 0.417648
0.966509 0.016888
0.0848966 0.708631
0.0785527 0.719916
0.99485 0.00258167
0.875826 0.0651017
0.0072297 0.914982
0.182768 0.573351
0.0966217 0.693141
0.980487 0.00980448
0.841745 0.0825926
0.951586 0.024904
0.179932 0.576404
0.503941 0.290112
0.053026 0.773295
0.00154725 0.960723
0.245251 0.505658
0.956235 0.0221308
0.489656 0.301572
0.0926786 0.695704
0.0901284 0.700528
0.834617 0.086484
0.294806 0.45841
0.00922475 0.904484
0.45899 0.326127
0.0037743 0.938951
0.0177193 0.866886
0.230766 0.521309
0.970131 0.0150478
0.0874348 0.704353
0.219282 0.532035
0.607724 0.221587
0.528799 0.272824
0.384291 0.381346
0.162624 0.596969
0.108956 0.670612
0.21198 0.539638
0.0121348 0.890593
0.445087 0.334419
0.328515 0.427016
0.3958 0.374583
0.157197 0.604139
0.354414 0.407796
0.159324 0.600858
0.390798 0.376035
0.16514 0.593627
0.188466 0.567789
0.747306 0.136721
0.882097 0.0608011
0.522667 0.278369
0.0082794 0.909108
0.210186 0.542321
0.560502 0.251336
7.39578e-05 0.993147
0.744549 0.137806
0.455521 0.328934
0.386833 0.378042
0.580823 0.238096
0.526127 0.275121
7.943e-07 0.999114
0.0772927 0.723684
0.443441 0.335405
0.0198466 0.86386
0.186652 0.568585
0.838105 0.0845192
0.11048 0.667659
0.882039 0.0648167
0.0136661 0.887574
0.136912 0.632826
