70388 230.041
0.99985 0.0037786
5.67242e-08 1.01855
0.833019 0.0950503
0.819876 0.101294
0.168028 0.602223
0.110951 0.678708
0.788551 0.118295
0.0395134 0.809924
0.521857 0.285867
0.175546 0.591096
0.799775 0.111846
0.510836 0.291153
0.103729 0.687325
0.965774 0.0218406
0.0443683 0.799696
0.209653 0.550583
0.849608 0.0849385
0.979026 0.0206006
0.217198 0.542288
0.941863 0.0342175
0.321005 0.443015
0.232892 0.527037
0.885147 0.0665535
0.742551 0.143591
0.900348 0.0563866
0.225597 0.532767
0.185089 0.586064
0.910413 0.0527796
0.0740716 0.740483
0.253999 0.50445
0.0370419 0.817933
0.989034 0.0114102
0.118816 0.667237
0.469184 0.320689
0.952092 0.0302521
0.660144 0.194077
0.463638 0.327607
0.113408 0.670926
0.195609 0.565617
0.388164 0.383983
0.982305 0.0156218
0.0818008 0.723874
0.877543 0.0698182
0.248756 0.51204
0.187891 0.575523
0.122261 0.660031
0.150901 0.627273
0.734218 0.149201
0.995003 0.0083915
3.55938e-05 1.01029
0.526366 0.281294
0.543327 0.272347
0.856981 0.0787014
0.498553 0.301704
0.532515 0.278293
0.0169589 0.878196
0.192264 0.574276
0.0961136 0.697123
0.0529878 0.782474
0.838883 0.0907514
0.491701 0.306294
0.100815 0.692354
0.0624366 0.760978
0.312398 0.449689
0.28722 0.472341
0.347319 0.421076
0.16244 0.605663
0.644341 0.206001
0.370597 0.400668
0.959366 0.0244021
0.537566 0.274738
0.399322 0.374906
0.630865 0.21254
0.0583249 0.766733
0.843872 0.088466
0.00315757 0.958448
0.507664 0.296094
0.0694925 0.745391
0.36412 0.402929
0.238231 0.523261
0.0864762 0.719091
0.000123245 1.00014
0.341304 0.423958
0.0286325 0.83834
0.0138884 0.89426
0.027351 0.846999
0.350688 0.416119
0.669928 0.190222
0.00904918 0.911891
0.199429 0.562171
0.00209356 0.965214
0.159674 0.610953
0.483662 0.31243
0.726192 0.153473
0.0234659 0.857594
0.239594 0.517565
0.275237 0.482727
0.647737 0.200307
0.000440462 0.994525
0.124562 0.654003
0.404873 0.370886
0.0362211 0.826791
0.308385 0.454945
0.00692668 0.928117
0.0932228 0.702385
0.759305 0.134608
0.360271 0.406494
0.00607285 0.935009
0.271809 0.487069
0.13557 0.64428
0.501581 0.298366
0.244259 0.513727
0.282682 0.477181
0.614268 0.223764
0.1785 0.587467
0.205152 0.559387
0.337153 0.426898
0.422769 0.358535
0.0772002 0.732768
0.0264546 0.852177
0.0909557 0.707001
0.755454 0.137473
0.695346 0.172119
0.0561194 0.773897
0.488139 0.308729
0.143695 0.631269
0.55824 0.260592
0.303338 0.457721
0.326184 0.437053
0.588885 0.239714
0.00438893 0.950907
0.0188114 0.871928
0.694081 0.175967
0.131134 0.649862
0.914456 0.0501552
0.331056 0.432084
0.0310257 0.834607
0.61933 0.220227
0.707515 0.165079
0.0779541 0.729769
0.55517 0.263796
0.291649 0.468853
0.13929 0.636549
0.933381 0.0399388
0.382041 0.389235
0.207455 0.555627
0.712964 0.163207
0.0218019 0.863195
0.891587 0.0620333
0.676402 0.185442
0.957206 0.0301126
0.701568 0.169199
0.392418 0.380412
0.686871 0.177447
0.568139 0.253793
0.442295 0.343564
0.295688 0.467393
0.28076 0.480572
0.771217 0.128127
0.0331607 0.829199
0.716941 0.161309
0.155028 0.614023
0.653865 0.200195
0.805384 0.110072
0.4369 0.347775
0.377317 0.395032
0.416431 0.362816
0.927674 0.0429843
0.626732 0.215582
0.598289 0.23431
0.397384 0.380165
0.268433 0.490767
0.656669 0.196442
0.257037 0.500139
0.375289 0.397086
0.00481 0.940946
0.731931 0.151511
0.894977 0.0587774
0.57343 0.250606
0.563034 0.257554
0.637688 0.209834
0.473437 0.31787
0.0674537 0.750282
0.259869 0.497941
0.42992 0.352111
0.0155798 0.886503
0.0215711 0.868944
0.548264 0.267346
0.0133976 0.902446
0.748885 0.142324
0.814003 0.103828
0.750658 0.140229
0.135888 0.639816
0.222219 0.537727
0.435696 0.349698
0.333199 0.430419
0.0472676 0.794348
0.670007 0.188156
0.408748 0.369269
0.602097 0.23052
0.45025 0.337158
0.323555 0.438616
0.298502 0.4627
0.447697 0.339648
0.151281 0.620019
0.867741 0.075237
0.00871261 0.920372
0.783771 0.121397
0.0110389 0.906811
0.064146 0.755142
0.479183 0.315454
0.778565 0.125752
0.129065 0.651558
0.610028 0.225557
0.581934 0.246484
0.381316 0.390425
0.637768 0.207384
0.00187926 0.973065
0.925799 0.0449142
0.263765 0.495085
0.000799459 0.985408
0.00453086 0.945883
0.766852 0.132384
0.705167 0.168874
0.721053 0.156234
0.423909 0.355721
0.677801 0.182818
0.918879 0.0476153
0.593335 0.236511
0.00113473 0.981798
0.0904024 0.714015
0.299498 0.460111
0.765487 0.132601
0.460127 0.331096
0.35716 0.410885
0.142163 0.632686
0.920974 0.0467581
0.428717 0.354425
0.938204 0.0386146
0.220772 0.539334
0.781258 0.121836
0.35389 0.41181
0.0486716 0.79271
0.0083258 0.922148
0.00154348 0.975231
0.0154259 0.888422
0.607961 0.228149
0.0567585 0.771955
0.444413 0.342271
0.871971 0.072395
