247516 190.008
1.7672e-08 1.21374
0.016357 1.04108
0.00541519 1.07382
0.005408 1.08187
0.0937465 0.822398
0.0193639 1.01059
0.019343 1.015
2.87616e-10 1.66841
0.00201752 1.10128
0.0773017 0.849945
0.0772984 0.862977
6.39104e-08 1.18079
0.128417 0.760259
0.0086569 1.04664
0.95818 0.0917938
0.127151 0.761481
1.57744e-09 1.50037
0.120849 0.779057
0.0873631 0.831656
0.912678 0.117906
0.0418185 0.906109
0.127134 0.771557
7.21338e-08 1.14888
0.0873242 0.832384
0.498674 0.375485
0.611225 0.298254
0.485386 0.378085
0.853581 0.143588
0.933675 0.0992265
0.485354 0.407834
0.15741 0.713051
0.48536 0.385784
0.59246 0.300889
0.377192 0.466375
0.236072 0.609148
0.405461 0.453215
1.47332e-09 1.63946
0.924546 0.105876
0.556948 0.323241
0.556945 0.325427
1.46152e-08 1.29831
0.146805 0.714397
5.33297e-09 1.30083
0.55694 0.325614
0.30756 0.525873
0.247254 0.585517
0.307554 0.53416
0.818275 0.153726
0.77172 0.187146
2.16005e-09 1.33114
0.445175 0.412411
0.275598 0.561726
0.551 0.352434
0.801348 0.175128
0.193773 0.651412
0.180691 0.691896
0.350253 0.499605
0.694909 0.239962
0.114732 0.77969
0.180683 0.693529
0.275587 0.566956
0.604474 0.299474
0.80135 0.170332
0.275577 0.567895
0.424598 0.432708
0.424602 0.418595
0.380592 0.459672
0.424594 0.440876
0.604475 0.298714
0.317545 0.505867
0.717855 0.221259
0.275566 0.581744
0.036688 0.9166
0.0947116 0.784267
0.717845 0.230111
0.717845 0.2319
0.0366758 0.920124
0.164639 0.696397
0.28656 0.553955
0.690068 0.249185
0.286542 0.560467
0.0946448 0.785207
0.778481 0.179999
0.196336 0.650795
1.93167e-07 1.11947
4.57347e-08 1.20746
0.351793 0.484557
0.184811 0.673319
0.744697 0.202714
0.859333 0.133804
0.0946377 0.793114
0.649396 0.260514
0.437301 0.412749
0.983763 0.0724922
0.0946416 0.78572
0.200694 0.637412
0.05017 0.873844
0.184816 0.664263
0.505766 0.368553
0.991273 0.0682661
0.649393 0.262317
0.811446 0.160863
0.356519 0.480819
0.050171 0.87334
0.850563 0.149898
0.293738 0.538868
0.641622 0.267803
0.992094 0.062075
0.186815 0.653534
6.93616e-07 1.10891
0.138393 0.719827
0.508733 0.356233
1.05809e-05 1.10637
0.76063 0.191042
0.626932 0.27432
0.729614 0.209783
0.626931 0.275715
0.200701 0.637393
0.0501688 0.87685
0.881221 0.120574
8.58855e-06 1.10672
0.437274 0.416763
0.0252123 0.975636
0.0501594 0.900091
0.508721 0.358052
0.729613 0.209964
0.0252166 0.941996
0.242404 0.607338
0.881213 0.120916
7.89595e-06 1.10692
0.0946384 0.785765
0.626732 0.278027
