42978 150.034
1 3.33067e-16
5.63243e-17 1
0.919726 0.0412852
0.928587 0.0363959
0.186655 0.567965
0.482812 0.305153
0.0384847 0.803825
0.00474672 0.931108
0.193464 0.560155
0.511428 0.284899
0.0469889 0.783233
0.45646 0.324384
0.0820134 0.71362
0.0909017 0.698501
0.387644 0.37739
0.878126 0.0629162
0.0633416 0.748323
0.913203 0.0443851
0.150381 0.614148
0.934777 0.0331637
0.441311 0.335692
0.641668 0.198991
0.250027 0.499973
0.290966 0.460589
0.428378 0.347015
0.725265 0.148499
0.811062 0.0994447
0.121725 0.651113
0.592573 0.230315
0.0171557 0.86929
0.872144 0.0661298
0.31756 0.436478
0.262248 0.4879
0.598416 0.226427
0.00236993 0.951328
0.229542 0.520896
0.143653 0.620986
0.278481 0.472318
0.469025 0.315146
0.985197 0.00743038
0.295383 0.456509
7.91496e-05 0.991104
0.0421702 0.79465
0.397077 0.372944
0.709446 0.157717
0.972756 0.0137162
0.660309 0.187406
0.702459 0.16188
0.948874 0.0258986
0.451024 0.328417
0.334719 0.421451
0.305562 0.447223
0.0964442 0.689448
0.530357 0.271843
0.447007 0.332062
0.5797 0.23862
0.755788 0.130639
0.603315 0.223267
0.477045 0.309329
0.556776 0.253831
0.907072 0.0475973
0.36642 0.394675
0.525176 0.275376
0.257507 0.492606
0.26651 0.483754
0.0297671 0.827471
0.967543 0.0163808
0.342805 0.414505
0.822725 0.092964
0.0855479 0.707514
0.100126 0.683574
0.0323974 0.820015
0.832171 0.087768
0.0435171 0.791393
0.371751 0.390305
0.655242 0.19053
0.902205 0.0501552
0.896571 0.0532003
0.0361391 0.809897
0.494829 0.296559
0.118225 0.656162
0.803169 0.103805
0.00631153 0.920555
0.88486 0.0593331
0.0697722 0.735856
0.270661 0.479758
0.353659 0.405308
0.636459 0.202216
0.844886 0.0808505
0.718615 0.152372
0.182741 0.572519
0.519088 0.279523
0.375338 0.387369
0.274467 0.476123
0.00958565 0.902094
0.222312 0.528519
0.233541 0.51674
0.339315 0.417495
0.179572 0.576254
0.196552 0.556658
0.0553778 0.7647
0.224904 0.52576
0.25387 0.49616
0.156801 0.604019
0.691621 0.168364
0.128989 0.64096
0.541117 0.264394
0.751442 0.133174
0.24475 0.505278
0.827678 0.0902318
0.107377 0.672344
0.283482 0.46757
0.00142822 0.962209
0.357874 0.401777
0.285937 0.46527
0.779116 0.117334
0.567741 0.246518
0.164737 0.594123
0.200481 0.55225
0.330184 0.42544
0.850301 0.0778869
0.73773 0.14109
0.648877 0.196344
0.20779 0.544162
0.0152854 0.876366
0.409539 0.360048
0.0340535 0.815464
0.433177 0.341838
0.746482 0.136041
0.473072 0.312213
0.742655 0.138234
0.236953 0.513222
0.0527054 0.770424
0.784393 0.114341
0.619128 0.213202
0.72998 0.145614
0.0266605 0.836724
0.994039 0.00298514
0.54561 0.261402
0.0189964 0.862173
0.854045 0.0758545
0.00337336 0.94192
0.213779 0.537638
0.327126 0.428054
0.608665 0.219832
0.499624 0.293161
0.990985 0.00451779
0.0496169 0.777252
0.422864 0.34972
0.132427 0.636098
0.111231 0.666487
0.625462 0.209139
0.175888 0.58061
0.574632 0.24197
0.584817 0.235267
0.0574714 0.760274
0.0775109 0.721596
0.767943 0.123677
0.489727 0.3002
0.587549 0.233493
0.55124 0.257555
0.0123424 0.888904
0.859052 0.0731686
0.61487 0.215983
0.83817 0.0844843
0.210744 0.540932
0.686413 0.1715
0.312048 0.441389
0.0281377 0.832259
0.942641 0.0291342
0.817083 0.0960746
0.733753 0.143407
0.300085 0.452211
0.793582 0.109169
0.76212 0.127005
0.891676 0.0557142
0.403566 0.364732
0.159804 0.600467
0.348209 0.409908
0.00369761 0.939207
0.651258 0.194534
0.384515 0.379908
0.666424 0.184516
0.0199857 0.858646
0.0216564 0.852839
0.940721 0.0300983
0.00175685 0.958085
0.134488 0.633291
0.10379 0.677835
0.240341 0.509754
0.775242 0.119531
0.154494 0.609986
0.772201 0.122003
0.571878 0.243774
0.059889 0.75528
0.695724 0.165982
0.162227 0.597231
0.677188 0.177086
0.462572 0.319885
0.79935 0.105937
0.462921 0.319629
0.000805379 0.971625
0.961835 0.0192779
0.787843 0.112395
0.0226804 0.8494
0.0719234 0.731818
0.535238 0.268449
0.125616 0.645576
0.56129 0.250825
0.698671 0.164135
0.420067 0.351875
0.631144 0.205571
0.563279 0.249481
0.0755383 0.725169
0.681017 0.174764
0.000378883 0.980833
0.217589 0.533552
0.000295143 0.982826
0.323052 0.431633
0.00823797 0.90924
0.301792 0.450647
0.168624 0.589361
0.889785 0.0586638
0.013377 0.884354
0.436184 0.339558
0.623149 0.210603
0.840278 0.0833344
0.321514 0.432981
0.310726 0.442575
0.0736037 0.7287
0.380871 0.384104
0.502622 0.291041
0.520531 0.278662
0.86226 0.0714214
0.954066 0.0233861
0.674022 0.179015
0.670903 0.180913
0.0249463 0.842628
0.611432 0.218061
0.349405 0.408896
0.0664986 0.742138
0.536812 0.267339
0.411382 0.358611
0.979082 0.0105942
0.866476 0.0691537
0.0510359 0.774096
0.0142951 0.880438
0.402684 0.365438
0.114778 0.661222
0.506939 0.288003
