50707 150.033
0.997614 0.0055472
0.00129618 1.12782
0.00261654 1.11911
0.0158134 0.893751
0.664535 0.190868
0.0494452 0.809367
0.115819 0.672491
0.828627 0.0976156
0.717449 0.159497
0.687949 0.179346
0.0331704 0.843697
0.906152 0.0625963
0.634869 0.208386
0.855853 0.0815113
0.702612 0.170958
0.025536 0.867658
0.0999403 0.692473
0.73707 0.146819
0.127143 0.652366
0.924574 0.0455308
0.770826 0.126637
0.794294 0.117358
0.0880889 0.718659
0.878818 0.0733286
0.0611702 0.761288
0.0209467 0.892461
0.611746 0.22399
0.627182 0.212731
0.0518806 0.783205
0.928551 0.0439762
0.860164 0.0775752
0.944808 0.0329572
0.0780261 0.731429
0.814138 0.102985
0.0299998 0.849767
0.0543211 0.779196
0.0652881 0.754014
0.134292 0.640161
0.893266 0.0683862
0.0722425 0.744414
0.0925068 0.708013
0.958697 0.0271642
0.0981982 0.704633
0.142226 0.630368
0.807721 0.107613
0.947932 0.0318399
0.887864 0.0695768
0.134005 0.649121
0.0745605 0.737243
0.80158 0.111131
0.743222 0.142973
0.75962 0.13431
0.962658 0.0235952
0.968031 0.0225438
0.606635 0.226012
0.146299 0.6248
0.600178 0.232207
0.796934 0.114538
0.576151 0.248149
0.767552 0.131614
0.595077 0.234715
0.357126 0.408522
0.571257 0.249551
0.603442 0.229693
0.156774 0.612316
0.633199 0.212309
0.440457 0.341963
0.579561 0.244862
0.591278 0.235825
0.151346 0.620501
0.175399 0.588376
0.987802 0.0110498
0.361011 0.405563
0.158812 0.607777
0.978546 0.0158176
0.506181 0.295342
0.271866 0.484655
0.308051 0.451826
0.310135 0.448214
0.437176 0.345806
0.258767 0.49895
0.509352 0.291946
0.757387 0.137483
0.263178 0.492415
0.171028 0.594844
0.297299 0.461968
0.1687 0.598648
0.567541 0.251965
0.161825 0.605576
0.303964 0.453427
0.154394 0.615903
0.244161 0.513081
0.261184 0.495667
0.531917 0.275627
0.494058 0.302546
0.17426 0.593097
0.266198 0.489453
0.37165 0.396706
0.747835 0.141336
0.582516 0.242435
0.459011 0.327918
0.268352 0.486898
0.324604 0.4366
0.2804 0.477518
0.241022 0.515448
0.354179 0.411431
0.343536 0.418845
0.588067 0.239536
0.363719 0.40346
0.274975 0.482149
0.453636 0.33261
0.331476 0.43005
0.556255 0.259009
0.496769 0.299459
0.417419 0.358508
0.486017 0.308006
0.559715 0.257109
0.25489 0.500676
0.456089 0.329687
0.277526 0.480094
0.431538 0.349794
0.421578 0.357539
0.984212 0.0135137
0.973526 0.0207191
0.534805 0.273464
0.339646 0.424081
0.993741 0.00778806
0.462847 0.326046
0.201215 0.558864
0.974261 0.0189138
0.299781 0.458937
0.483001 0.31041
0.550462 0.262901
0.538077 0.271969
0.471971 0.316996
0.294148 0.464395
0.54582 0.266782
0.516344 0.28721
0.374874 0.394499
0.553791 0.261335
0.319956 0.441393
0.246173 0.509672
0.434081 0.346913
0.365605 0.399799
0.289734 0.468926
0.301999 0.456714
0.224732 0.532313
0.401144 0.372575
0.443586 0.340141
0.398276 0.374124
0.469403 0.319638
0.752182 0.137823
0.144366 0.6276
0.52395 0.280685
0.519235 0.284971
0.390933 0.380303
0.248821 0.507981
0.321667 0.438216
0.234433 0.522786
0.196974 0.563708
0.50219 0.296264
0.351428 0.413082
0.991656 0.00940677
0.368422 0.398524
0.383404 0.386025
0.185528 0.576692
0.395451 0.376338
0.428499 0.351349
0.282698 0.474855
0.381611 0.388772
0.445998 0.338004
0.236938 0.52021
0.410615 0.364437
0.198633 0.561453
0.340883 0.421682
0.403973 0.37033
0.213056 0.545812
0.521804 0.28325
0.47508 0.315591
0.178239 0.585056
0.348688 0.415199
0.292497 0.466996
0.327835 0.434079
0.491052 0.30443
0.346555 0.417098
0.480162 0.311939
0.251066 0.505139
0.222391 0.535641
0.467014 0.321578
0.287167 0.471225
0.477932 0.314145
0.238657 0.517913
0.16468 0.60264
0.500038 0.298388
0.489196 0.306527
0.450775 0.33461
0.423919 0.355115
0.408015 0.366528
0.464203 0.323199
0.317315 0.443664
0.585919 0.24075
0.388142 0.382584
0.547909 0.265166
0.335388 0.426078
0.39383 0.378929
0.414743 0.360725
0.206784 0.552247
0.564816 0.254048
0.425716 0.353005
0.528539 0.277843
0.179565 0.58351
0.562412 0.255138
0.182101 0.580514
0.386062 0.383941
0.448713 0.336273
0.253103 0.503362
0.21468 0.543004
0.203241 0.556084
0.194212 0.566448
0.37877 0.3905
0.313709 0.446053
0.210812 0.548254
0.981578 0.0147313
0.767556 0.129486
0.284975 0.472948
0.542197 0.269154
0.232234 0.52493
0.18767 0.574017
0.220985 0.537515
0.191429 0.569713
0.190536 0.573748
0.208248 0.549082
0.165958 0.600928
0.218841 0.540195
0.750509 0.13989
0.377395 0.392759
0.334655 0.427526
0.412999 0.36252
0.406278 0.368743
0.230617 0.527099
0.329216 0.432306
0.151778 0.618364
0.527078 0.279069
0.204905 0.554274
0.512383 0.290237
0.227074 0.5307
0.183005 0.578596
0.228316 0.528667
0.216759 0.541215
0.513588 0.289028
