33769 30.0018
0.999999 1.35739e-05
2.12512e-16 1.04715
0.401785 0.381519
0.282366 0.470656
0.320452 0.436843
0.42633 0.347066
0.309986 0.443239
0.324782 0.430841
0.333774 0.424497
0.293349 0.466295
0.436644 0.341877
0.306937 0.450232
2.6306e-14 1.02481
0.415696 0.35724
0.200535 0.556099
0.405019 0.369254
0.365245 0.400505
0.580823 0.238096
0.152325 0.614365
0.411432 0.367441
0.0448607 0.788202
0.485118 0.303525
0.382978 0.383466
0.4612 0.32094
0.206982 0.546536
0.220131 0.534651
0.768176 0.129999
1.34279e-14 1.03951
0.643123 0.202307
0.653191 0.191845
0.906436 0.0479423
0.419924 0.351988
0.51427 0.291087
0.26158 0.488555
0.64709 0.198786
0.533578 0.269568
0.249537 0.502879
0.297809 0.455
0.0833791 0.711246
0.770369 0.122645
0.268654 0.481689
0.777344 0.119023
0.527226 0.273954
0.632559 0.20568
0.354697 0.406017
2.29373e-13 1.01509
0.701359 0.162582
0.0328455 0.818863
0.255082 0.494962
0.0187104 0.865038
0.341195 0.422072
0.546496 0.262114
0.598501 0.230906
0.4714 0.317662
0.756947 0.130958
0.460721 0.329395
0.899612 0.0519254
0.504336 0.292679
0.0355365 0.811601
0.557115 0.260194
0.946942 0.0269172
0.368325 0.396356
0.21198 0.539638
0.0306127 0.826578
0.278476 0.478693
0.849133 0.0799059
0.193426 0.567341
3.69312e-06 1.00452
0.953171 0.0240305
0.658348 0.189066
0.145545 0.622713
0.831639 0.0883776
0.042252 0.797167
0.19515 0.558414
0.688051 0.172127
0.826463 0.0915634
0.00358774 0.944362
0.16857 0.59682
0.575699 0.244362
0.675789 0.178817
0.740058 0.144229
0.722229 0.150482
0.821706 0.0964373
0.0489061 0.780969
0.122187 0.660094
0.666428 0.186807
0.223247 0.528923
0.913601 0.0451009
0.0159146 0.874365
0.491486 0.29894
0.122339 0.650456
0.0106441 0.896832
0.602814 0.225054
0.00500631 0.93593
0.606458 0.221318
0.517126 0.284911
0.672 0.185328
0.854007 0.0758878
0.751922 0.132877
0.563125 0.251977
0.0533626 0.771576
0.00527842 0.928214
0.105238 0.677085
0.93156 0.0367584
0.478457 0.308301
0.450725 0.329846
0.989147 0.00553407
0.186652 0.568585
0.351967 0.407036
0.864189 0.0704684
0.708711 0.158273
0.940468 0.0302511
0.719999 0.156137
0.817212 0.100049
0.182768 0.573351
0.881606 0.0631265
0.9952 0.00255012
0.0988102 0.685991
0.839651 0.0865747
0.0284387 0.83346
0.870766 0.0680103
0.0874348 0.704353
0.842986 0.083455
0.344815 0.412795
0.0799674 0.717329
0.875148 0.0652024
0.810966 0.102085
0.801271 0.106341
0.0966217 0.693141
0.588846 0.234744
0.00807389 0.921701
0.860706 0.0745222
0.784044 0.116444
0.91792 0.0419811
0.294806 0.45841
0.960125 0.021707
0.937633 0.0341535
1.55312e-05 0.99606
0.172278 0.585193
0.894407 0.0552121
0.103257 0.683229
0.169764 0.588062
0.230274 0.527251
0.628386 0.207341
0.0563178 0.764657
0.747469 0.138511
0.615557 0.220518
0.00178637 0.964347
0.0690489 0.738575
0.698072 0.170591
0.0926786 0.695704
0.794503 0.108704
0.00052631 0.983038
0.109284 0.672123
0.162465 0.602805
0.728822 0.147172
0.000663594 0.974245
0.0209968 0.859578
0.067668 0.744443
0.17738 0.580287
0.00920219 0.904555
0.37438 0.388591
0.731253 0.144908
0.139054 0.628197
0.558493 0.25504
0.133917 0.634054
0.805837 0.104371
0.0381578 0.804665
0.130278 0.63915
0.885668 0.0593482
0.155148 0.60612
0.0639638 0.748141
0.243079 0.508392
0.0263935 0.838954
0.127487 0.647717
0.0894364 0.700945
0.0123417 0.889919
0.569339 0.248921
0.382319 0.384133
0.373457 0.389591
0.98406 0.00811999
0.0516724 0.777248
0.53994 0.266311
0.712057 0.156769
0.590213 0.231827
0.972784 0.01496
0.0149212 0.879008
0.447505 0.332795
0.967359 0.0165213
0.618805 0.218834
0.0131533 0.885324
0.0215896 0.853078
0.000386215 0.989131
0.111607 0.668626
0.742949 0.138906
0.00303461 0.955279
0.890673 0.0582922
0.274569 0.481617
0.259611 0.493303
0.0596837 0.762734
0.0729325 0.734581
0.343723 0.41481
0.498671 0.294535
0.623661 0.211837
0.445051 0.341815
0.679991 0.175428
0.239749 0.514047
0.0771772 0.727092
0.233954 0.519627
0.521768 0.277712
0.7885 0.114663
0.00811952 0.915106
0.96324 0.0186457
0.0783423 0.722303
0.0247878 0.843836
0.0236318 0.848745
0.181015 0.57957
0.976646 0.0123408
0.16553 0.601918
0.060377 0.755714
0.142496 0.622963
0.247719 0.508143
0.791401 0.111308
0.20998 0.543245
0.622912 0.214596
0.521435 0.28075
0.117264 0.663186
0.980193 0.0102383
0.0738522 0.730504
0.497046 0.298079
0.0402022 0.802101
0.683554 0.174011
0.0082794 0.909108
0.23615 0.514048
0.446215 0.338914
0.00327136 0.952488
0.128887 0.643155
0.230766 0.521309
0.699845 0.169132
0.116152 0.665832
0.0622703 0.753088
0.137395 0.632137
0.474557 0.314999
0.573085 0.248274
0.154706 0.609006
0.923207 0.0391874
0.925089 0.03829
0.00136803 0.968918
0.542065 0.264404
0.47534 0.310555
