48724 160.027
0.999952 0.00409863
1.07328e-07 1.0156
0.310969 0.449019
0.569196 0.254176
0.873279 0.0710379
0.832904 0.0931579
0.660547 0.193737
0.485092 0.31263
0.493158 0.3045
0.862852 0.0766245
0.112535 0.674644
0.650331 0.201998
0.163738 0.603283
0.670642 0.187923
0.801142 0.112869
0.933726 0.0406523
0.809264 0.106028
0.559113 0.261939
0.0353702 0.821768
0.434811 0.349798
0.427082 0.354411
0.896224 0.0576875
0.729402 0.152901
0.708851 0.166298
0.246733 0.510481
0.761446 0.134009
0.825333 0.0982068
0.170592 0.595321
0.701985 0.168328
0.155058 0.613359
0.522093 0.283104
0.969039 0.0228857
0.621134 0.220789
0.720494 0.158803
0.190192 0.572771
0.0453479 0.796156
0.228666 0.533728
0.747674 0.144629
0.853733 0.0837844
0.514528 0.287703
0.977311 0.0203679
0.082872 0.726372
0.57425 0.250221
5.54717e-05 1.0054
0.611911 0.225821
0.640069 0.206909
0.00265862 0.958972
0.715758 0.159885
0.107774 0.684573
0.738389 0.146305
0.0325035 0.832853
0.597447 0.234204
0.941119 0.0356549
0.159375 0.607787
0.655488 0.198325
0.0858197 0.716826
0.891905 0.0630777
0.0496382 0.788159
0.0247247 0.856869
0.497416 0.300352
0.027733 0.8431
0.178422 0.58675
0.842873 0.0895702
0.000240804 0.995905
0.694947 0.173443
0.880872 0.0681812
0.995425 0.00771463
0.236099 0.523533
0.989068 0.0110114
0.0379929 0.815095
0.906381 0.0552153
0.962118 0.0259838
0.231373 0.528655
0.270872 0.487888
0.528364 0.280629
0.00398318 0.950001
0.304259 0.45585
0.00905822 0.919085
0.603623 0.231158
0.275988 0.48351
0.0581619 0.771211
0.509444 0.290654
0.480169 0.316459
0.26695 0.492019
0.010589 0.912106
0.538208 0.273838
0.014574 0.890644
0.0134809 0.898568
0.402955 0.375463
0.00158383 0.974014
0.0264067 0.850102
0.0748075 0.733815
0.950752 0.0308832
0.845106 0.0873299
0.184481 0.579175
0.533976 0.277541
0.794267 0.114579
0.150918 0.620377
0.324912 0.438912
0.254274 0.505667
0.0116847 0.904654
0.0990243 0.694221
0.955894 0.0273629
0.857937 0.0799325
0.328685 0.434617
0.884874 0.0647475
0.288104 0.472765
0.123591 0.658207
0.221383 0.539133
0.00234049 0.967617
0.591167 0.237573
0.459423 0.330706
0.768098 0.129608
0.0215767 0.863665
0.0912433 0.708508
0.242161 0.514947
0.139964 0.635547
0.81955 0.101096
0.389743 0.382253
0.733766 0.149781
0.587832 0.24058
0.320809 0.445292
0.0781693 0.729253
0.453722 0.333545
0.352391 0.417184
0.815466 0.103947
0.374253 0.39479
0.754222 0.137068
0.283018 0.476423
0.385134 0.386467
0.019092 0.874064
0.0311354 0.83655
0.211569 0.547224
0.069798 0.749788
0.462712 0.326579
0.209404 0.552658
0.00157714 0.983733
0.00734192 0.926336
0.926645 0.0444664
0.239706 0.519164
0.119478 0.661885
0.21579 0.544104
0.421418 0.35886
0.0594157 0.764267
0.040375 0.808984
0.945181 0.0333073
0.00437843 0.943141
0.466481 0.32296
0.207176 0.557621
0.448095 0.341626
0.263141 0.497174
0.345396 0.421299
0.690859 0.175202
0.548811 0.265705
0.361504 0.405753
0.682884 0.181218
0.281711 0.481523
0.553988 0.262112
0.752644 0.140338
0.685699 0.178447
0.0948758 0.698829
0.580553 0.245562
0.771472 0.128108
0.00502622 0.936591
0.439889 0.344744
0.102429 0.690007
0.914294 0.0494126
0.332666 0.430487
0.202231 0.559847
0.908841 0.052668
0.0901549 0.715147
0.449096 0.33581
0.783889 0.121795
0.607896 0.22728
0.183054 0.582319
0.917831 0.0478234
0.381599 0.389221
0.051277 0.783652
0.405544 0.370336
0.000702246 0.987908
0.630926 0.212508
0.544611 0.271328
0.094769 0.703997
0.395213 0.376792
0.475208 0.319804
0.258817 0.498204
0.0177107 0.880884
0.150667 0.625576
0.130528 0.648021
0.981792 0.0156051
0.14447 0.630561
0.376658 0.391505
0.11667 0.669372
0.0158915 0.884045
0.020521 0.868564
0.198402 0.562562
0.295486 0.46258
0.358775 0.413188
0.505633 0.298752
0.408562 0.367603
0.29172 0.468997
0.00652259 0.93127
0.36478 0.402663
0.790597 0.118874
0.582755 0.244749
0.925191 0.0467466
0.194382 0.568424
0.0725919 0.742074
0.25543 0.502693
0.0549485 0.777072
0.470713 0.320225
0.984084 0.0141221
0.506328 0.296588
0.126416 0.652676
0.0433275 0.802435
0.300629 0.459888
0.133201 0.642836
0.626069 0.215873
0.441814 0.34288
0.678091 0.184965
0.370458 0.400534
0.34025 0.424239
0.145805 0.628406
0.347982 0.417653
0.412534 0.364715
0.394371 0.38012
0.10598 0.687255
0.336811 0.429007
0.0649576 0.754769
0.634127 0.210667
0.419604 0.361417
0.219493 0.540614
0.321623 0.444119
0.073139 0.740964
0.778641 0.12621
0.67564 0.18524
0.414892 0.362916
0.136274 0.638053
0.118608 0.667829
0.0541633 0.779194
0.29506 0.467123
0.358923 0.410965
0.174416 0.591761
0.196992 0.567438
0.623179 0.21625
0.0678283 0.752167
0.54622 0.268586
0.0612769 0.759793
0.638 0.208954
0.779705 0.125937
