56363 190.04
0.999698 0.00423179
6.66295e-08 1.01482
0.904054 0.0565969
0.920696 0.0454305
0.414529 0.364978
0.946815 0.0344635
0.965831 0.0235534
0.93554 0.0396922
0.975295 0.018864
0.074296 0.736724
0.894579 0.0611816
0.0560359 0.77611
0.378486 0.391623
0.29471 0.463817
0.865251 0.0759625
0.959113 0.0275635
0.118859 0.664126
0.386117 0.386965
0.422389 0.35975
0.203685 0.556299
0.154063 0.621657
0.0647093 0.754949
0.112601 0.674148
0.476447 0.317974
0.739476 0.148145
0.589985 0.238526
0.369705 0.401089
0.858671 0.0785727
0.225454 0.533435
0.95298 0.0322577
0.0709734 0.747916
0.409204 0.372155
0.0510956 0.781833
0.326225 0.434378
0.0172297 0.880674
0.0306058 0.836481
0.246043 0.511923
0.746729 0.143755
0.107879 0.680833
0.0894928 0.711554
0.321153 0.439298
0.289077 0.470765
0.00431444 0.948504
0.29975 0.459727
0.00876641 0.918
0.177529 0.585955
0.182225 0.581997
0.515426 0.288144
0.372916 0.396157
0.46035 0.328085
0.000589382 0.98884
0.597873 0.2352
0.882836 0.0675031
0.554116 0.262832
0.889286 0.0648373
0.4711 0.321022
0.0835087 0.721839
0.0589002 0.766758
0.331974 0.431092
0.465139 0.324698
0.362705 0.405329
0.521489 0.284176
0.241135 0.516737
0.168235 0.601067
0.0326589 0.828103
0.84227 0.0886664
0.267575 0.489576
0.0614477 0.763574
0.482156 0.312457
0.75989 0.133986
0.230212 0.527272
0.791237 0.119063
0.565109 0.256906
0.0155829 0.888681
0.336736 0.426998
0.16518 0.606923
0.314508 0.449485
0.60562 0.228828
0.137281 0.637348
0.0435716 0.803705
0.0189717 0.873005
0.155997 0.613542
0.262991 0.495142
0.526709 0.281666
0.874119 0.0724189
0.092866 0.703539
6.03819e-05 1.00455
0.549508 0.267073
0.441356 0.344455
0.559863 0.259326
0.393938 0.37903
0.316798 0.443668
0.826326 0.0980346
0.989858 0.0104024
0.620127 0.217979
0.00495181 0.93945
0.125657 0.653308
0.187711 0.577798
0.531823 0.277373
0.802366 0.109774
0.436706 0.347193
0.73444 0.150872
0.0980893 0.695847
0.0455837 0.796363
0.280717 0.477718
0.0867808 0.716226
0.000255348 0.998004
0.341381 0.423031
0.996277 0.00812103
0.642244 0.206594
0.833759 0.0930133
0.162377 0.6127
0.75565 0.138615
0.658636 0.19544
0.611031 0.224026
0.390354 0.382303
0.696042 0.173702
0.45666 0.334434
0.490036 0.307843
0.304959 0.455499
0.698737 0.171195
0.626543 0.217333
0.250398 0.507094
0.219946 0.543397
0.199615 0.560318
0.173602 0.591875
0.21057 0.550704
0.308548 0.45287
0.104252 0.68847
0.399612 0.374716
0.703981 0.165997
0.222378 0.538756
0.711909 0.163061
0.0205244 0.866621
0.284936 0.472738
0.585103 0.24179
0.688346 0.176501
0.766498 0.131925
0.614901 0.222327
0.631599 0.213847
0.000891205 0.980364
0.136412 0.644382
0.0033569 0.956639
0.193576 0.568808
0.0384885 0.81329
0.981325 0.0150143
0.0776578 0.730733
0.239398 0.523001
0.649045 0.202091
0.189601 0.57285
0.807406 0.106697
0.0795485 0.727002
0.537392 0.275876
0.929999 0.0420149
0.50364 0.296353
0.0405049 0.808641
0.0295469 0.844046
0.131093 0.646274
0.780658 0.122899
0.172218 0.596263
0.196969 0.56519
0.784898 0.121727
0.72868 0.153779
0.27351 0.48808
0.0100423 0.91025
0.852804 0.0828188
0.446085 0.339627
0.0254467 0.851431
0.600433 0.230829
0.00266719 0.961988
0.57074 0.25273
0.751628 0.141532
0.821495 0.100499
0.581978 0.250731
0.681777 0.180743
0.500774 0.298625
0.2556 0.505873
0.725364 0.156215
0.0130043 0.899823
0.348693 0.417258
0.817026 0.102637
0.813245 0.105959
0.013975 0.894966
0.426486 0.356253
0.00220928 0.969672
0.877344 0.0710215
0.214333 0.546307
0.102002 0.690546
0.359935 0.40912
0.233713 0.524178
0.0117468 0.906552
0.03614 0.819329
0.00626856 0.933736
0.633851 0.209488
0.543408 0.269065
0.0680159 0.749703
0.573388 0.251081
0.43114 0.35069
0.670501 0.188784
0.984892 0.0134826
0.345122 0.419268
0.0503195 0.789498
0.0957407 0.700728
0.541313 0.272184
0.925735 0.0445332
0.652311 0.198117
0.663509 0.193546
0.0247706 0.859513
0.485861 0.309818
0.831349 0.0935797
0.127755 0.650311
0.12231 0.661448
0.352897 0.413319
0.71764 0.159238
0.0353956 0.823573
0.84414 0.0858033
0.404046 0.373598
0.776094 0.127477
0.79596 0.115315
0.582381 0.246172
0.678048 0.184803
0.00166417 0.974705
0.798537 0.114313
0.007348 0.926192
0.147195 0.625241
0.6656 0.189719
0.510148 0.293355
0.849709 0.0839126
0.0493212 0.793073
0.675179 0.18612
0.0280815 0.848643
0.11149 0.676926
0.0222608 0.860841
0.638543 0.207466
0.355912 0.412051
0.142275 0.632793
0.49565 0.303959
0.143851 0.632679
0.453269 0.336689
0.769926 0.128858
0.257756 0.500582
0.708156 0.165168
0.686256 0.179101
0.719613 0.158469
0.147174 0.626524
0.259405 0.498647
0.278007 0.482139
0.510434 0.291407
0.495991 0.302594
0.274844 0.482438
