183487 140.006
0.633683 0.284886
0.175747 0.694191
0.0666077 0.864599
0.668071 0.257094
0.175745 0.695472
0.0665911 0.864806
0.0936747 0.806434
0.24323 0.613158
0.066577 0.866202
0.175736 0.697563
0.0665734 0.878643
0.910382 0.125215
0.0555488 0.894166
0.9097 0.126527
2.69528e-08 1.19248
0.522545 0.369849
0.407621 0.458889
0.0925429 0.815904
0.304569 0.562336
0.183727 0.689322
0.385986 0.477012
0.243222 0.613539
0.820309 0.174883
0.812667 0.176793
0.385975 0.47778
0.737111 0.228086
0.0218476 0.968778
0.195589 0.667067
0.195583 0.667898
0.87703 0.14646
0.375947 0.488313
0.94212 0.106087
1.08916e-10 1.8462
0.975544 0.0882924
0.385969 0.484354
0.021806 0.984045
0.533155 0.360034
0.0924947 0.816116
0.10204 0.787072
2.69054e-08 1.22706
0.845846 0.157686
0.910405 0.122992
0.0493651 0.894379
0.533155 0.360402
0.410099 0.457602
0.508584 0.371778
0.975553 0.0871515
0.761394 0.200497
0.102023 0.799059
0.312104 0.531668
0.0560755 0.880226
0.675423 0.255796
0.761403 0.200127
0.0560695 0.881106
0.719954 0.230192
0.71995 0.233145
0.56718 0.324225
0.185522 0.668133
2.45813e-08 1.23732
0.823821 0.162166
0.312096 0.548123
0.312089 0.554107
0.185513 0.672034
0.962487 0.0954478
5.77763e-09 1.2937
0.413764 0.447406
0.991626 0.0671731
1.36886e-07 1.14827
0.412818 0.454131
0.040413 0.928602
0.0734442 0.856357
0.0404169 0.925252
0.494265 0.384194
0.624719 0.291697
0.248911 0.599097
0.844377 0.159639
0.541224 0.343654
0.00162452 1.09682
0.911937 0.111089
0.118153 0.764502
0.437908 0.430446
0.137245 0.750238
0.742686 0.213657
0.437917 0.427184
0.272066 0.574309
0.137253 0.745799
0.00162975 1.08197
0.00161939 1.09943
0.595642 0.305847
0.423451 0.435969
0.478985 0.391031
0.137253 0.733375
0.35143 0.49842
0.789851 0.182216
0.789845 0.183656
0.605359 0.297683
0.878375 0.128978
0.878369 0.130853
0.342135 0.525153
0.423448 0.437729
0.27202 0.574357
0.944863 0.0986346
0.548313 0.334991
2.77959e-10 1.38528
0.0840568 0.816764
0.000187686 1.10743
0.764103 0.200053
0.286707 0.565475
0.0110972 1.02127
0.0254768 0.953118
0.465182 0.397247
0.465174 0.403698
0.451984 0.410908
0.871243 0.153637
0.654728 0.270521
0.0840541 0.836806
0.765173 0.19816
0.789841 0.187327
0.228534 0.63396
0.025445 0.953149
0.481525 0.385158
0.686866 0.23849
6.09396e-07 1.11718
0.481513 0.387245
0.201353 0.6433
0.228537 0.615412
0.00478203 1.07811
0.76518 0.191521
0.350678 0.501344
0.111776 0.771448
