253567 580.077
1 4.44089e-16
5.28549e-18 1
5.28549e-18 1
0.629984 0.60312
0.948106 0.101094
0.117507 0.986192
0.460975 0.787524
0.407572 0.833903
0.46817 0.780817
0.63619 0.595262
0.755565 0.429243
0.797589 0.363853
0.510638 0.73925
0.878862 0.227602
0.864766 0.25218
0.813343 0.338473
0.520366 0.729219
0.922773 0.14849
0.155591 0.975792
0.416184 0.826791
0.431235 0.814114
0.336337 0.886897
0.612964 0.624285
0.77444 0.400245
0.89003 0.207954
0.499956 0.750052
0.882395 0.22138
0.861185 0.25836
0.8578 0.264179
0.868434 0.245822
0.092581 0.991429
0.940577 0.115315
0.919186 0.155097
0.8203 0.327109
0.854206 0.270332
0.425904 0.818616
0.816814 0.332815
0.841949 0.291123
0.14733 0.978294
0.782266 0.388061
0.644632 0.58445
0.53944 0.709006
0.986506 0.0268068
0.966929 0.065048
0.562632 0.683446
0.162214 0.973686
0.801065 0.358296
0.953949 0.0899825
0.303392 0.907954
0.201925 0.959227
0.484777 0.765032
0.997347 0.00529941
0.75095 0.43609
0.0199711 0.999601
0.22307 0.95024
0.758926 0.424038
0.36231 0.868731
0.607883 0.630478
0.209565 0.956083
0.169211 0.971368
0.913489 0.165725
0.729465 0.468259
0.108955 0.988131
0.926055 0.142421
0.624346 0.610193
0.525598 0.723764
0.734834 0.46002
0.994099 0.0117686
0.685015 0.53078
0.875203 0.23402
0.6817 0.535285
0.297449 0.911524
0.489684 0.76021
0.0701525 0.995079
0.534915 0.713866
0.308589 0.904773
0.571695 0.673165
0.850961 0.275868
0.322746 0.895855
0.277237 0.92314
0.745296 0.444533
0.678244 0.540783
0.668095 0.553649
0.0508051 0.997419
0.253524 0.935726
0.287518 0.917333
0.9162 0.160577
0.809298 0.345036
0.235989 0.944309
0.788519 0.378238
0.957853 0.0829232
0.282525 0.92018
0.68881 0.52554
0.785599 0.382836
0.770629 0.406132
0.616492 0.619938
0.585734 0.656916
0.175078 0.969348
0.581799 0.66151
0.390332 0.847641
0.805521 0.353755
0.292889 0.914216
0.33027 0.890928
0.971324 0.0565295
0.900653 0.188825
0.933657 0.128285
0.671427 0.549185
0.983105 0.0335054
0.382864 0.853415
0.674725 0.544746
0.341746 0.88321
0.89353 0.201604
0.443622 0.8032
0.345344 0.880758
0.653968 0.572329
0.74188 0.449615
0.834816 0.303085
0.793393 0.370527
0.0843831 0.992913
0.843911 0.287814
0.0638644 0.995921
0.242073 0.941401
0.718093 0.484342
0.316762 0.899662
0.39749 0.84268
0.355993 0.873285
0.898274 0.193104
0.906931 0.177476
0.0570764 0.996742
0.648659 0.579253
0.350594 0.877084
0.42121 0.822586
0.662394 0.561235
0.71464 0.48929
0.454818 0.793141
0.748813 0.440109
0.837097 0.299269
0.720689 0.480608
0.930748 0.133707
0.591673 0.649923
0.473882 0.775474
0.732068 0.46412
0.944294 0.10831
0.552454 0.694794
0.83115 0.309199
0.92877 0.137388
0.495214 0.754765
0.70955 0.496586
0.725063 0.474284
0.266227 0.929123
0.981281 0.0370874
0.478667 0.770879
0.271811 0.926119
0.620197 0.615498
0.664392 0.558583
0.313744 0.901565
0.127693 0.984286
0.595508 0.645371
0.895455 0.198316
0.38825 0.849262
0.823862 0.321252
0.449621 0.797841
0.100304 0.989939
0.978585 0.0423709
0.589176 0.652887
0.217207 0.952821
0.36606 0.866
0.531351 0.717667
0.640684 0.589523
0.376801 0.858025
0.701411 0.508063
0.704397 0.503825
0.989198 0.0214868
0.937776 0.120576
0.557228 0.689496
0.791873 0.372938
0.807119 0.348559
0.0421691 0.998222
0.825336 0.31891
0.326908 0.893135
0.70671 0.500561
0.712251 0.492698
0.259861 0.932472
0.372223 0.86145
0.187919 0.964687
0.650904 0.576324
0.60514 0.633805
0.691772 0.521451
0.181027 0.967232
0.548551 0.699105
0.762419 0.418733
0.480698 0.76893
0.436228 0.809705
0.00940565 0.999912
0.50552 0.74445
0.82857 0.313471
0.528665 0.720514
0.88673 0.213913
0.871782 0.240261
0.936172 0.123582
0.885725 0.215491
0.457033 0.791121
0.543647 0.704448
0.229312 0.947416
0.658279 0.566668
0.131429 0.982726
0.55842 0.68817
0.973757 0.0517969
0.247293 0.938846
0.44789 0.799394
0.439957 0.806438
0.078527 0.993834
0.575679 0.668594
0.76671 0.412155
0.566909 0.678614
0.504739 0.745238
0.196928 0.96122
0.738925 0.45399
0.962282 0.0745646
0.847499 0.281897
0.471672 0.777525
0.945274 0.106457
0.398553 0.841156
0.903826 0.183098
0.493227 0.756727
0.954313 0.0892869
0.21408 0.95417
0.0125787 0.999842
0.76371 0.41678
0.515361 0.734403
0.369762 0.863276
0.723847 0.476045
0.602356 0.637167
0.137258 0.98116
0.379539 0.855951
0.403232 0.837404
0.0294075 0.999135
0.778475 0.393977
0.578376 0.665481
0.0300632 0.999096
0.103447 0.989299
0.778137 0.394521
0.910115 0.171692
0.545049 0.702924
0.567883 0.677508
0.638991 0.591691
0.515928 0.733819
0.699086 0.511316
0.657374 0.56786
0.768122 0.410002
