622608 390.014
1.21255e-12 1.24631
1.11957e-10 1.24423
0.922877 0.22263
0.213309 1.00167
0.682098 0.596809
0.97191 0.140139
0.733249 0.528509
0.903731 0.267307
0.812146 0.411687
0.763619 0.487808
0.963253 0.154736
0.397157 0.894229
0.505408 0.795543
0.727181 0.54245
0.907756 0.255414
0.838869 0.369023
0.372165 0.916122
0.545963 0.751403
0.869893 0.31824
0.691504 0.586709
0.485598 0.82322
0.721502 0.54634
0.478791 0.825239
0.869512 0.321005
0.460446 0.837226
0.938538 0.199247
0.49866 0.806732
0.955491 0.169027
0.149504 1.01943
0.798843 0.43795
0.690318 0.596403
0.413907 0.881237
0.732874 0.531563
0.798835 0.439409
0.520787 0.780388
0.223869 0.995343
0.426251 0.866283
0.21332 1.00014
0.630121 0.663298
0.580166 0.722508
0.630133 0.662889
0.903737 0.262567
0.49767 0.808247
0.450581 0.845938
0.765538 0.484928
0.961522 0.163012
0.767919 0.474381
0.657831 0.629174
0.767861 0.475078
0.960538 0.166359
0.37217 0.90784
0.223869 0.992801
0.234882 0.991606
0.52083 0.7803
0.239103 0.989937
0.231601 0.992396
0.447851 0.85291
0.372168 0.907904
0.443096 0.854062
0.450576 0.848818
0.44897 0.852312
0.545958 0.757801
0.239085 0.990801
0.65779 0.629215
0.231613 0.992305
0.577334 0.724383
0.57976 0.722925
0.763642 0.485101
0.733235 0.528663
0.545959 0.75459
0.869887 0.318277
0.545961 0.754511
0.76364 0.48632
0.577331 0.724448
0.579767 0.722901
0.239091 0.990756
0.767886 0.47448
0.630126 0.663196
0.520798 0.780319
0.733245 0.528583
0.767912 0.474418
0.231604 0.992374
0.767895 0.474469
0.231606 0.992307
0.733242 0.528635
0.733241 0.528637
2.37009e-10 1.0409
0.54596 0.754512
0.835549 0.370267
0.358684 0.91732
0.50654 0.794399
0.506547 0.794371
0.197792 1.00453
0.242228 0.981961
0.986062 0.106701
0.16377 1.01267
0.595067 0.69741
0.890682 0.274515
0.949722 0.174511
0.862895 0.321385
0.468157 0.827363
0.979386 0.114809
0.875939 0.299594
0.86289 0.32148
0.861514 0.323769
0.694311 0.574213
0.750473 0.496078
0.69432 0.574204
0.861519 0.32243
0.514372 0.78372
0.163779 1.01262
0.24781 0.979326
0.152675 1.01442
0.240802 0.985185
0.694302 0.574247
0.558568 0.737962
0.511553 0.791736
0.875918 0.299621
0.55856 0.738046
0.77457 0.460673
0.511557 0.786409
0.746557 0.501708
0.924252 0.215222
0.746546 0.501713
0.774551 0.460716
1.42757e-07 1.03843
0.0617842 1.03479
0.511565 0.786081
0.746558 0.501619
0.924251 0.215388
0.746561 0.501227
0.511556 0.786427
0.456004 0.837888
0.857518 0.32975
0.511558 0.786092
0.455989 0.837913
0.609438 0.680348
0.0472104 1.03501
0.746558 0.501231
0.803274 0.415156
0.378017 0.899443
0.694851 0.57357
0.37799 0.899509
0.609419 0.680397
0.786026 0.441687
0.179824 1.00601
0.942104 0.187521
0.942099 0.191504
0.942092 0.199181
0.990128 0.0919981
0.990118 0.0927635
0.694852 0.569354
0.585389 0.706844
0.318711 0.939262
0.560028 0.734785
0.636438 0.647082
0.942111 0.181436
0.786019 0.446298
0.786012 0.447567
0.585381 0.715678
0.74051 0.512682
0.740521 0.508509
0.283703 0.959566
0.912298 0.248678
0.485882 0.808501
0.817024 0.393661
0.0726107 1.03124
0.912299 0.243283
0.912308 0.23323
0.886548 0.277869
0.466323 0.827547
0.648454 0.630343
0.127831 1.02059
0.841144 0.353578
0.472872 0.826253
0.485883 0.808497
0.606505 0.682588
0.281222 0.959937
0.343002 0.92276
0.262916 0.969473
0.0964666 1.02724
0.281227 0.959896
0.972693 0.123203
0.434281 0.854247
0.710647 0.548916
0.567562 0.725413
0.300897 0.948869
0.972678 0.123352
0.567565 0.725342
0.0227466 1.03582
0.0964663 1.02725
0.710639 0.548961
0.972664 0.130039
0.648444 0.630478
0.822282 0.383523
0.433162 0.861815
0.856229 0.347355
0.535854 0.759046
0.176142 1.00632
0.928627 0.203965
0.648448 0.630435
0.535848 0.759145
0.262906 0.969609
0.81221 0.399737
0.111608 1.0242
0.261648 0.970175
0.822278 0.383788
0.424646 0.868054
0.29628 0.951527
0.397658 0.883679
0.525237 0.769992
0.71065 0.548852
0.0121311 1.0361
0.332169 0.929838
0.296273 0.951563
0.928621 0.204118
0.812215 0.397866
0.617975 0.66772
0.0665629 1.03198
0.332159 0.929843
0.775747 0.455574
0.332177 0.92976
0.663547 0.611348
0.987251 0.0954837
4.59466e-06 1.03616
0.812205 0.403397
0.397657 0.885133
0.673632 0.596811
0.416137 0.870642
0.601303 0.690252
0.998637 0.0738391
0.601307 0.687745
0.416143 0.869133
0.416145 0.86912
0.262909 0.969546
0.262925 0.968451
0.525213 0.770028
0.601314 0.685831
0.262933 0.967877
0.829933 0.371502
2.39314e-07 1.03621
