104566 340.058
1 0
0 1
0.12712 0.983904
0.144005 0.979774
0.556647 0.690951
0.564199 0.683266
0.73735 0.456455
0.348966 0.878223
0.709199 0.498054
0.020861 0.999606
0.21407 0.954709
0.0961098 0.991631
0.523383 0.726071
0.3406 0.885221
0.411826 0.830746
0.154627 0.976124
0.613318 0.626202
0.517291 0.733397
0.113504 0.987161
0.0116242 0.999923
0.224463 0.950216
0.815169 0.337924
0.134947 0.98252
0.466985 0.783728
0.0335784 0.998875
0.975876 0.0484544
0.587643 0.658235
0.568177 0.677292
0.29088 0.916025
0.0842319 0.993103
0.457767 0.790979
0.353948 0.87526
0.63908 0.592348
0.416932 0.826856
0.404717 0.837136
0.312956 0.903283
0.87582 0.236574
0.606619 0.633481
0.879242 0.227846
0.390494 0.848189
0.810019 0.344293
0.397222 0.842215
0.911823 0.16864
0.81803 0.331275
0.175587 0.969276
0.50903 0.741685
0.864359 0.252907
0.682398 0.535578
0.664593 0.558947
0.596458 0.644893
0.941171 0.116172
0.961706 0.075424
0.720003 0.483388
0.239707 0.943673
0.573207 0.672114
0.63446 0.599295
0.831151 0.310301
0.734359 0.462098
0.937584 0.121296
0.650716 0.582513
0.380922 0.85658
0.62746 0.607995
0.966183 0.0703808
0.861078 0.258873
0.333737 0.893122
0.503801 0.747006
0.766683 0.41667
0.936348 0.129299
0.761446 0.420649
0.980899 0.0414087
0.788931 0.383261
0.103668 0.989761
0.909058 0.173614
0.245312 0.94017
0.855564 0.269629
0.803927 0.353808
0.925066 0.144596
0.951563 0.0958121
0.743612 0.447573
0.277917 0.924179
0.668485 0.553164
0.423886 0.823187
0.901676 0.189826
0.821583 0.325296
0.88211 0.223536
0.473542 0.776191
0.75856 0.425871
0.513358 0.737738
0.687282 0.531177
0.875277 0.243273
0.0706814 0.995216
0.258796 0.933603
0.366125 0.865975
0.851719 0.274874
0.795195 0.37001
0.826838 0.316824
0.774879 0.401289
0.857972 0.264124
0.954691 0.0906628
0.492335 0.757904
0.477804 0.77336
0.447161 0.800862
0.581801 0.663436
0.319269 0.898966
0.689299 0.525956
0.264757 0.930201
0.714525 0.490022
0.615941 0.620966
0.0468982 0.997813
0.801838 0.360861
0.678741 0.541189
0.5 0.750071
0.798302 0.36401
0.208247 0.956804
0.545919 0.705137
0.631733 0.60322
0.0784149 0.993851
0.884967 0.216899
0.234368 0.947505
0.487706 0.76296
0.808266 0.350292
0.495704 0.754717
0.929603 0.137928
0.944014 0.109273
0.77125 0.406211
0.949177 0.102067
0.551741 0.696433
0.373346 0.860896
0.0551214 0.997584
0.660677 0.563907
0.708227 0.506846
0.769059 0.410858
0.182691 0.966984
0.748867 0.439291
0.169368 0.972502
0.325652 0.894957
0.992104 0.0194911
0.622108 0.619039
0.336432 0.888268
0.727656 0.476983
0.655384 0.572584
0.653226 0.577364
0.307594 0.906767
0.693501 0.521409
0.0402996 0.998655
0.483034 0.769463
0.959614 0.0822356
0.904717 0.181662
0.994219 0.014216
0.842056 0.295551
0.46898 0.781204
0.755376 0.431221
0.724463 0.478953
0.781473 0.3893
0.361078 0.870557
0.658155 0.5676
0.538778 0.711551
0.20311 0.959504
0.844421 0.290391
0.528685 0.72207
0.443049 0.804056
0.540452 0.708203
0.675349 0.544348
0.785504 0.387771
0.534541 0.716192
0.303852 0.908762
0.957221 0.0852089
0.452698 0.797513
0.644587 0.586627
0.919582 0.156565
0.997796 0.00523663
0.850128 0.280616
0.698045 0.513709
0.838501 0.298597
0.916332 0.161828
0.593076 0.651852
0.971672 0.0631896
0.160805 0.974197
0.968922 0.064905
0.834624 0.306482
0.228319 0.947925
0.401085 0.83962
0.297482 0.912091
0.273881 0.927273
0.995831 0.00903333
0.109929 0.988253
0.906533 0.180473
0.946224 0.10583
0.887829 0.213599
0.372143 0.863016
0.695294 0.517443
0.790998 0.375977
0.577299 0.668144
0.728905 0.468698
0.717017 0.489907
0.895383 0.199382
0.730062 0.46727
0.269035 0.927857
0.389366 0.853666
0.746885 0.443589
0.591017 0.652452
0.701026 0.510045
0.836432 0.30294
0.438176 0.808534
0.195488 0.963523
0.922179 0.152753
0.198775 0.961127
0.284279 0.920858
0.433656 0.812688
0.284518 0.919183
0.981765 0.0370233
0.38505 0.854734
0.0642024 0.99613
0.428473 0.816985
0.868686 0.247835
0.643711 0.588771
0.485295 0.766478
0.868696 0.245972
0.932726 0.133793
0.922923 0.148233
0.893459 0.202437
0.600247 0.640524
0.779057 0.395346
0.426386 0.819524
0.889613 0.209223
0.19007 0.964129
0.973095 0.0560959
0.89252 0.207527
0.604076 0.636295
0.0611237 0.996945
0.251359 0.938298
0.988524 0.0232945
0.973222 0.054108
0.703798 0.507684
0.322344 0.89659
0.898254 0.195149
0.164871 0.973518
0.187282 0.965954
0.793684 0.375784
0.983614 0.0327652
0.777917 0.396586
0.623728 0.613048
0.298803 0.911386
0.846757 0.286469
0.363031 0.870337
0.549029 0.701046
0.253705 0.935634
0.432738 0.814595
0.441008 0.808326
0.988317 0.0261698
