158845 520.086
1 0
0 1
0.716322 0.488331
0.930925 0.133416
0.64823 0.581131
0.708848 0.499294
0.878064 0.231304
0.993094 0.016133
0.740269 0.455156
0.92495 0.144764
0.998727 0.00716149
0.258005 0.933632
0.5 0.75
0.913254 0.166026
0.744835 0.445856
0.151789 0.97719
0.966837 0.0691079
0.305237 0.910634
0.900534 0.190862
0.782293 0.388611
0.295205 0.914279
0.280516 0.921967
0.690157 0.525779
0.895497 0.198445
0.448082 0.799816
0.681723 0.536085
0.396765 0.843504
0.835539 0.303772
0.985857 0.0287485
0.272365 0.926017
0.990208 0.0224988
0.51868 0.732525
0.655208 0.574313
0.42118 0.824533
0.484929 0.766771
0.840227 0.296987
0.919421 0.158982
0.873085 0.238542
0.962781 0.0753193
0.861412 0.260039
0.694905 0.519005
0.00980951 0.999961
0.456655 0.791467
0.883795 0.225383
0.983271 0.0355338
0.413945 0.829956
0.589268 0.657897
0.686956 0.531458
0.978041 0.0481747
0.0878987 0.992286
0.786453 0.383899
0.391459 0.848922
0.096584 0.990854
0.50758 0.743463
0.889776 0.208728
0.511419 0.738559
0.803123 0.357076
0.798506 0.362858
0.164987 0.973053
0.979741 0.0414942
0.778821 0.397059
0.733373 0.462749
0.809663 0.34704
0.0391609 0.998504
0.162722 0.97574
0.316071 0.900275
0.490036 0.761409
0.620897 0.615119
0.409884 0.832052
0.329288 0.893329
0.789914 0.377808
0.452225 0.796167
0.677074 0.541847
0.559973 0.686876
0.769125 0.409635
0.805312 0.351673
0.974186 0.0546741
0.198982 0.960893
0.934267 0.128605
0.672711 0.551238
0.462194 0.787155
0.175685 0.970827
0.480841 0.77167
0.0481099 0.997801
0.333062 0.88945
0.354012 0.8759
0.796854 0.368712
0.956668 0.0850952
0.360422 0.874831
0.94605 0.10731
0.792298 0.372793
0.892794 0.203514
0.813369 0.342236
0.643002 0.58757
0.959752 0.0812971
0.866471 0.251313
0.610943 0.627229
0.634512 0.600423
0.121823 0.985918
0.618277 0.619547
0.970233 0.0611484
0.728803 0.470959
0.339392 0.887165
0.431696 0.813639
0.224904 0.951392
0.537265 0.712398
0.607864 0.63355
0.887686 0.216474
0.908776 0.175954
0.133408 0.982628
0.286079 0.919242
0.182512 0.966689
0.773517 0.406118
0.637687 0.593592
0.436199 0.811124
0.40404 0.83704
0.554959 0.694016
0.145564 0.980438
0.614335 0.624239
0.442222 0.806499
0.942802 0.11142
0.528471 0.72128
0.127988 0.983833
0.668088 0.555733
0.626222 0.610308
0.363325 0.869122
0.578091 0.666462
0.596239 0.646227
0.722916 0.479293
0.905392 0.182486
0.74813 0.440907
0.497027 0.755508
0.524712 0.726461
0.73634 0.460963
0.192973 0.963166
0.349153 0.879759
0.431665 0.822067
0.91074 0.172484
0.856146 0.267652
0.141869 0.982378
0.266931 0.929246
0.24436 0.940747
0.543486 0.710182
0.0699895 0.995572
0.662448 0.562429
0.106876 0.989066
0.697699 0.514295
0.575112 0.67154
0.290975 0.917092
0.703574 0.506824
0.827878 0.319135
0.190107 0.966502
0.233415 0.946665
0.92118 0.154639
0.0595417 0.996544
0.872026 0.244568
0.674373 0.545594
0.401505 0.838838
0.923205 0.14884
0.84373 0.292513
0.631786 0.603459
0.470515 0.779485
0.700166 0.510154
0.600091 0.641563
0.93676 0.122809
0.31195 0.904115
0.23017 0.95003
0.903724 0.185483
0.308438 0.905916
0.659681 0.567255
0.0219351 0.999519
0.854433 0.272803
0.583332 0.661248
0.426596 0.822956
0.493433 0.757992
0.860422 0.264431
0.705863 0.501772
0.884693 0.219022
0.949069 0.101628
0.764132 0.416597
0.204543 0.95827
0.0545423 0.997612
0.369975 0.863479
0.0804807 0.995571
0.0186803 0.999688
0.374056 0.86094
0.592816 0.651975
0.62814 0.607519
0.941411 0.117573
0.949978 0.0984921
0.545843 0.706741
0.666773 0.56017
0.366543 0.866113
0.549395 0.7
0.848502 0.283559
0.237844 0.943766
0.521578 0.728884
0.103412 0.989646
0.767129 0.416481
0.210198 0.955817
0.566089 0.683971
0.380229 0.857788
0.954602 0.0922612
0.535058 0.717193
0.854182 0.278726
0.829617 0.314176
0.552586 0.694648
0.656757 0.569871
0.569087 0.679435
0.751405 0.437859
0.833622 0.310457
0.344352 0.88526
0.0663532 0.995632
0.727192 0.475135
0.82205 0.328988
0.251598 0.936886
0.755615 0.4319
0.251084 0.937931
0.386099 0.855291
0.60451 0.636206
0.178628 0.970331
0.953831 0.0939814
0.322407 0.897283
0.322844 0.8962
0.218645 0.953956
0.0812855 0.994255
0.533063 0.719913
0.440125 0.806854
0.11505 0.987167
0.0315027 0.99946
0.849671 0.279727
0.58128 0.662932
0.973703 0.0603082
0.217248 0.954546
0.347202 0.883545
0.549086 0.70339
0.870953 0.250183
0.761468 0.423532
0.477111 0.775268
0.754598 0.435913
0.572065 0.674539
0.939348 0.120377
0.816737 0.338155
0.603073 0.639731
0.241417 0.94257
0.719296 0.483284
0.467432 0.783186
0.378251 0.859248
0.819582 0.330795
0.465645 0.784058
