140772 460.085
1 0
0 1
0.958697 0.0866694
0.84138 0.296301
0.387319 0.850095
0.780161 0.393966
0.32566 0.896012
0.172078 0.971663
0.944019 0.109395
0.96133 0.075871
0.610841 0.62807
0.835272 0.303669
0.776415 0.399516
0.633597 0.601649
0.851308 0.275303
0.864427 0.258338
0.161016 0.974074
0.856957 0.267202
0.431866 0.814617
0.617126 0.620388
0.638098 0.592881
0.939304 0.118456
0.772772 0.408476
0.406746 0.83615
0.601693 0.640618
0.817465 0.336669
0.719524 0.483681
0.293635 0.914457
0.867564 0.2488
0.843978 0.288095
0.71572 0.488741
0.300241 0.910557
0.0281398 0.999364
0.585806 0.658314
0.553205 0.69548
0.362833 0.868511
0.646813 0.583301
0.539358 0.709564
0.950015 0.106555
0.748175 0.440234
0.881217 0.224888
0.80897 0.351519
0.705373 0.505288
0.527784 0.722183
0.952357 0.0930154
0.255129 0.935117
0.643166 0.590654
0.974975 0.0511714
0.0570216 0.997519
0.687959 0.526808
0.212474 0.954876
0.343181 0.882546
0.821715 0.328958
0.287702 0.918054
0.983602 0.0326368
0.885421 0.21873
0.6737 0.546307
0.98011 0.0416036
0.0701912 0.995289
0.744128 0.449192
0.37083 0.864118
0.281964 0.920851
0.144506 0.98001
0.679353 0.542966
0.73347 0.462962
0.260865 0.931967
0.400436 0.840266
0.712205 0.496051
0.832622 0.30967
0.178188 0.96836
0.520616 0.732066
0.73039 0.468545
0.583239 0.663899
0.110437 0.988709
0.549115 0.700856
0.455072 0.793769
0.0174151 0.999697
0.725003 0.477892
0.10286 0.989711
0.572619 0.674141
0.595616 0.647676
0.923047 0.149726
0.523145 0.727866
0.485382 0.765433
0.334083 0.88911
0.934654 0.128731
0.236819 0.944783
0.93151 0.13443
0.116958 0.986448
0.379907 0.85798
0.804304 0.354713
0.590306 0.651719
0.184428 0.966525
0.860613 0.263452
0.035983 0.998885
0.306775 0.908195
0.670411 0.552023
0.354425 0.875234
0.92944 0.140206
0.5 0.75
0.276434 0.924636
0.784909 0.385015
0.53524 0.71603
0.708625 0.499178
0.450015 0.798103
0.878377 0.230418
0.875734 0.235409
0.907176 0.17833
0.684428 0.532553
0.925746 0.144819
0.95075 0.0971327
0.568165 0.677893
0.514416 0.736619
0.219321 0.952225
0.0782286 0.994163
0.123328 0.985043
0.995405 0.0105643
0.896784 0.197292
0.392876 0.847627
0.496649 0.754374
0.426501 0.820785
0.681787 0.536559
0.062255 0.996154
0.0955003 0.990963
0.504863 0.746468
0.466901 0.784053
0.987877 0.0254146
0.997376 0.00550346
0.359705 0.872204
0.481733 0.769859
0.755592 0.43129
0.62433 0.612056
0.811645 0.343396
0.937584 0.123468
0.396475 0.843556
0.436848 0.810013
0.920443 0.156636
0.72677 0.473736
0.979189 0.0461979
0.412655 0.832149
0.606778 0.632516
0.206866 0.957886
0.15155 0.977101
0.490538 0.76162
0.910508 0.171873
0.0458382 0.997977
0.823289 0.32442
0.766037 0.414821
0.87186 0.239878
0.667696 0.556475
0.558139 0.690665
0.243613 0.944266
0.477254 0.772423
0.800494 0.359512
0.65567 0.570937
0.37346 0.861239
0.339174 0.887063
0.248673 0.938172
0.0898157 0.992013
0.762224 0.420054
0.700537 0.509737
0.971776 0.0570786
0.0837573 0.993122
0.460922 0.791727
0.991934 0.0202098
0.462566 0.787548
0.696307 0.515551
0.532313 0.718594
0.320217 0.898141
0.31046 0.904496
0.492524 0.758136
0.649802 0.578084
0.892096 0.205388
0.870536 0.244463
0.604171 0.635953
0.992524 0.0163687
0.792388 0.37232
0.768389 0.411906
0.225003 0.951616
0.758536 0.426178
0.651936 0.575184
0.828751 0.314677
0.967128 0.0646626
0.190295 0.964038
0.894199 0.202755
0.470386 0.780141
0.193832 0.963118
0.812706 0.340219
0.664984 0.560751
0.155244 0.976274
0.73713 0.457491
0.889088 0.210865
0.200179 0.961335
0.419317 0.824876
0.847437 0.282591
0.970894 0.0608397
0.899341 0.192194
0.742193 0.452178
0.578938 0.668882
0.230189 0.947657
0.271888 0.926896
0.965026 0.0704634
0.630065 0.606559
0.788406 0.378524
0.576912 0.669491
0.888154 0.213816
0.564443 0.681836
0.00760041 0.999942
0.986843 0.0302962
0.692125 0.522027
0.137811 0.981207
0.559639 0.687815
0.423696 0.822058
0.628603 0.60841
0.439712 0.807552
0.848866 0.280729
0.247569 0.941476
0.267373 0.929651
0.825936 0.318796
0.903301 0.185206
0.902692 0.191039
0.912829 0.169573
0.562838 0.684079
0.130614 0.984377
0.0432939 0.998197
0.905083 0.182385
0.349323 0.879105
0.694417 0.521815
0.751939 0.4347
0.543863 0.705482
0.795351 0.368268
0.798582 0.363026
0.919796 0.161341
0.73978 0.456846
0.791871 0.377894
0.914584 0.165035
0.313704 0.901751
0.20419 0.961118
0.316992 0.900876
0.011373 0.999871
0.700179 0.513927
0.661622 0.56294
0.786145 0.383842
0.544914 0.704516
0.76103 0.423691
0.513503 0.740789
0.378663 0.857989
0.446295 0.80102
0.508226 0.742938
0.659164 0.568428
