186725 370.042
1 0
0 1
0.627322 0.609485
0.540485 0.708034
0.576812 0.668552
0.880593 0.227765
0.874115 0.236786
0.563571 0.683135
0.648019 0.580886
0.748612 0.440071
0.786338 0.385269
0.257031 0.934364
0.904055 0.186494
0.91122 0.172412
0.532999 0.717192
0.743995 0.450606
0.0956491 0.991519
0.632701 0.600863
0.329647 0.891367
0.669895 0.553632
0.440338 0.806231
0.933902 0.131704
0.907468 0.177912
0.557254 0.689855
0.300768 0.909821
0.369002 0.864411
0.106426 0.990572
0.928364 0.138841
0.916532 0.164331
0.390273 0.848586
0.686074 0.530361
0.592793 0.649976
0.885964 0.215363
0.336656 0.887305
0.621421 0.615026
0.395661 0.843552
0.789055 0.377614
0.898881 0.192314
0.844073 0.289261
0.464906 0.784827
0.660263 0.569094
0.779979 0.392015
0.643559 0.589923
0.796463 0.367447
0.295138 0.914864
0.691047 0.52288
0.324473 0.896832
0.58605 0.656919
0.921025 0.154048
0.376399 0.859839
0.840139 0.295068
0.807442 0.349269
0.890052 0.208685
0.767773 0.411233
0.94367 0.109788
0.752176 0.435172
0.882902 0.220779
0.772147 0.404094
0.0573696 0.996968
0.815313 0.335676
0.79347 0.373427
0.614245 0.624086
0.428048 0.816898
0.602173 0.638531
0.607181 0.632294
0.483004 0.768986
0.6736 0.547005
0.476469 0.773628
0.829978 0.315526
0.706196 0.50232
0.819511 0.330026
0.508238 0.742369
0.424668 0.822635
0.846994 0.282975
0.205612 0.958167
0.833842 0.307954
0.57079 0.677374
0.151961 0.977303
0.581242 0.662932
0.618982 0.620305
0.0250031 0.999543
0.935826 0.124922
0.158558 0.975348
0.652133 0.574738
0.865248 0.256977
0.400481 0.839801
0.982256 0.0362825
0.41265 0.830633
0.503977 0.74697
0.992356 0.016089
0.893018 0.204264
0.756875 0.430478
0.199411 0.960487
0.989339 0.0221919
0.940488 0.115798
0.866381 0.251012
0.0109177 0.999905
0.27499 0.924518
0.609654 0.628531
0.28922 0.91667
0.972943 0.0541045
0.972134 0.0604628
0.957648 0.0836347
0.804941 0.354326
0.522879 0.730197
0.995161 0.0122695
0.0329615 0.999008
0.918055 0.159022
0.962387 0.0801259
0.984286 0.0311972
0.923929 0.14669
0.126908 0.985206
0.112518 0.98776
0.596135 0.647036
0.950561 0.0972985
0.282891 0.921174
0.435427 0.813939
0.59898 0.641579
0.0174578 0.999711
0.265255 0.930671
0.739869 0.453844
0.0864949 0.99302
0.164229 0.973481
0.664472 0.559578
0.799736 0.361163
0.77499 0.400729
0.452292 0.796703
0.474437 0.777663
0.544678 0.703721
0.967585 0.0639421
0.133168 0.98252
0.704382 0.506936
0.212149 0.956488
0.725648 0.474941
0.9534 0.091417
0.988691 0.0280007
0.0638109 0.996138
0.975664 0.0487735
0.189425 0.967514
0.837614 0.300984
0.683245 0.535154
0.408076 0.834615
0.940338 0.121952
0.654851 0.571744
0.249573 0.938393
0.663941 0.561999
0.813149 0.344365
0.458475 0.790872
0.777987 0.395681
0.308455 0.907068
0.871168 0.24287
0.195137 0.963325
0.318633 0.898694
0.947374 0.104783
0.380059 0.857272
0.21545 0.95382
0.274098 0.927665
0.826234 0.317466
0.0479865 0.997955
0.349273 0.8783
0.0389149 0.998675
0.710321 0.495762
0.979779 0.0426154
0.494688 0.756711
0.963419 0.0746881
0.569795 0.67811
0.365012 0.869236
0.86885 0.2451
0.762592 0.42445
0.85292 0.273839
0.404828 0.836758
0.676521 0.542955
0.361381 0.869756
0.145513 0.978826
0.517351 0.733323
0.356651 0.873628
0.343259 0.885779
0.445203 0.802094
0.419153 0.824772
0.824389 0.323288
0.925892 0.144243
0.553896 0.694577
0.695044 0.520965
0.850177 0.278615
0.5 0.75
0.732882 0.464586
0.0702633 0.995824
0.355134 0.876033
0.801273 0.357963
0.639927 0.59141
0.95591 0.088589
0.497998 0.753171
0.457648 0.791277
0.232997 0.945882
0.763139 0.417652
0.230248 0.947791
0.730198 0.472678
0.997124 0.00604985
0.267665 0.930567
0.759303 0.426638
0.700533 0.510852
0.697328 0.516942
0.17938 0.968019
0.38521 0.853296
0.822038 0.325568
0.718198 0.484328
0.529708 0.719802
0.52426 0.725378
0.511972 0.738144
0.138298 0.982382
0.121373 0.985375
0.739369 0.460376
0.117668 0.987225
0.221091 0.95195
0.765255 0.415146
0.528357 0.724131
0.0023717 0.999994
0.856651 0.267629
0.81456 0.342675
0.285466 0.920441
0.58545 0.660869
0.170531 0.972995
0.491281 0.761121
0.730579 0.467961
0.143559 0.981566
0.315313 0.901212
0.834671 0.303594
0.735821 0.461042
0.949377 0.101964
0.243278 0.942004
0.434562 0.815004
0.860814 0.261412
0.977782 0.0449162
0.469416 0.780798
0.486024 0.765063
0.0786554 0.994561
0.238386 0.943945
0.189512 0.964153
0.895661 0.198598
0.0454741 0.998385
0.636644 0.596758
0.225008 0.94983
0.074947 0.995196
0.712285 0.492739
0.313149 0.903958
0.897068 0.198482
0.721427 0.480104
0.85955 0.261584
0.722819 0.479455
0.0833754 0.993636
