105517 350.057
1 0
0 1
0.850057 0.278174
0.858182 0.263783
0.95801 0.0832622
0.598348 0.642648
0.701226 0.510177
0.682533 0.535275
0.706105 0.501583
0.151958 0.977072
0.789024 0.380356
0.543878 0.707147
0.710217 0.497773
0.464906 0.785833
0.715028 0.489751
0.615935 0.625187
0.979313 0.0448829
0.342706 0.883532
0.67793 0.541871
0.607319 0.633645
0.59037 0.651713
0.370276 0.864436
0.162521 0.974775
0.13096 0.983228
0.0830374 0.993963
0.470894 0.780495
0.994857 0.0125476
0.915777 0.163805
0.828249 0.315153
0.973897 0.051824
0.816038 0.336538
0.110263 0.988147
0.955129 0.0931717
0.961652 0.0769467
0.867677 0.248276
0.259497 0.933432
0.459531 0.789462
0.909859 0.173656
0.8717 0.241407
0.057576 0.996685
0.659837 0.56482
0.0175044 0.999834
0.63274 0.600805
0.357365 0.873174
0.571889 0.673181
0.0263918 0.999362
0.504064 0.746984
0.0732997 0.994627
0.528969 0.72349
0.832505 0.307699
0.698321 0.515811
0.269312 0.92786
0.418198 0.825121
0.376291 0.860241
0.203013 0.960739
0.412352 0.831557
0.999962 0.00601727
0.00875459 0.999962
0.783373 0.387011
0.919703 0.155541
0.398878 0.841699
0.509896 0.742379
0.521249 0.729517
0.906873 0.180312
0.103239 0.989476
0.0347522 0.998965
0.671315 0.552152
0.328195 0.893862
0.861914 0.259117
0.809722 0.345563
0.219028 0.952418
0.674124 0.546957
0.53383 0.715253
0.559854 0.687877
0.319123 0.899436
0.864828 0.253351
0.47625 0.77421
0.846635 0.283875
0.737133 0.458286
0.92505 0.145471
0.0493915 0.998073
0.903747 0.184953
0.886475 0.214197
0.937887 0.128032
0.166963 0.972303
0.352643 0.877353
0.842552 0.295673
0.304897 0.909703
0.901 0.190929
0.80636 0.351751
0.490598 0.760948
0.348778 0.880951
0.666448 0.556561
0.482642 0.767683
0.455449 0.795036
0.193225 0.963873
0.758466 0.426275
0.843956 0.28866
0.949324 0.102881
0.839749 0.300791
0.912557 0.167553
0.945783 0.107439
0.656834 0.572024
0.650103 0.578383
0.0430007 0.99864
0.313087 0.903182
0.336848 0.88922
0.969044 0.0609911
0.921543 0.15199
0.813087 0.341519
0.928199 0.14208
0.686965 0.529251
0.82001 0.329352
0.772346 0.408215
0.803345 0.355442
0.964487 0.0708643
0.89769 0.195182
0.602403 0.641727
0.120376 0.987581
0.764753 0.415515
0.381503 0.857909
0.122537 0.985396
0.768197 0.410228
0.66447 0.561366
0.494856 0.75578
0.174604 0.970413
0.309722 0.905541
0.58609 0.659022
0.323383 0.896833
0.883986 0.220959
0.138195 0.981505
0.280179 0.923809
0.94291 0.112227
0.967848 0.068018
0.538843 0.709768
0.775086 0.401924
0.429675 0.817237
0.404545 0.839208
0.564667 0.684429
0.0960656 0.991292
0.835352 0.304285
0.745512 0.446496
0.722823 0.478259
0.972335 0.0570254
0.641011 0.590561
0.988249 0.0248894
0.938231 0.11979
0.629655 0.606674
0.42505 0.820428
0.627543 0.609519
0.548954 0.698902
0.894659 0.199668
0.248498 0.939828
0.750488 0.437838
0.525481 0.724939
0.619743 0.617172
0.755305 0.431795
0.747047 0.442308
0.777262 0.398749
0.240067 0.94257
0.731649 0.471469
0.394512 0.846653
0.558611 0.695193
0.333153 0.889484
0.213504 0.956015
0.444986 0.803159
0.821329 0.326628
0.653183 0.573926
0.605743 0.635016
0.553879 0.695202
0.433008 0.814024
0.17793 0.968472
0.5 0.750588
0.385442 0.854402
0.580233 0.664387
0.146202 0.979616
0.780179 0.393404
0.273026 0.925517
0.930041 0.135153
0.568579 0.67907
0.286312 0.918297
0.299682 0.911796
0.258196 0.935473
0.225566 0.951121
0.364573 0.868417
0.512692 0.738147
0.889424 0.209916
0.800838 0.361397
0.451063 0.800833
0.940615 0.116753
0.873983 0.236187
0.363083 0.869644
0.742039 0.451437
0.643329 0.586195
0.517209 0.73408
0.721558 0.484985
0.616891 0.622922
0.879736 0.226065
0.739787 0.452715
0.283373 0.921252
0.474177 0.775808
0.487352 0.764423
0.589714 0.654029
0.422693 0.824132
0.693385 0.520197
0.986496 0.0286064
0.251774 0.938148
0.990617 0.0187168
0.72085 0.488109
0.391456 0.847593
0.733939 0.46345
0.933626 0.131658
0.582775 0.661751
0.636716 0.59553
0.877441 0.231611
0.205828 0.958764
0.825042 0.321265
0.753978 0.435476
0.227332 0.94832
0.791325 0.373818
0.984066 0.0321593
0.761659 0.422203
0.291086 0.916507
0.43653 0.811342
0.0903767 0.99234
0.535914 0.713571
0.892505 0.203854
0.211528 0.958165
0.992473 0.0177011
0.622537 0.613432
0.497808 0.753339
0.733377 0.465812
0.183511 0.966684
0.981374 0.0390766
0.451532 0.797461
0.0663509 0.996655
0.406873 0.835366
0.142761 0.980403
0.762704 0.419744
0.576217 0.668573
0.725326 0.474729
0.690072 0.527532
0.190528 0.964228
0.782007 0.390975
0.726973 0.472739
0.795678 0.369855
0.185448 0.965687
0.951063 0.0968446
0.881885 0.224242
0.646485 0.582973
