124160 530.112
0.999989 0.000219797
4.74819e-13 1.00027
0.121584 0.985587
2.14881e-12 1.00025
0.308898 0.905236
0.28805 0.917655
0.146748 0.978755
0.214225 0.954578
0.122212 0.985376
0.24655 0.939684
0.197684 0.961397
0.158134 0.975311
0.702412 0.507752
0.231508 0.947208
0.713228 0.49412
0.279374 0.922767
0.191893 0.963572
0.708413 0.498655
0.696181 0.515718
0.319414 0.898711
0.179798 0.968121
0.72725 0.472553
0.170279 0.971414
0.739032 0.455068
0.272101 0.926847
0.719283 0.483182
0.222676 0.950758
0.253331 0.937289
0.743798 0.447098
0.263552 0.936942
0.268303 0.93266
0.72079 0.480723
0.346839 0.880127
0.681635 0.535724
0.823047 0.322883
0.923925 0.146817
0.794428 0.369479
0.422103 0.822116
0.92042 0.153125
0.597802 0.642878
0.323352 0.895781
0.826408 0.317332
0.819883 0.328434
0.559056 0.687702
0.952065 0.0939933
0.677708 0.540968
0.360056 0.870612
0.601474 0.638414
0.426808 0.818023
0.83763 0.299107
0.548547 0.699627
0.329376 0.892521
0.384943 0.852043
0.594047 0.647355
0.807367 0.348402
0.850992 0.276113
0.587125 0.655687
0.4179 0.825684
0.7353 0.460133
0.692065 0.521375
0.797337 0.364516
0.746913 0.443217
0.544841 0.703412
0.44129 0.805501
0.482071 0.76783
0.845378 0.285629
0.854101 0.271186
0.460655 0.788112
0.404345 0.836765
0.590634 0.651449
0.430662 0.814742
0.445401 0.801835
0.834417 0.304185
0.76486 0.415302
0.380458 0.855453
0.86197 0.257375
0.848184 0.280898
0.633849 0.598528
0.524932 0.724693
0.622205 0.613189
0.605024 0.634158
0.648227 0.580062
0.864824 0.252344
0.786786 0.381707
0.668568 0.553359
0.986358 0.0274492
0.749988 0.437834
0.931701 0.13242
0.671571 0.549218
0.44935 0.798355
0.665239 0.557692
0.784299 0.386499
0.928934 0.137348
0.810185 0.343932
0.354612 0.87479
0.685428 0.530509
0.949215 0.0994896
0.768247 0.410535
0.571612 0.673639
0.659089 0.565974
0.655957 0.569953
0.926562 0.141951
0.541152 0.707655
0.376304 0.858581
0.85928 0.261959
0.662434 0.561943
0.856694 0.266536
0.583563 0.659945
0.674827 0.544891
0.389512 0.848731
0.800288 0.359869
0.829202 0.313024
0.456663 0.791646
0.562521 0.683863
0.372509 0.861968
0.611275 0.626613
0.971148 0.0572401
0.875641 0.233504
0.878416 0.228828
0.812962 0.339342
0.554921 0.692267
0.892369 0.203953
0.36458 0.867292
0.47781 0.771972
0.501891 0.748315
0.83178 0.308449
0.453122 0.794831
0.471343 0.778078
0.973572 0.0524654
0.40011 0.84015
0.511374 0.738726
0.630671 0.602601
0.608261 0.630208
0.983911 0.0322829
0.575049 0.669662
0.730151 0.467351
0.552348 0.695106
0.842492 0.290528
0.968768 0.0618563
0.88084 0.224561
0.464644 0.784356
0.988879 0.0224461
0.997924 0.00456792
0.909715 0.172752
0.907361 0.177364
0.889804 0.208624
0.99344 0.0134529
0.88757 0.212746
0.99095 0.0183852
0.645425 0.584008
0.485602 0.764412
0.642337 0.587699
0.528679 0.720692
0.840298 0.294251
0.995539 0.00939494
0.498276 0.751946
0.368491 0.864979
0.975876 0.0480129
0.770731 0.406652
0.978054 0.0437158
0.340154 0.88521
0.89493 0.199644
0.904871 0.181512
0.50527 0.74488
0.944726 0.107965
0.75259 0.434116
0.408552 0.833327
0.467724 0.781523
0.947005 0.103482
0.873249 0.23783
0.392959 0.845777
0.17486 0.9697
0.396664 0.842985
0.780917 0.390514
0.954632 0.0889264
0.870919 0.241715
0.495201 0.754973
0.637294 0.594147
0.474854 0.774677
0.9392 0.118438
0.966456 0.066248
0.899163 0.191832
0.625761 0.608665
0.491892 0.758252
0.488913 0.761162
0.762222 0.419701
0.964487 0.0701232
0.228007 0.948476
0.568259 0.677394
0.732443 0.463978
0.791022 0.37484
0.43502 0.810996
0.50848 0.741833
0.619057 0.617014
0.565878 0.680284
0.61467 0.622416
0.958511 0.0816599
0.755307 0.430158
0.897102 0.195567
0.51529 0.734792
0.531531 0.717824
0.75774 0.427156
0.759917 0.422791
0.804252 0.353653
0.580413 0.663361
0.937211 0.121968
0.343914 0.882328
0.437221 0.809029
0.577993 0.666236
0.41358 0.829143
0.332893 0.889526
0.335978 0.887523
0.884961 0.217347
0.639403 0.591496
0.962232 0.0744381
0.534666 0.714665
0.883341 0.220086
0.95642 0.0856448
0.789568 0.376943
0.817001 0.33285
0.777118 0.396458
0.627708 0.606189
0.960593 0.0777034
0.980355 0.0393516
0.981727 0.0366138
0.815612 0.335242
0.651837 0.575445
0.867416 0.247943
0.68966 0.524683
0.517264 0.732596
0.802913 0.355826
0.912067 0.168458
0.687738 0.527275
0.773444 0.402572
0.616723 0.619946
0.774605 0.400605
0.941571 0.113764
0.778916 0.393848
0.86862 0.245903
0.934131 0.127792
0.355309 0.873985
0.652788 0.574153
0.901575 0.187506
0.521393 0.728471
0.902624 0.185734
0.411481 0.830913
0.942542 0.112026
0.935031 0.126061
0.537863 0.710902
0.916017 0.161247
