317199 130.004
4.2381e-10 1.17643
1.48095e-09 1.14026
0.71652 0.627571
0.708313 0.635501
0.746167 0.596256
0.511033 0.849094
0.511029 0.851176
0.511035 0.845
0.511034 0.849053
0.999069 0.172169
0.337162 0.97431
0.337162 0.974997
0.746304 0.57681
0.151928 1.05821
0.892079 0.339788
0.33715 0.976099
0.151937 1.05778
2.40713e-10 1.2038
0.720855 0.599504
0.426622 0.910078
0.720842 0.604107
0.630565 0.715388
0.720839 0.607406
0.559168 0.785335
0.337147 0.977658
0.337143 0.98028
0.578912 0.779075
0.995471 0.187129
0.939754 0.266028
0.798797 0.487544
0.788019 0.50008
0.468736 0.87273
0.939765 0.258445
0.468735 0.87922
0.377571 0.9467
0.437052 0.905692
1.00111e-07 1.07683
0.437058 0.89936
0.793456 0.492188
0.890776 0.339908
0.890776 0.342271
0.872678 0.369491
1.27659e-08 1.09698
0.408607 0.921785
0.408597 0.922358
0.408613 0.918095
0.633595 0.700048
0.633593 0.703919
0.471663 0.870776
0.282057 0.999734
0.282066 0.999522
0.998605 0.184444
0.97043 0.196472
0.963029 0.222258
0.562381 0.779096
0.950453 0.231697
0.963032 0.212629
0.950445 0.257955
0.194247 1.03819
0.903633 0.321821
0.950449 0.250611
0.24537 1.0164
0.769333 0.517721
0.769327 0.536736
0.658941 0.665843
0.522196 0.817777
0.982444 0.189091
0.658931 0.668789
0.856928 0.385588
0.194248 1.03592
0.879463 0.349054
0.223865 1.0267
0.658944 0.664324
0.0980212 1.05961
0.30919 0.981053
0.309186 0.981905
0.252229 1.01063
0.360886 0.949611
0.681651 0.647727
0.84255 0.406686
0.441434 0.889233
0.87947 0.347355
0.601707 0.734527
0.776087 0.507148
0.681651 0.638984
0.384444 0.931959
0.587952 0.740202
0.539996 0.812071
0.540004 0.79721
0.384449 0.931928
0.748108 0.543937
0.748097 0.545532
0.409156 0.913694
1.41079e-07 1.06779
0.776094 0.505491
0.681657 0.635845
0.409164 0.913613
1.76695e-06 1.06613
0.829578 0.454274
0.539999 0.797585
0.384436 0.93197
0.476356 0.856813
0.928228 0.266726
0.829584 0.426919
0.348631 0.955311
0.601719 0.730323
0.74808 0.572624
0.681044 0.651519
0.348624 0.956545
0.681665 0.635786
0.60171 0.733053
0.748106 0.545455
0.643474 0.683177
0.294014 0.990135
0.34862 0.968047
0.643481 0.683146
0.748088 0.548719
0.25223 1.0095
0.917503 0.285257
0.601712 0.731785
0.155229 1.04755
0.907207 0.300951
0.153569 1.04803
0.476343 0.858006
0.097268 1.06127
0.748083 0.5497
0.252225 1.01064
0.87947 0.345427
0.0972764 1.06014
0.541379 0.794774
0.824843 0.466658
