628804 370.013
0.994422 0.107003
1.10775e-10 1.34584
6.20261e-10 1.06608
2.82836e-10 1.29758
0.117787 1.03575
0.849145 0.359186
0.530997 0.780726
0.890734 0.293317
0.740035 0.532793
0.725416 0.547867
0.9007 0.275593
0.975621 0.142468
0.15755 1.02535
0.337249 0.950846
0.249185 0.993876
0.838881 0.37885
0.60837 0.707848
0.623628 0.683468
0.259446 0.985283
0.22769 0.999959
0.512205 0.804808
0.937047 0.225319
0.31664 0.957642
0.824396 0.415236
0.591445 0.715855
0.117778 1.03613
0.987931 0.138326
0.970107 0.159004
0.85763 0.347844
0.807105 0.435698
0.612455 0.696618
0.775134 0.476809
0.2809 0.977932
0.346159 0.940087
0.449871 0.8652
0.394013 0.901455
0.970111 0.158967
0.214018 1.00575
0.225687 1.00079
0.289573 0.969223
0.744626 0.526227
0.80027 0.439127
0.699085 0.584134
0.338263 0.944231
0.449865 0.867219
0.881646 0.316679
0.926981 0.238348
0.829695 0.400513
0.271296 0.979299
0.721287 0.558667
0.563572 0.75746
0.491363 0.824753
0.405794 0.897524
0.376177 0.916946
0.711956 0.565803
0.287611 0.973578
0.359648 0.931057
0.408751 0.895213
0.396188 0.899731
0.711908 0.566521
0.584854 0.734761
0.553427 0.757504
0.832983 0.388139
0.881637 0.322875
0.252998 0.992969
0.783453 0.469786
0.426965 0.875614
0.460405 0.845144
0.625692 0.675747
0.491356 0.829423
0.426129 0.880481
0.589759 0.724563
0.515329 0.801686
0.914866 0.251711
0.271301 0.979265
0.744617 0.526258
0.800292 0.439121
0.824397 0.408101
0.928991 0.226923
0.833012 0.388101
0.838868 0.384491
0.589766 0.716773
0.460382 0.846324
0.914859 0.251842
0.359653 0.926484
0.777773 0.472043
0.826727 0.406295
0.553423 0.763096
0.625687 0.676463
0.431622 0.871922
0.828134 0.402933
0.586166 0.727676
0.783422 0.470027
0.609103 0.70054
0.584864 0.734314
0.777772 0.472909
0.60911 0.700428
0.612449 0.696625
0.928972 0.234463
0.58617 0.726641
0.431655 0.871829
0.928986 0.233104
0.514443 0.802621
0.928988 0.227064
0.316627 0.957719
0.838876 0.38448
0.252981 0.993058
4.03811e-08 1.06089
0.35965 0.926487
0.553427 0.761908
0.721301 0.556323
6.55468e-08 1.06065
0.37618 0.916909
0.721301 0.556808
0.515322 0.80175
0.157543 1.0258
0.553426 0.762021
0.625692 0.676242
0.71194 0.566345
0.157548 1.0257
0.584855 0.734717
0.584856 0.734319
0.289553 0.969448
0.783423 0.469934
0.711919 0.566436
0.92899 0.227039
0.431627 0.871873
0.609106 0.700468
0.711931 0.566392
0.252996 0.99299
0.435234 0.867774
0.684717 0.599658
0.376183 0.912135
0.93136 0.225843
0.289535 0.969452
0.376182 0.914514
0.665527 0.624234
0.177514 1.01709
0.684708 0.601152
0.653786 0.639107
7.05003e-08 1.04933
0.414508 0.88313
2.54886e-06 1.04726
0.495987 0.812113
0.303009 0.959576
0.721304 0.553453
0.359818 0.922173
0.755098 0.502381
0.57058 0.736373
0.810615 0.423882
0.359813 0.925974
0.906886 0.26545
0.693549 0.587522
0.988221 0.114689
0.988216 0.118239
0.146037 1.02898
0.653788 0.638709
2.90205e-07 1.04728
0.132642 1.03246
0.906895 0.264997
0.5423 0.766429
0.414505 0.885192
0.906898 0.261819
0.207095 1.00845
0.755114 0.49154
0.86215 0.337476
0.886809 0.299789
0.146047 1.02688
0.194804 1.01102
0.570582 0.736328
0.644501 0.650513
0.869509 0.328758
0.869513 0.32481
0.771065 0.479411
0.414503 0.885264
0.294403 0.964169
0.294398 0.96445
0.731814 0.538918
0.826738 0.403077
0.810627 0.41965
0.810618 0.419757
0.20709 1.01046
0.704901 0.575353
0.918181 0.24579
0.461556 0.843997
0.944544 0.194775
0.461564 0.843482
0.701497 0.579903
0.918182 0.245414
0.0512207 1.04445
0.449994 0.85601
0.998898 0.103695
0.886486 0.300348
0.456436 0.850763
0.704901 0.575345
0.520286 0.788747
0.786549 0.453338
0.918188 0.245294
0.630806 0.667347
0.918195 0.24217
1.56638e-07 1.04927
3.8085e-10 1.21712
0.644483 0.653449
0.565591 0.74405
0.892403 0.289353
0.644509 0.65017
0.644481 0.667207
0.294372 0.966667
0.644494 0.653014
0.959708 0.171093
0.949839 0.189409
0.755076 0.508338
0.565598 0.744041
0.755083 0.503782
0.207096 1.00809
0.165834 1.02463
0.294377 0.966465
0.892411 0.287045
0.830271 0.391494
0.194793 1.01104
0.832771 0.390244
0.906231 0.266684
0.376701 0.91108
0.376698 0.911316
0.951351 0.182317
0.565608 0.73813
0.468814 0.834467
0.565605 0.741354
0.4688 0.837007
0.538464 0.76996
4.83363e-06 1.04473
0.881805 0.300499
0.951338 0.182937
0.646384 0.6475
0.861338 0.341432
0.349764 0.932373
