144543 320.037
0.999995 0.000288759
2.61751e-07 1.06119
0.33131 0.891408
0.385798 0.854668
0.339198 0.886684
0.39952 0.842155
0.416718 0.829082
0.426262 0.821892
0.455959 0.792653
0.465129 0.784006
0.436836 0.811877
0.451807 0.796391
0.445929 0.803924
0.420524 0.826872
0.503891 0.746417
0.474775 0.77494
0.493506 0.757353
0.54586 0.702325
0.500054 0.750236
0.774201 0.401052
0.973217 0.0535038
0.442405 0.807839
0.496889 0.753705
0.549573 0.698361
0.77111 0.406014
0.955424 0.087558
0.782505 0.388147
0.744784 0.445616
0.948788 0.100386
0.515719 0.734414
0.692804 0.520428
0.677635 0.54109
0.615571 0.621466
0.971053 0.0576131
0.507565 0.742744
0.698165 0.513003
0.612605 0.625202
0.519314 0.731224
0.695527 0.516495
0.54285 0.705989
0.997197 0.00617693
0.609952 0.628682
0.665237 0.557892
0.975777 0.0484785
0.70592 0.502081
0.594776 0.646728
0.791511 0.374048
0.9385 0.119873
0.74781 0.441404
0.589038 0.653406
0.674791 0.54507
0.860714 0.259914
0.816394 0.334024
0.563628 0.682803
0.622461 0.61281
0.591986 0.650126
0.946629 0.104327
0.807061 0.349019
0.690089 0.524162
0.648273 0.580265
0.814062 0.337896
0.952719 0.0927943
0.59771 0.643168
0.883927 0.219362
0.625416 0.609352
0.701007 0.509084
0.586175 0.656906
0.680323 0.537535
0.908547 0.175224
0.662485 0.561523
0.667941 0.554238
0.809626 0.345146
0.65094 0.576573
0.918476 0.157032
0.957434 0.0840244
0.940842 0.115335
0.856268 0.267305
0.58355 0.65999
0.901017 0.188636
0.703242 0.505978
0.849987 0.278082
0.993396 0.0137814
0.924706 0.145476
0.784932 0.384644
0.755955 0.429171
0.963339 0.0725666
0.991768 0.017983
0.731759 0.46545
0.83584 0.302099
0.858263 0.263749
0.682855 0.534226
0.575333 0.669517
0.932641 0.130692
0.959617 0.0797487
0.539843 0.709043
0.472658 0.780491
0.811685 0.341602
0.779604 0.392707
0.944492 0.108503
0.758197 0.425542
0.578319 0.666016
0.92065 0.152944
0.660085 0.564814
0.829739 0.312047
0.914489 0.164086
0.922577 0.149519
0.951247 0.0956302
0.895401 0.198899
0.930718 0.134269
0.685346 0.530761
0.734333 0.461113
0.831874 0.308659
0.606914 0.632244
0.965465 0.0683758
0.853966 0.271443
0.738422 0.455354
0.76048 0.422088
0.889534 0.209655
0.928657 0.13821
0.871989 0.240324
0.708453 0.498462
0.762749 0.418646
0.995586 0.00984519
0.714734 0.489788
0.687656 0.527575
0.847643 0.282084
0.572797 0.672218
0.903162 0.185027
0.580562 0.663187
0.877753 0.229965
0.721672 0.479594
0.827436 0.315754
0.984549 0.0311679
0.469178 0.780976
0.570074 0.675529
0.789176 0.377756
0.926701 0.141708
0.489408 0.760843
0.968751 0.0621445
0.863079 0.255997
0.787141 0.380884
0.891423 0.205868
0.657518 0.56808
0.529355 0.720445
0.537068 0.711842
0.916434 0.16075
0.797353 0.364718
0.53446 0.714633
0.977486 0.0449847
0.512714 0.737668
0.531844 0.717582
0.89337 0.202387
0.881651 0.223201
0.961443 0.0762651
0.522036 0.727969
0.86809 0.247105
0.934889 0.126666
0.717241 0.485849
0.910883 0.170843
0.843653 0.288757
0.478587 0.771473
0.764971 0.415204
0.749899 0.438062
0.7191 0.483366
0.869743 0.244024
0.845856 0.285295
0.874019 0.236865
0.879911 0.226278
0.986642 0.0269582
0.838546 0.297545
0.875781 0.233444
0.852062 0.274574
0.804783 0.352678
0.645632 0.583546
0.834088 0.304925
0.841809 0.292011
0.983007 0.0346046
0.942703 0.112075
0.552348 0.695277
0.936365 0.123567
0.979499 0.0411708
0.818805 0.330099
0.67226 0.548322
0.825516 0.319099
0.912289 0.168145
0.643615 0.586175
0.510384 0.740001
0.768881 0.409287
0.670471 0.551078
0.600331 0.640152
0.526559 0.723297
0.71056 0.495355
0.740848 0.451624
0.981044 0.0381572
0.604663 0.634802
0.627929 0.606179
0.742377 0.449254
0.725556 0.47406
0.727805 0.470896
0.65338 0.573404
0.80106 0.358835
0.80306 0.35563
0.89881 0.192642
0.736199 0.458421
0.767075 0.412232
0.560822 0.686298
0.712679 0.492641
0.905031 0.181315
0.989437 0.0217101
0.439357 0.811026
0.602371 0.637672
0.753436 0.432653
0.629809 0.603789
0.897518 0.195029
0.556523 0.690625
0.90674 0.178843
0.799332 0.361795
0.618433 0.617988
0.776669 0.397357
0.886112 0.215501
0.967316 0.0650551
0.655246 0.571012
0.480318 0.769813
0.823642 0.322311
0.723621 0.476626
0.729582 0.468201
0.632238 0.600846
0.641126 0.589331
0.487787 0.762722
0.887352 0.213269
0.524276 0.725394
0.619857 0.616221
0.794057 0.369951
0.865847 0.25097
0.752025 0.434919
0.483369 0.766885
0.554453 0.692903
0.63571 0.596247
0.839685 0.295304
0.559047 0.68794
0.637852 0.593644
0.99979 0.00120911
0.484773 0.765406
0.566536 0.679564
0.82201 0.325037
0.794951 0.368428
0.820307 0.327578
0.634022 0.598644
0.988144 0.0241064
0.864736 0.252779
