226569 430.042
1 0
0 1
0.921373 0.151113
0.766453 0.413615
0.780428 0.391453
0.045406 0.998056
0.772613 0.404632
0.786954 0.38104
0.0288851 0.999166
0.61042 0.627713
0.914346 0.165987
0.569018 0.676694
0.801386 0.359115
0.795385 0.368338
0.089495 0.991995
0.606263 0.63455
0.472203 0.777254
0.819972 0.327765
0.480307 0.771496
0.44767 0.800212
0.196171 0.962545
0.187342 0.9654
0.253295 0.935951
0.102104 0.98961
0.777581 0.398403
0.833511 0.306759
0.600159 0.639847
0.617115 0.621507
0.946708 0.104131
0.972203 0.0552439
0.358114 0.875266
0.123506 0.984817
0.455595 0.794998
0.114802 0.986913
0.5 0.750017
0.285607 0.92174
0.691889 0.521558
0.836859 0.301134
0.203176 0.959337
0.180058 0.968021
0.509888 0.743877
0.96826 0.0640046
0.717619 0.485139
0.9849 0.0310137
0.974649 0.0501848
0.24305 0.94139
0.263442 0.932175
0.930516 0.144264
0.698715 0.514104
0.647503 0.581986
0.430516 0.819312
0.0535585 0.997135
0.828875 0.31409
0.951308 0.096247
0.574507 0.670341
0.172889 0.970323
0.34997 0.877751
0.0755138 0.994774
0.747296 0.441594
0.980314 0.0401703
0.153735 0.977416
0.989614 0.0210927
0.582218 0.66147
0.644227 0.586922
0.885981 0.218367
0.160072 0.974401
0.761754 0.422869
0.318093 0.89894
0.879448 0.226691
0.596111 0.645178
0.32844 0.892894
0.84068 0.294455
0.361996 0.869622
0.74352 0.448259
0.899575 0.191722
0.619747 0.6164
0.166569 0.972674
0.0830125 0.993122
0.366546 0.86652
0.640051 0.592266
0.930668 0.134092
0.893714 0.202201
0.578213 0.667716
0.28997 0.916066
0.278774 0.924701
0.679533 0.540148
0.323874 0.895909
0.146442 0.978731
0.542897 0.705875
0.89693 0.198394
0.657811 0.569126
0.750407 0.437057
0.629609 0.604152
0.825564 0.32403
0.849996 0.283848
0.941366 0.114455
0.505722 0.745487
0.736888 0.459047
0.423286 0.821338
0.924573 0.146495
0.661956 0.565781
0.313475 0.902937
0.371528 0.862433
0.308544 0.905235
0.867559 0.249089
0.248327 0.93865
0.979309 0.0433956
0.944035 0.109345
0.495804 0.755516
0.93721 0.125144
0.521072 0.730844
0.664143 0.559492
0.443716 0.805115
0.933053 0.130094
0.532948 0.715967
0.624008 0.611486
0.107283 0.988577
0.294031 0.913617
0.0622851 0.99657
0.911993 0.169922
0.851476 0.276903
0.00854355 0.999927
0.211473 0.958428
0.405807 0.835689
0.634743 0.599713
0.754261 0.432302
0.0672746 0.995481
0.141102 0.981168
0.953462 0.0926865
0.902197 0.186626
0.674915 0.545536
0.965614 0.0677526
0.883454 0.223114
0.940094 0.121527
0.409926 0.832705
0.333773 0.888596
0.558341 0.689521
0.388527 0.850637
0.816164 0.336659
0.804585 0.354414
0.986963 0.0278545
0.419612 0.824415
0.40136 0.83928
0.227062 0.951076
0.709076 0.499415
0.563877 0.683105
0.0226466 0.99953
0.0150027 0.999786
0.433053 0.812676
0.342625 0.883637
0.90801 0.17655
0.724454 0.480497
0.733147 0.464305
0.549291 0.700381
0.299855 0.910577
0.515138 0.735551
0.888527 0.210561
0.668029 0.556306
0.55295 0.694563
0.235434 0.944633
0.53985 0.712213
0.303483 0.908709
0.132392 0.984447
0.957006 0.0870233
0.337213 0.886947
0.651594 0.575825
0.790261 0.375782
0.891708 0.20982
0.756877 0.428411
0.713319 0.495103
0.828312 0.319905
0.846374 0.287952
0.346918 0.88218
0.862139 0.260272
0.627527 0.608716
0.440644 0.808691
0.871528 0.243433
0.671776 0.552986
0.637416 0.596831
0.587965 0.655042
0.273063 0.925706
0.489237 0.760998
0.792924 0.37345
0.873459 0.242116
0.375541 0.859697
0.810663 0.343874
0.996236 0.00757376
0.842802 0.289892
0.682625 0.536819
0.399058 0.843563
0.587026 0.658688
0.877847 0.234923
0.385024 0.851939
0.992537 0.0154711
0.905132 0.182362
0.492131 0.757807
0.393931 0.846134
0.134733 0.98202
0.458038 0.790552
0.85684 0.265828
0.562831 0.685074
0.222475 0.952934
0.70185 0.507573
0.547728 0.703707
0.727096 0.47246
0.993636 0.0130027
0.231115 0.946974
0.875799 0.235178
0.436511 0.810808
0.80701 0.350045
0.382084 0.856325
0.999945 0.00705991
0.468292 0.781625
0.463337 0.786736
0.21377 0.954776
0.85926 0.263547
0.684264 0.532686
0.739184 0.454322
0.814438 0.340353
0.724505 0.477604
0.537163 0.714212
0.515635 0.735266
0.672627 0.548125
0.21764 0.953596
0.863532 0.25472
0.555631 0.692594
0.759693 0.424295
0.741284 0.452677
0.415682 0.828364
0.731115 0.467672
0.687339 0.530689
0.415279 0.830412
0.46759 0.783901
0.591499 0.650437
0.963627 0.0742461
0.378645 0.857025
0.528984 0.7215
0.5924 0.649474
0.808937 0.347199
0.525766 0.724099
0.486963 0.765258
0.484659 0.767697
0.699896 0.51108
0.866944 0.254554
0.855346 0.271611
0.715971 0.491109
0.654086 0.57425
0.705677 0.504929
0.85496 0.273544
0.960461 0.0797902
