16087 30.0021
1 0
0 1
0.526837 0.723923
0.633666 0.59981
0.756963 0.428066
0.766187 0.413601
0.140791 0.980841
0.760508 0.422334
0.8468 0.284027
0.117737 0.986177
0.105659 0.988837
0.173373 0.970031
0.183983 0.967243
0.750994 0.437127
0.148375 0.978223
0.802347 0.356541
0.00720032 0.999953
0.368836 0.864705
0.915494 0.165572
0.68032 0.539516
0.911945 0.172946
0.246339 0.939705
0.80778 0.347701
0.5 0.750024
0.719269 0.482851
0.532477 0.719245
0.778235 0.396633
0.214411 0.954124
0.918868 0.158103
0.130359 0.984091
0.685341 0.532486
0.376866 0.858388
0.0219638 0.999752
0.773547 0.403705
0.940071 0.11628
0.221812 0.951708
0.51865 0.73219
0.944493 0.109235
0.0685345 0.995342
0.696852 0.516457
0.954888 0.0895177
0.589732 0.652484
0.576332 0.670489
0.570758 0.674524
0.16627 0.972557
0.0584333 0.996586
0.970276 0.06099
0.227839 0.948151
0.810793 0.343811
0.639807 0.592663
0.610836 0.629341
0.973492 0.0532814
0.209442 0.959466
0.238468 0.945048
0.566814 0.679844
0.841045 0.292804
0.831791 0.308339
0.281645 0.922459
0.868451 0.245809
0.699852 0.510909
0.430813 0.814459
0.495903 0.75488
0.819701 0.32861
0.324945 0.895037
0.769939 0.407872
0.828643 0.314231
0.411414 0.830854
0.790304 0.377777
0.717376 0.490701
0.296941 0.912142
0.692485 0.522717
0.364324 0.867689
0.907308 0.178759
0.849761 0.278198
0.793786 0.372001
0.990227 0.0197478
0.799475 0.361656
0.815325 0.336866
0.58054 0.665375
0.2756 0.925092
0.422814 0.821381
0.982489 0.0352565
0.927005 0.142183
0.338984 0.885841
0.723722 0.47632
0.871893 0.239995
0.853671 0.274135
0.929469 0.136251
0.705103 0.506831
0.865291 0.251309
0.921295 0.15125
0.796191 0.366998
0.963218 0.0761294
0.390933 0.847725
0.59589 0.646087
0.947673 0.10469
0.562313 0.684156
0.932319 0.131315
0.437663 0.812845
0.584562 0.662166
0.863502 0.256983
0.474704 0.775673
0.0754405 0.994408
0.457052 0.792899
0.787185 0.382397
0.783131 0.392742
0.894495 0.207164
0.0820287 0.99333
0.351793 0.876853
0.824945 0.323891
0.855714 0.267923
0.65326 0.573611
0.901991 0.186754
0.42597 0.818989
0.656972 0.570252
0.938109 0.122355
0.587708 0.656893
0.742798 0.448766
0.835636 0.303252
0.344287 0.882736
0.740833 0.456135
0.924839 0.147957
0.605659 0.634099
0.935093 0.126157
0.124558 0.984679
0.96548 0.0701654
0.384401 0.852657
0.664704 0.55969
0.260885 0.934386
0.987726 0.0260057
0.882815 0.221971
0.985699 0.0297541
0.15828 0.976012
0.485402 0.772255
0.783924 0.386866
0.302434 0.909147
0.265395 0.930037
0.951648 0.0963132
0.0891913 0.992813
0.189999 0.9639
0.647245 0.581733
0.251497 0.93678
0.491919 0.759521
0.651534 0.579816
0.895251 0.198528
0.481215 0.772314
0.629958 0.607172
0.465668 0.784054
0.980458 0.0409727
0.958266 0.083802
0.319257 0.89824
0.966935 0.0652251
0.890307 0.20899
0.0994842 0.990956
0.549883 0.702473
0.507233 0.745179
0.712602 0.49304
0.558983 0.687748
0.899852 0.192612
0.234168 0.945646
0.487315 0.763983
0.601004 0.64181
0.0314206 0.999195
0.449222 0.802411
0.360278 0.872919
0.347526 0.879582
0.825285 0.319068
0.906048 0.183818
0.644006 0.586534
0.291761 0.915319
0.459361 0.789527
0.675361 0.544026
0.193573 0.962569
0.615307 0.625369
0.417251 0.826794
0.976638 0.0490781
0.511987 0.738837
0.816668 0.333096
0.95948 0.080108
0.551537 0.697028
0.88789 0.218417
0.876909 0.233679
0.398016 0.842389
0.356291 0.873133
0.394265 0.846585
0.736899 0.457646
0.333916 0.888659
0.603704 0.636965
0.94954 0.0984913
0.61852 0.618495
0.407087 0.835757
0.094117 0.991142
0.992771 0.0144201
0.709827 0.496957
0.674392 0.546797
0.979015 0.04579
0.860182 0.261749
0.888349 0.214921
0.255831 0.935019
0.471323 0.778677
0.878929 0.227484
0.73487 0.462572
0.43932 0.807309
0.997943 0.00502837
0.545284 0.704619
0.0486086 0.998124
0.160279 0.975679
0.668575 0.557291
0.0518206 0.997353
0.874771 0.235891
0.540217 0.708687
0.536394 0.712923
0.557031 0.692674
0.670908 0.55153
0.201057 0.961819
0.507468 0.743672
0.746301 0.446792
0.728182 0.47026
0.83754 0.299282
0.287327 0.918868
0.330407 0.89207
0.310953 0.905713
0.20221 0.960072
0.451648 0.797315
0.0391665 0.998612
0.688718 0.527967
0.315282 0.901198
0.625798 0.615142
0.859797 0.265182
0.622902 0.615948
0.725896 0.473236
0.898373 0.196907
0.660922 0.564187
0.996282 0.00793498
0.642004 0.589771
0.444436 0.804543
0.513941 0.73733
0.381315 0.857294
0.616052 0.621449
0.660082 0.56554
0.0263673 0.999413
0.994872 0.0123125
0.307849 0.908673
0.0415012 0.998569
0.415705 0.827298
0.554511 0.694492
0.269941 0.927306
0.731535 0.467869
0.880506 0.22554
0.598968 0.64592
