78580 260.047
1 0
0 1
0.398792 0.842088
0.385531 0.851524
0.218756 0.953428
0.548527 0.701109
0.698157 0.513535
0.947951 0.101773
0.942213 0.112777
0.207631 0.958072
0.587636 0.655243
0.555691 0.693035
0.0276571 0.999235
0.466373 0.783342
0.984812 0.0318463
0.376704 0.859533
0.50864 0.742921
0.120871 0.985741
0.979907 0.0399427
0.914248 0.16728
0.444568 0.802359
0.514949 0.734833
0.580655 0.665005
0.0447037 0.998427
0.703767 0.506792
0.780219 0.395422
0.638709 0.592926
0.8699 0.244071
0.833064 0.3084
0.835309 0.302486
0.165721 0.972591
0.820178 0.328959
0.543067 0.70666
0.22619 0.949851
0.917736 0.158187
0.10911 0.988095
0.156185 0.976078
0.337007 0.886798
0.47153 0.777659
0.171682 0.971412
0.867499 0.25002
0.4042 0.836867
0.967235 0.0663686
0.692735 0.520586
0.303397 0.908461
0.952163 0.0983319
0.441073 0.808841
0.346388 0.883343
0.686792 0.529948
0.683231 0.535535
0.427642 0.818236
0.775698 0.403189
0.0369472 0.998785
0.19664 0.961716
0.829323 0.316914
0.413352 0.829359
0.636845 0.599722
0.875428 0.23748
0.596615 0.644704
0.971195 0.0595448
0.661344 0.565027
0.370617 0.86395
0.67879 0.540056
0.460535 0.789045
0.787277 0.384436
0.899709 0.190523
0.286135 0.918127
0.190367 0.965871
0.182105 0.969754
0.840657 0.29571
0.529309 0.72226
0.624518 0.610984
0.9352 0.127679
0.5 0.75
0.806377 0.351701
0.450988 0.797233
0.524678 0.725973
0.648998 0.578953
0.383197 0.854497
0.954332 0.089571
0.672048 0.553871
0.995925 0.0112391
0.795706 0.371301
0.802991 0.357196
0.409362 0.833633
0.96456 0.0719226
0.485819 0.764923
0.43482 0.811177
0.126965 0.984192
0.885073 0.218554
0.85467 0.271433
0.318132 0.89942
0.310985 0.90409
0.815233 0.335427
0.728207 0.470988
0.0995542 0.990129
0.420753 0.822967
0.724502 0.47634
0.892212 0.206033
0.88305 0.224797
0.504339 0.746219
0.282145 0.921117
0.0786415 0.994353
0.82496 0.325063
0.910964 0.172967
0.709499 0.497555
0.145659 0.980275
0.75495 0.433914
0.926221 0.144847
0.644038 0.586378
0.939274 0.122788
0.998782 0.00500666
0.690252 0.52438
0.657425 0.569385
0.0896269 0.992565
0.600843 0.641252
0.268638 0.928624
0.135623 0.984074
0.323254 0.896147
0.232069 0.946984
0.737788 0.458527
0.733881 0.46213
0.712928 0.491899
0.539744 0.7121
0.495761 0.754632
0.85068 0.277951
0.903327 0.186061
0.706777 0.501375
0.15119 0.97755
0.879621 0.228862
0.923592 0.150449
0.631473 0.603441
0.202965 0.960662
0.0560114 0.99688
0.0032097 0.99999
0.721512 0.480169
0.731744 0.467643
0.629023 0.606568
0.975021 0.0565277
0.611752 0.625895
0.769831 0.408431
0.719183 0.485568
0.532607 0.716746
0.431792 0.816004
0.35514 0.874153
0.758821 0.42472
0.962323 0.0780639
0.277717 0.925416
0.896686 0.196797
0.33454 0.890857
0.906764 0.182528
0.299898 0.911703
0.762382 0.420281
0.489766 0.76013
0.25517 0.93508
0.0155134 0.999759
0.808952 0.346214
0.60976 0.630889
0.138788 0.980767
0.979419 0.0481905
0.418426 0.82492
0.908862 0.177526
0.592461 0.650529
0.847088 0.284387
0.895869 0.200781
0.95668 0.0860462
0.664675 0.559035
0.959317 0.0808496
0.920753 0.154063
0.797985 0.365404
0.359194 0.8718
0.99115 0.0194204
0.863086 0.256283
0.262818 0.931159
0.791638 0.375784
0.767096 0.414498
0.799898 0.361915
0.931711 0.132305
0.756481 0.428579
0.930049 0.141353
0.789371 0.378295
0.620757 0.615384
0.992524 0.0155071
0.940348 0.117425
0.571386 0.674712
0.247597 0.940528
0.293876 0.915479
0.876704 0.23314
0.481373 0.76828
0.88732 0.212679
0.975962 0.0498296
0.844816 0.290389
0.715436 0.48835
0.812838 0.344306
0.668792 0.558812
0.0143487 0.999796
0.826514 0.319648
0.559796 0.68995
0.604288 0.637121
0.350547 0.877372
0.645663 0.584454
0.241058 0.942187
0.0916406 0.992086
0.272826 0.925915
0.363114 0.868558
0.184631 0.967048
0.0681447 0.995698
0.366059 0.866468
0.674991 0.544853
0.674768 0.548024
0.567108 0.679044
0.0759533 0.994596
0.314745 0.903736
0.536556 0.71526
0.605639 0.633622
0.520441 0.730292
0.105011 0.98955
0.260088 0.933432
0.0652198 0.995976
0.889303 0.210025
0.751677 0.439355
0.493289 0.758382
0.742102 0.44965
0.477191 0.774805
0.813698 0.338419
0.774498 0.407569
0.654256 0.576157
0.930799 0.136389
0.989415 0.027377
0.562888 0.687751
0.764581 0.416421
0.618369 0.617799
0.348766 0.880186
0.0577016 0.996805
0.577175 0.670435
0.57454 0.673536
0.519187 0.732129
0.744982 0.445021
0.849463 0.281311
0.65591 0.57488
0.750397 0.440897
0.294707 0.913833
0.328842 0.892722
0.989882 0.0263198
0.563422 0.683078
0.236199 0.944623
0.783571 0.389877
0.747193 0.444714
0.5904 0.652226
0.844406 0.294293
