57420 200.029
1 4.44089e-16
4.16334e-17 1
4.16334e-17 1
0.871132 0.241129
0.261924 0.931396
0.431655 0.813674
0.0280957 0.999211
0.455406 0.792606
0.540337 0.708036
0.271753 0.92615
0.136606 0.981339
0.53306 0.715847
0.866357 0.249425
0.877591 0.229949
0.815805 0.334463
0.439567 0.806781
0.734858 0.459984
0.0404691 0.998362
0.463218 0.785429
0.82086 0.326401
0.227736 0.948136
0.663418 0.559876
0.298961 0.91068
0.828072 0.314297
0.588819 0.653292
0.725065 0.474281
0.147129 0.978354
0.668191 0.553521
0.199871 0.960052
0.248037 0.938478
0.322289 0.89613
0.945884 0.105304
0.902986 0.184616
0.221471 0.950951
0.110899 0.987701
0.835575 0.301815
0.976361 0.046719
0.968334 0.0623355
0.369363 0.863571
0.571582 0.673295
0.567429 0.67803
0.642728 0.586921
0.157835 0.975089
0.812198 0.340345
0.91218 0.167927
0.119699 0.9857
0.907258 0.176885
0.793902 0.369719
0.488127 0.761732
0.475247 0.774141
0.938193 0.119812
0.0172323 0.999703
0.650087 0.577386
0.99464 0.0108194
0.84743 0.281862
0.0678946 0.99539
0.659361 0.565243
0.63179 0.600936
0.942234 0.112195
0.519219 0.730416
0.206604 0.957315
0.600283 0.640341
0.388703 0.84891
0.646719 0.581764
0.544497 0.703523
0.781566 0.389155
0.548409 0.699248
0.924766 0.144809
0.405298 0.835734
0.804503 0.352775
0.515402 0.734856
0.950615 0.0963303
0.42633 0.818243
0.493102 0.756851
0.850337 0.276927
0.523506 0.725941
0.563228 0.682775
0.964957 0.0688588
0.638922 0.591784
0.801219 0.358049
0.719532 0.482274
0.862739 0.255682
0.411252 0.832169
0.635538 0.596091
0.401349 0.838919
0.843955 0.28774
0.997183 0.00562637
0.559715 0.686719
0.507932 0.742087
0.575751 0.668511
0.0891875 0.992046
0.789982 0.375929
0.287511 0.917338
0.414544 0.828694
0.745205 0.445354
0.784372 0.38476
0.419188 0.824281
0.0599156 0.99641
0.839382 0.295437
0.450676 0.796891
0.374336 0.859873
0.739578 0.453025
0.240607 0.942108
0.308229 0.904995
0.595382 0.64552
0.893417 0.201806
0.18524 0.965686
0.972036 0.0551458
0.7098 0.496184
0.682317 0.534443
0.49644 0.753548
0.171345 0.970641
0.96274 0.0731318
0.982584 0.0345526
0.694237 0.518036
0.470068 0.779156
0.511033 0.738845
0.678203 0.54004
0.316703 0.899866
0.503006 0.746985
0.991411 0.0171058
0.358918 0.87118
0.128846 0.983406
0.235975 0.944316
0.787899 0.379809
0.857965 0.263901
0.35207 0.876047
0.0114113 0.99987
0.900576 0.188964
0.628002 0.605633
0.68457 0.531364
0.749395 0.438407
0.921862 0.15017
0.753119 0.432812
0.152014 0.976899
0.772695 0.402943
0.328083 0.892361
0.953919 0.0900385
0.730465 0.466421
0.909207 0.173343
0.919811 0.153947
0.104462 0.989088
0.584475 0.658389
0.654235 0.571987
0.214793 0.953872
0.722365 0.478188
0.989725 0.0204439
0.394342 0.844494
0.0750308 0.994371
0.705889 0.501721
0.71217 0.492813
0.959869 0.0786509
0.741134 0.450735
0.177754 0.968404
0.378259 0.85692
0.422751 0.821282
0.500642 0.749357
0.702723 0.506181
0.291648 0.914941
0.313348 0.901813
0.255557 0.934691
0.860376 0.259753
0.281483 0.920768
0.853537 0.271474
0.330721 0.890623
0.620831 0.614569
0.985484 0.0288216
0.484286 0.765467
0.619022 0.616812
0.615155 0.621585
0.98687 0.026088
0.34657 0.879889
0.980471 0.0386782
0.396283 0.84299
0.478944 0.770612
0.335759 0.887266
0.443348 0.803443
0.55245 0.694799
0.896165 0.19693
0.605019 0.633952
0.768751 0.409022
0.897877 0.193817
0.95639 0.0853486
0.841412 0.292053
0.777842 0.394962
0.0976091 0.990473
0.886899 0.213411
0.978321 0.0428885
0.885035 0.216713
0.384846 0.851894
0.927711 0.139352
0.809034 0.345465
0.757365 0.426399
0.855081 0.268863
0.690358 0.523406
0.529226 0.719923
0.656049 0.569599
0.807603 0.347782
0.527268 0.721988
0.355018 0.873962
0.0539818 0.997086
0.579916 0.663697
0.798221 0.362843
0.211925 0.955088
0.381857 0.854185
0.83235 0.307194
0.165508 0.972607
0.295793 0.912525
0.765031 0.414749
0.00316356 0.99999
0.671614 0.548935
0.698762 0.511731
0.12514 0.98434
0.613349 0.623805
0.915482 0.161892
0.556152 0.691873
0.253338 0.93582
0.761726 0.41979
0.796729 0.365223
0.0839776 0.992948
0.748172 0.442066
0.603852 0.635919
0.609209 0.628864
0.890625 0.206788
0.688331 0.526206
0.759758 0.422782
0.971156 0.0568561
0.730721 0.466048
0.824077 0.320943
0.340251 0.884229
0.935534 0.124777
0.754982 0.430017
0.344642 0.881222
0.824865 0.319599
0.192319 0.963013
0.944096 0.108682
0.192951 0.96277
0.481716 0.768032
0.776487 0.397068
0.0796583 0.993655
0.889445 0.208887
0.882517 0.221164
0.879469 0.226535
0.624707 0.609741
0.364036 0.867485
0.27736 0.923078
0.18115 0.967187
0.715669 0.487817
0.916995 0.159122
0.958163 0.0819245
