138799 500.098
1 0
2.21325e-17 1
2.21325e-17 1
0.975212 0.0489611
0.787493 0.379855
0.917764 0.157733
0.597176 0.644805
0.603795 0.635432
0.780696 0.39052
0.255562 0.934692
0.657018 0.568327
0.143392 0.979439
0.985512 0.0287662
0.406291 0.834989
0.0552302 0.99695
0.889542 0.208728
0.358089 0.871773
0.0973796 0.990518
0.466426 0.782447
0.885131 0.216543
0.924218 0.145844
0.901962 0.186511
0.307717 0.90535
0.942962 0.110822
0.791314 0.373822
0.0413532 0.998292
0.46044 0.787995
0.864424 0.252775
0.93475 0.126257
0.653046 0.573532
0.264847 0.92987
0.68439 0.531611
0.824767 0.319762
0.828729 0.313209
0.742118 0.449261
0.875303 0.233845
0.301662 0.909
0.629085 0.604255
0.994406 0.0111641
0.809286 0.345105
0.489659 0.760234
0.75167 0.434993
0.92782 0.139205
0.745976 0.44352
0.552213 0.69507
0.672908 0.547195
0.235868 0.944366
0.645948 0.582821
0.991309 0.0173069
0.988511 0.0228491
0.614202 0.622756
0.326841 0.893175
0.733721 0.461838
0.81242 0.339973
0.970598 0.0579406
0.122028 0.985112
0.131674 0.982666
0.72344 0.476813
0.348799 0.878339
0.56255 0.683538
0.00886585 0.999921
0.284923 0.918819
0.997384 0.0052243
0.572836 0.67186
0.108053 0.988325
0.592393 0.64913
0.676334 0.542574
0.635975 0.595631
0.424389 0.820033
0.795031 0.367928
0.64884 0.579006
0.210707 0.955604
0.528521 0.720668
0.966353 0.0661626
0.688283 0.526271
0.537886 0.710679
0.523374 0.72608
0.419814 0.823757
0.580424 0.663108
0.66875 0.552773
0.663194 0.560309
0.979983 0.0396341
0.365098 0.866703
0.159917 0.974427
0.951362 0.0949193
0.584899 0.657893
0.221807 0.950802
0.478059 0.771468
0.878194 0.228775
0.506786 0.743168
0.774002 0.400923
0.63268 0.599716
0.71435 0.489704
0.946653 0.103922
0.452675 0.795087
0.501958 0.748039
0.758306 0.425
0.7203 0.481167
0.0290147 0.99916
0.89675 0.195839
0.85678 0.265929
0.442841 0.803898
0.241909 0.94148
0.149905 0.977529
0.964996 0.0720181
0.401082 0.839133
0.456431 0.791775
0.771146 0.405333
0.183903 0.966181
0.844071 0.287546
0.470979 0.778281
0.867923 0.24671
0.0165837 0.999754
0.938419 0.11937
0.291087 0.915341
0.43607 0.809843
0.377334 0.857624
0.610359 0.627462
0.607653 0.63076
0.981172 0.0374879
0.624619 0.609885
0.717083 0.485792
0.831736 0.308215
0.249331 0.937848
0.313761 0.901554
0.729734 0.467488
0.280368 0.921395
0.203707 0.958504
0.39121 0.846955
0.805511 0.351151
0.954939 0.0880918
0.060413 0.99635
0.821733 0.324755
0.474088 0.775326
0.699036 0.511349
0.871495 0.240496
0.850718 0.276279
0.948284 0.100757
0.431427 0.813876
0.64114 0.58894
0.961257 0.0759854
0.915216 0.162381
0.384318 0.8523
0.90383 0.183118
0.766372 0.412679
0.533709 0.715162
0.0910688 0.991742
0.267823 0.928271
0.73708 0.456713
0.412899 0.829523
0.190699 0.963648
0.115038 0.986766
0.56709 0.678409
0.229845 0.947171
0.086 0.99264
0.797647 0.363765
0.0375133 0.998594
0.428734 0.816188
0.62264 0.612321
0.155005 0.976043
0.939871 0.116668
0.906784 0.177744
0.0231285 0.999467
0.691262 0.522159
0.710732 0.494863
0.755273 0.429752
0.372114 0.861532
0.762806 0.418127
0.340716 0.883913
0.494294 0.755673
0.439277 0.807103
0.515792 0.733959
0.6954 0.516419
0.910757 0.170521
0.166977 0.97212
0.0797061 0.993647
0.912949 0.166524
0.556674 0.690114
0.958568 0.081147
0.96946 0.0601469
0.273609 0.925138
0.803886 0.353768
0.380432 0.855272
0.568787 0.676482
0.482168 0.7676
0.388154 0.849399
0.511247 0.738626
0.369988 0.863109
0.396074 0.843132
0.768167 0.40992
0.815727 0.334591
0.169417 0.971309
0.360797 0.869826
0.541544 0.70673
0.839853 0.294647
0.520625 0.728949
0.296222 0.912253
0.639945 0.590471
0.892629 0.203225
0.499132 0.750871
0.226782 0.94857
0.33223 0.889623
0.543654 0.704448
0.931107 0.133096
0.836468 0.300321
0.335459 0.887481
0.848297 0.280393
0.860975 0.258754
0.846532 0.283577
0.7613 0.420422
0.882321 0.221691
0.860242 0.259984
0.415536 0.827345
0.840949 0.292804
0.0676441 0.995424
0.666026 0.556411
0.881021 0.223805
0.908467 0.174688
0.70901 0.497306
0.24602 0.939475
0.727829 0.471843
0.893797 0.201136
0.777276 0.395901
0.31658 0.899899
0.321859 0.896409
0.85341 0.271791
0.548192 0.699486
0.0751149 0.994358
0.531371 0.717717
0.485231 0.764551
0.275823 0.923922
0.680437 0.537006
0.931835 0.131698
0.701192 0.508331
0.20065 0.95974
0.95379 0.0903881
0.448303 0.799031
0.447722 0.800464
0.924842 0.144722
0.618748 0.617163
0.834163 0.304173
0.703414 0.50527
0.128645 0.98345
0.618078 0.617981
0.58888 0.65322
0.179873 0.967646
0.576589 0.667547
0.693738 0.518729
0.517518 0.732185
0.196257 0.961484
