606325 470.019
4.93873e-11 1.19939
0.557863 0.766717
0.716522 0.576914
0.652455 0.657201
0.616206 0.699475
0.65245 0.657943
0.993405 0.125501
0.933028 0.237786
0.938443 0.225255
0.823485 0.421149
0.338114 0.949716
0.797415 0.458759
0.543578 0.78013
0.573317 0.75059
0.975201 0.161151
0.57332 0.746991
0.85715 0.363238
0.335786 0.951137
0.481036 0.838992
0.288378 0.980415
0.481036 0.839029
0.669039 0.634559
0.481038 0.838936
0.568936 0.751715
0.813225 0.430864
0.143028 1.0384
0.481037 0.838952
0.143037 1.03731
0.817689 0.425602
0.481032 0.840798
0.140071 1.03918
0.813218 0.432487
0.393558 0.911228
0.813223 0.432461
0.935773 0.229821
0.813196 0.432556
0.959764 0.186828
0.237391 1.00285
0.732881 0.548075
0.732888 0.54794
0.23738 1.00424
0.959755 0.186849
0.398798 0.905593
0.398786 0.907366
0.525034 0.792131
0.225701 1.00782
0.650043 0.658305
0.398782 0.9074
0.398792 0.906601
0.398772 0.909283
0.433181 0.880384
0.398763 0.909359
0.764989 0.498339
0.813219 0.432475
0.631507 0.678518
0.381389 0.915729
0.341739 0.945575
0.764986 0.501913
0.625811 0.685071
0.976867 0.155519
0.625809 0.685372
2.70629e-11 1.28563
0.923886 0.245054
0.295964 0.97108
0.718153 0.565405
0.299282 0.969598
0.442024 0.869144
4.17458e-09 1.05593
0.299283 0.969298
0.70302 0.585667
0.653639 0.649289
0.611292 0.70014
0.438084 0.874467
0.548392 0.769187
0.690982 0.598698
0.625811 0.683154
0.620652 0.689097
0.470882 0.844169
0.548383 0.769315
0.806391 0.437741
0.442017 0.871139
0.548389 0.769314
0.381367 0.91653
0.548399 0.76902
0.806396 0.437722
0.690959 0.601695
0.806393 0.43774
0.577141 0.738551
0.470877 0.844177
0.399632 0.902985
0.470887 0.844157
0.806378 0.437778
0.747492 0.524621
0.792448 0.465299
0.607333 0.7046
0.690969 0.601572
0.295313 0.971705
0.470877 0.845895
0.953759 0.191893
0.703018 0.585742
0.792457 0.458933
0.703016 0.589253
0.792434 0.467165
0.646777 0.661081
0.7254 0.555454
0.949086 0.200137
0.434338 0.875567
0.734159 0.543327
0.434343 0.875531
0.226225 1.0059
0.470889 0.844143
0.295313 0.971757
0.48356 0.832645
0.707861 0.579214
0.483549 0.832658
0.883357 0.314368
0.9634 0.167609
0.52158 0.796418
0.295306 0.971816
0.909988 0.262994
0.612768 0.69986
0.107224 1.03999
0.348034 0.934804
0.909983 0.267818
0.909977 0.276742
1.1769e-09 1.05645
0.909975 0.28324
1.15165e-07 1.05092
0.107226 1.03993
0.773473 0.480404
0.264863 0.983341
0.359401 0.927071
0.495742 0.815205
0.716717 0.573616
0.773468 0.491718
0.872887 0.324618
0.69486 0.58928
0.776045 0.475519
0.404672 0.899129
0.495712 0.818911
0.512531 0.800944
0.44929 0.856975
0.637214 0.66244
0.983568 0.126331
0.312074 0.957416
0.776053 0.473036
0.449287 0.865895
0.683384 0.60439
0.312078 0.956601
0.512535 0.799144
0.776047 0.475444
0.910293 0.258652
0.798707 0.441585
0.96465 0.162699
0.63719 0.663296
0.342841 0.93813
0.190617 1.01475
0.190623 1.01435
0.846461 0.366743
0.312068 0.965273
0.258915 0.984857
0.258916 0.984852
0.486199 0.819996
0.939513 0.202701
0.527029 0.780532
0.939502 0.207158
0.407979 0.88689
0.163372 1.01901
0.407974 0.893835
0.73612 0.532425
0.978777 0.136524
0.998631 0.114286
0.500353 0.808882
0.736108 0.533113
0.736105 0.538914
0.910524 0.250319
0.670261 0.617428
0.910512 0.253172
0.237987 0.992937
0.591956 0.708493
0.413367 0.883856
0.833214 0.377936
0.41335 0.884884
0.237995 0.989841
0.23799 0.990467
2.21637e-06 1.04197
0.826956 0.388597
0.582056 0.716832
0.16336 1.02046
0.824989 0.388822
0.753603 0.503045
0.591954 0.712393
8.89152e-07 1.04409
0.889163 0.283263
0.582041 0.719071
0.413357 0.884304
0.824976 0.394321
0.863581 0.329357
0.364522 0.916788
