45991 160.027
1 4.44089e-16
0 1
0 1
0.588861 0.653243
0.821483 0.325165
0.0334823 0.998879
0.876635 0.231511
0.995812 0.00835825
0.89942 0.191044
0.871704 0.240133
0.932058 0.131268
0.605436 0.633448
0.892103 0.204152
0.826281 0.317259
0.896103 0.196999
0.667942 0.553853
0.857594 0.264534
0.93702 0.122038
0.0190165 0.999638
0.65092 0.576304
0.616428 0.620017
0.417244 0.825907
0.628846 0.604553
0.974811 0.0497434
0.927935 0.138937
0.971387 0.0564082
0.272071 0.925977
0.185104 0.965738
0.377299 0.857646
0.712153 0.492837
0.24115 0.941847
0.853749 0.271112
0.077911 0.99393
0.664146 0.558959
0.422274 0.821685
0.74657 0.442633
0.861137 0.258447
0.638047 0.592897
0.806746 0.34916
0.323745 0.895189
0.755723 0.428885
0.963389 0.072108
0.563293 0.682728
0.641978 0.587865
0.178707 0.968064
0.7943 0.369566
0.845953 0.284363
0.503998 0.745986
0.142817 0.979603
0.660032 0.564358
0.149361 0.977742
0.288149 0.91697
0.577161 0.666905
0.596068 0.644787
0.317069 0.899468
0.397902 0.841676
0.202003 0.959214
0.683165 0.533286
0.81772 0.331336
0.517983 0.731694
0.581022 0.662414
0.254778 0.935089
0.541599 0.70667
0.763681 0.416791
0.832015 0.307751
0.44535 0.801663
0.210638 0.955632
0.955242 0.0875157
0.523607 0.725836
0.546522 0.701314
0.702274 0.506811
0.54941 0.698149
0.708634 0.49784
0.235065 0.944744
0.903757 0.183224
0.879661 0.226197
0.365865 0.866143
0.393099 0.845473
0.230158 0.947027
0.960509 0.0774228
0.672793 0.547363
0.738084 0.455232
0.888713 0.210257
0.166904 0.972143
0.172262 0.970327
0.427145 0.817548
0.464132 0.784582
0.868943 0.244938
0.495023 0.754952
0.624771 0.609663
0.224089 0.949784
0.952141 0.0934366
0.840566 0.293448
0.559496 0.686983
0.977793 0.04392
0.341766 0.883196
0.567702 0.677714
0.942268 0.112213
0.781533 0.389206
0.957832 0.0825582
0.705432 0.502366
0.532329 0.716626
0.771634 0.404581
0.686963 0.528081
0.829217 0.3124
0.327939 0.892456
0.917555 0.158093
0.611566 0.626018
0.486368 0.763448
0.301454 0.909126
0.459892 0.788499
0.966522 0.0658348
0.441876 0.804746
0.47276 0.776498
0.602212 0.637341
0.00740077 0.999946
0.277743 0.922859
0.336185 0.88698
0.750431 0.436853
0.88636 0.214365
0.450695 0.796874
0.674766 0.544691
0.480822 0.76881
0.842173 0.290744
0.126564 0.983982
0.156018 0.975659
0.790603 0.374947
0.160324 0.974296
0.096493 0.990689
0.968409 0.0621833
0.728092 0.469881
0.381949 0.854327
0.573081 0.671598
0.935312 0.125234
0.0646633 0.995819
0.809977 0.343971
0.309982 0.903912
0.411915 0.830326
0.924966 0.144438
0.304681 0.90717
0.371179 0.862226
0.554278 0.692776
0.332943 0.889149
0.388913 0.848746
0.72073 0.480548
0.836358 0.300505
0.103232 0.989343
0.0556083 0.996908
0.777908 0.39486
0.803037 0.355131
0.193248 0.962655
0.945869 0.105337
0.752477 0.433779
0.9206 0.152543
0.430781 0.814428
0.864261 0.253053
0.265551 0.929484
0.456317 0.791775
0.360099 0.870329
0.694714 0.517372
0.7595 0.423159
0.529795 0.719318
0.490626 0.759286
0.797313 0.364292
0.73507 0.459672
0.865954 0.250124
0.767536 0.410888
0.526017 0.723307
0.537193 0.711424
0.788538 0.378208
0.135874 0.981538
0.743127 0.447762
0.0420977 0.998228
0.385387 0.85148
0.405985 0.835176
0.741514 0.450157
0.217044 0.952892
0.98884 0.022195
0.983056 0.0336012
0.0860824 0.99259
0.205383 0.957818
0.477029 0.772443
0.62081 0.614596
0.598713 0.641543
0.725505 0.473643
0.815076 0.335679
0.646787 0.581666
0.121442 0.985252
0.0146038 0.999787
0.785701 0.382674
0.774728 0.399797
0.678974 0.538994
0.247602 0.938693
0.731308 0.465188
0.907001 0.177349
0.132947 0.982325
0.633159 0.599109
0.515318 0.734448
0.723168 0.477028
0.345408 0.880699
0.295245 0.91283
0.948774 0.0998614
0.508966 0.740955
0.835496 0.301946
0.0517629 0.997321
0.313531 0.902022
0.698639 0.511903
0.570533 0.674492
0.692041 0.521086
0.353958 0.874714
0.112416 0.987363
0.512222 0.737629
0.294173 0.913462
0.192388 0.962987
0.99279 0.0143685
0.799109 0.361425
0.914933 0.162898
0.10767 0.988408
0.437433 0.808652
0.116911 0.986332
0.0700427 0.995094
0.63402 0.598019
0.260253 0.932268
0.555932 0.69094
0.645682 0.583094
0.500356 0.749644
0.848622 0.27984
0.612281 0.625112
0.655114 0.570826
0.409641 0.832194
0.249073 0.937963
0.883383 0.219634
0.453068 0.794729
0.783908 0.38549
0.498547 0.751466
0.348638 0.878452
0.760892 0.421043
0.358297 0.871623
0.716307 0.486904
0.717563 0.485103
0.768721 0.409067
0.985783 0.0282325
0.882486 0.221218
0.283308 0.919738
0.801611 0.35742
0.656725 0.568713
0.468068 0.780912
0.85074 0.276242
0.944137 0.108605
0.219357 0.951883
