17191 60.0129
1 7.77378e-12
5.28549e-18 1
5.28549e-18 1
0.26975 0.927235
0.451927 0.795765
0.0214312 0.999541
0.00750882 0.999944
0.768573 0.409309
0.461027 0.787512
0.695651 0.516069
0.680531 0.537862
0.402341 0.838122
0.248981 0.938065
0.98554 0.0287112
0.542425 0.705775
0.235854 0.944472
0.243032 0.940935
0.634391 0.597548
0.745477 0.444265
0.741366 0.450376
0.630127 0.60294
0.760602 0.421485
0.659938 0.564483
0.484119 0.765628
0.394813 0.844123
0.915068 0.162653
0.749181 0.438728
0.259638 0.932589
0.625803 0.60837
0.971292 0.0565919
0.685963 0.529455
0.360946 0.869718
0.35531 0.873756
0.182879 0.966568
0.690057 0.523821
0.572938 0.671744
0.473125 0.776153
0.412749 0.829638
0.176283 0.968925
0.838529 0.296869
0.208268 0.956624
0.936806 0.122394
0.638707 0.592053
0.930833 0.13355
0.949561 0.0983339
0.933904 0.127823
0.488369 0.761496
0.844456 0.286895
0.548631 0.699005
0.665954 0.556505
0.422517 0.82148
0.812548 0.339766
0.884236 0.218134
0.712354 0.492552
0.291529 0.915011
0.704013 0.504366
0.621837 0.613319
0.378195 0.856968
0.316698 0.899702
0.805998 0.350368
0.525252 0.724114
0.754595 0.430589
0.0760706 0.994213
0.974321 0.0506979
0.568934 0.676314
0.922207 0.149535
0.891362 0.205478
0.862455 0.256182
0.8656 0.250736
0.114586 0.98687
0.880703 0.224362
0.603639 0.635621
0.511873 0.738079
0.528747 0.720427
0.310738 0.903448
0.434822 0.81093
0.55382 0.693283
0.0923298 0.991475
0.520608 0.728968
0.306686 0.905944
0.217911 0.952515
0.657663 0.56748
0.796789 0.365133
0.492774 0.757174
0.763892 0.416468
0.841675 0.291583
0.373641 0.860393
0.504197 0.745785
0.350093 0.877435
0.189842 0.964054
0.66978 0.551395
0.783948 0.385428
0.648582 0.579341
0.825229 0.318997
0.223782 0.949922
0.499469 0.750531
0.0409573 0.998323
0.964565 0.0696165
0.300777 0.909565
0.159483 0.974565
0.282818 0.920014
0.507332 0.742614
0.944643 0.107651
0.962093 0.0743762
0.905371 0.180304
0.955745 0.0874186
0.820802 0.326284
0.618355 0.617637
0.0689017 0.995253
0.324796 0.894572
0.615094 0.62166
0.873095 0.237706
0.565224 0.680522
0.121234 0.985309
0.834952 0.302854
0.794132 0.369355
0.80249 0.356016
0.644629 0.584454
0.800309 0.359506
0.73273 0.463107
0.297019 0.91178
0.772274 0.403594
0.53926 0.709198
0.448731 0.79864
0.791044 0.37425
0.653001 0.573589
0.777467 0.395545
0.611642 0.625894
0.438821 0.807436
0.946788 0.103592
0.591699 0.649893
0.366129 0.865997
0.429446 0.815576
0.875593 0.233338
0.107874 0.988363
0.417255 0.825898
0.989153 0.0215769
0.199882 0.960047
0.907556 0.176342
0.715601 0.487917
0.212588 0.954806
0.286436 0.917956
0.337717 0.885947
0.854176 0.270384
0.856334 0.266701
0.912026 0.168209
0.940033 0.116344
0.642112 0.587693
0.600063 0.639949
0.126567 0.983982
0.330061 0.89106
0.851296 0.275294
0.737643 0.455883
0.584881 0.658144
0.496415 0.753572
0.978829 0.0418941
0.97689 0.04569
0.941519 0.113542
0.166536 0.972266
0.995243 0.00949085
0.774337 0.400403
0.320983 0.897
0.927774 0.139236
0.558278 0.688326
0.369117 0.863753
0.169489 0.971273
0.677509 0.540982
0.577422 0.666585
0.722363 0.478192
0.700583 0.509183
0.725414 0.473775
0.0997056 0.990059
0.383157 0.853194
0.39166 0.846602
0.848035 0.280838
0.332896 0.889212
0.256135 0.934395
0.887964 0.211524
0.47859 0.770954
0.998091 0.0038171
0.595725 0.645111
0.145342 0.978876
0.910264 0.17142
0.407305 0.834102
0.0293669 0.999138
0.533146 0.715755
0.89692 0.195534
0.582822 0.660318
0.468284 0.78071
0.900114 0.189794
0.0628695 0.996047
0.0333346 0.998889
0.152282 0.977211
0.982564 0.0345714
0.816892 0.332688
0.14067 0.980212
0.0578877 0.996649
0.918821 0.155863
0.735966 0.458354
0.753081 0.432869
0.194372 0.962315
0.0477101 0.997724
0.444282 0.802615
0.893881 0.200977
0.6986 0.511959
0.787071 0.380527
0.342146 0.884815
0.868466 0.245767
0.99365 0.01266
0.276578 0.923505
0.808877 0.345719
0.822946 0.32276
0.708685 0.49777
0.578994 0.664766
0.083249 0.993072
0.967986 0.063003
0.925147 0.144103
0.958669 0.0809534
0.952729 0.0923071
0.70753 0.499401
0.90217 0.186101
0.0519076 0.997306
0.673919 0.545833
0.515404 0.734358
0.607452 0.631002
0.981388 0.036877
0.13264 0.982407
0.561949 0.684214
0.462622 0.785981
0.38763 0.849743
0.71805 0.484493
0.466679 0.782211
0.550597 0.696888
0.829229 0.312379
0.0860201 0.992601
0.477626 0.771876
0.828902 0.313082
0.720129 0.481503
0.51734 0.732359
0.275291 0.924215
0.22975 0.947216
0.886766 0.213646
0.817221 0.332152
0.991378 0.0173552
0.442424 0.804263
0.788539 0.378206
0.78097 0.390086
0.651445 0.57562
0.967395 0.0641462
0.430129 0.814989
