57205 190.044
1 0
0 1
0.840519 0.294952
0.705741 0.50315
0.712466 0.495075
0.296313 0.912205
0.61598 0.622253
0.162048 0.975588
0.203012 0.959695
0.436475 0.812384
0.174436 0.970933
0.096181 0.991023
0.555637 0.693742
0.0452409 0.998409
0.306436 0.906738
0.678317 0.540417
0.249889 0.938714
0.687135 0.529992
0.258198 0.933599
0.325665 0.894681
0.0728273 0.996241
0.835326 0.304422
0.744046 0.447822
0.671833 0.548799
0.844856 0.286399
0.959274 0.0815731
0.107331 0.988925
0.886199 0.217028
0.609001 0.631723
0.741235 0.456136
0.970295 0.0588358
0.442615 0.804515
0.96614 0.0665737
0.399118 0.841815
0.475123 0.776137
0.825881 0.320784
0.783348 0.387425
0.210716 0.956547
0.988755 0.02606
0.354275 0.874976
0.832534 0.315717
0.548861 0.699951
0.455372 0.799656
0.702785 0.511196
0.693933 0.522145
0.636491 0.596326
0.0350046 0.998819
0.632072 0.601555
0.955235 0.0875288
0.583938 0.660093
0.0602974 0.996874
0.664285 0.560807
0.623514 0.611842
0.480517 0.771539
0.992658 0.0174877
0.598703 0.642888
0.62036 0.618294
0.560359 0.68864
0.822844 0.32568
0.660895 0.5672
0.857559 0.264706
0.446541 0.802379
0.183059 0.966504
0.936071 0.124599
0.469359 0.780168
0.143873 0.979445
0.818365 0.331069
0.656275 0.570573
0.5 0.75
0.423046 0.822258
0.927223 0.140306
0.924569 0.14713
0.228642 0.948671
0.594745 0.648004
0.518014 0.733372
0.932822 0.130767
0.283565 0.920321
0.747555 0.441452
0.087632 0.992377
0.863874 0.261558
0.942202 0.114131
0.939313 0.119702
0.0555971 0.99733
0.735911 0.459806
0.894429 0.200115
0.985281 0.0296106
0.733107 0.464588
0.852488 0.275338
0.802333 0.357186
0.888951 0.210083
0.51337 0.737267
0.799353 0.363269
0.952756 0.0936863
0.193389 0.963133
0.973127 0.053471
0.716477 0.488633
0.0271558 0.999302
0.884509 0.225823
0.112743 0.987394
0.348025 0.880074
0.85549 0.270805
0.944834 0.108605
0.647114 0.584612
0.494544 0.759017
0.774474 0.401308
0.724814 0.477132
0.758165 0.426362
0.580905 0.666721
0.892096 0.206646
0.813705 0.341247
0.138233 0.981042
0.455873 0.792467
0.947492 0.10373
0.810669 0.34629
0.0126665 0.99984
0.697413 0.513957
0.949761 0.0981492
0.370982 0.865081
0.929893 0.135365
0.563391 0.683572
0.913673 0.165201
0.0198122 0.999613
0.653166 0.576615
0.58917 0.656431
0.486117 0.769031
0.793487 0.372019
0.153166 0.978526
0.641667 0.592104
0.546376 0.703817
0.815937 0.336119
0.921953 0.15207
0.87654 0.231678
0.778933 0.395453
0.360519 0.873214
0.982549 0.036309
0.319899 0.899549
0.768958 0.41484
0.867057 0.251279
0.977119 0.0495802
0.796144 0.367224
0.429947 0.815436
0.499362 0.757262
0.76203 0.421743
0.721671 0.482016
0.341514 0.884621
0.522554 0.729505
0.998026 0.00510488
0.332659 0.890845
0.917245 0.159826
0.832892 0.308454
0.393368 0.846108
0.649799 0.57911
0.530322 0.724904
0.270155 0.927766
0.909746 0.174024
0.27625 0.924222
0.59098 0.652128
0.510106 0.741712
0.12036 0.986047
0.216453 0.953636
0.962634 0.0746969
0.531066 0.718167
0.764422 0.418314
0.879899 0.226653
0.667623 0.555705
0.427177 0.817679
0.19324 0.966012
0.460377 0.789232
0.903846 0.183618
0.897142 0.195214
0.567475 0.680646
0.864006 0.254496
0.791225 0.37725
0.263752 0.931045
0.755763 0.430943
0.419453 0.827096
0.571375 0.678092
0.177948 0.968334
0.132072 0.983075
0.64419 0.589179
0.869063 0.244849
0.00485086 0.999988
0.730108 0.470452
0.911699 0.169373
0.541362 0.707295
0.918981 0.156354
0.902955 0.190792
0.750717 0.437659
0.525824 0.726968
0.773352 0.407726
0.683952 0.538994
0.995881 0.0100897
0.684558 0.534365
0.466737 0.785291
0.505089 0.745847
0.786154 0.383107
0.3164 0.900136
0.381001 0.855486
0.806192 0.353698
0.221732 0.952572
0.0786412 0.993978
0.806729 0.349646
0.364344 0.867642
0.155236 0.975918
0.718666 0.48527
0.754136 0.435655
0.576621 0.668229
0.336294 0.887001
0.694386 0.518114
0.964055 0.0724825
0.489804 0.76333
0.769282 0.408467
0.372969 0.860979
0.404605 0.837541
0.290607 0.917347
0.534963 0.7157
0.278717 0.922325
0.849444 0.281192
0.670462 0.553251
0.346003 0.882471
0.603669 0.638935
0.790343 0.382308
0.29142 0.91679
0.537269 0.713057
0.408644 0.833505
0.993579 0.0128802
0.0823514 0.993868
0.606201 0.632644
0.875082 0.23664
0.244129 0.941134
0.777543 0.396409
0.46359 0.786576
0.628614 0.60721
0.900837 0.193038
0.871452 0.24282
0.311973 0.903605
0.981682 0.040736
0.906702 0.178395
0.24149 0.94314
0.124442 0.985179
0.390365 0.849594
0.541084 0.711089
0.873214 0.238849
0.847917 0.281886
0.128614 0.984426
0.62821 0.607942
0.26758 0.929584
0.363477 0.869422
0.48956 0.765609
0.235477 0.94478
