180792 590.1
1 0
0 1
0.601915 0.638618
0.559179 0.688398
0.592006 0.65113
0.610516 0.629417
0.0845975 0.992864
0.567883 0.67878
0.859641 0.26529
0.826425 0.318218
0.17134 0.97102
0.0332162 0.998958
0.863102 0.255809
0.804151 0.357143
0.809386 0.34722
0.0192108 0.99966
0.0414981 0.998293
0.0990289 0.990632
0.672905 0.548105
0.53781 0.711256
0.640323 0.590383
0.831545 0.308764
0.419059 0.826338
0.853882 0.27149
0.784381 0.388241
0.45964 0.789359
0.5 0.750025
0.636249 0.59798
0.870811 0.244468
0.178937 0.968443
0.452368 0.795744
0.358749 0.8721
0.868896 0.252271
0.575486 0.669886
0.496901 0.757414
0.424308 0.820782
0.343998 0.884263
0.161536 0.974791
0.712637 0.493832
0.205207 0.958268
0.532866 0.716911
0.849152 0.282682
0.816598 0.335722
0.972783 0.0576109
0.709778 0.499687
0.471668 0.778036
0.197188 0.96156
0.656677 0.573354
0.759897 0.424422
0.185618 0.966057
0.974926 0.0497673
0.820752 0.329768
0.436316 0.810036
0.614077 0.623446
0.905307 0.182383
0.660238 0.566245
0.95586 0.0877118
0.528677 0.720763
0.793558 0.372056
0.969464 0.0627136
0.375783 0.859445
0.553747 0.694096
0.0632827 0.996144
0.901843 0.189077
0.994674 0.0112505
0.705229 0.50478
0.144362 0.979362
0.467297 0.782501
0.95374 0.0949414
0.27483 0.924469
0.780054 0.393214
0.717427 0.48847
0.937683 0.121828
0.257447 0.934051
0.822619 0.323621
0.0772881 0.995042
0.991885 0.0178476
0.542391 0.706228
0.92945 0.136697
0.984779 0.0311408
0.381469 0.85557
0.115418 0.987461
0.683476 0.53545
0.545911 0.702276
0.959253 0.0825978
0.763557 0.417929
0.618995 0.619895
0.731211 0.467773
0.571249 0.67456
0.301641 0.910571
0.884759 0.217379
0.151108 0.977173
0.922191 0.15122
0.295754 0.913305
0.752291 0.43621
0.192716 0.964058
0.476599 0.77352
0.552168 0.699084
0.365023 0.867925
0.928552 0.145185
0.727511 0.475479
0.851332 0.276511
0.349318 0.878863
0.511673 0.738803
0.290484 0.915686
0.887993 0.212027
0.934886 0.127327
0.524564 0.726446
0.736916 0.459898
0.108196 0.989092
0.443958 0.805858
0.907432 0.176697
0.981835 0.0367926
0.491141 0.760133
0.966256 0.0688188
0.0701269 0.995571
0.137944 0.981591
0.748386 0.440513
0.404561 0.836514
0.893864 0.203199
0.962067 0.0770135
0.899183 0.193892
0.932418 0.131987
0.690994 0.523391
0.488368 0.764094
0.669239 0.553823
0.893417 0.210443
0.9416 0.116769
0.521582 0.729079
0.252152 0.937476
0.896505 0.198585
0.483539 0.767311
0.462789 0.786709
0.66306 0.561777
0.218894 0.953082
0.694941 0.518597
0.338021 0.886506
0.838782 0.297128
0.772269 0.406392
0.836275 0.302347
0.788274 0.381973
0.777335 0.39847
0.910184 0.172003
0.0530881 0.997508
0.371229 0.863052
0.76877 0.409634
0.26391 0.931974
0.951386 0.10074
0.678671 0.542819
0.733045 0.464313
0.801239 0.360662
0.685776 0.530341
0.766369 0.414174
0.321217 0.898048
0.388439 0.851424
0.267325 0.92954
0.912794 0.168311
0.31561 0.900422
0.978203 0.0448729
0.278415 0.923127
0.400774 0.842481
0.479678 0.770015
0.632093 0.601532
0.589617 0.655223
0.429951 0.818264
0.237755 0.944049
0.393417 0.846735
0.651636 0.575874
0.842941 0.295057
0.776066 0.402979
0.0078942 0.999959
0.882293 0.222763
0.312549 0.902637
0.156807 0.975426
0.413435 0.82949
0.334851 0.889135
0.224906 0.952041
0.919344 0.158831
0.720075 0.483998
0.98758 0.0254922
0.923749 0.146958
0.964815 0.073255
0.745472 0.444411
0.813142 0.340578
0.679584 0.54114
0.688413 0.526873
0.702806 0.510315
0.740769 0.45663
0.877178 0.231041
0.504742 0.745804
0.517607 0.734149
0.325069 0.896428
0.69942 0.517736
0.988785 0.0225131
0.798273 0.366079
0.745221 0.449716
0.130858 0.984064
0.210229 0.955867
0.845063 0.288778
0.625602 0.608709
0.979747 0.0413327
0.644561 0.586345
0.948089 0.102935
0.621753 0.614421
0.0127246 0.999845
0.0542097 0.997297
0.284759 0.921199
0.79058 0.376182
0.213494 0.954723
0.722709 0.481118
0.757543 0.430135
0.742517 0.453381
0.75484 0.430795
0.584081 0.659666
0.306064 0.90713
0.286427 0.919581
0.873492 0.237591
0.834114 0.306273
0.354605 0.87658
0.385656 0.852287
0.369114 0.866483
0.946078 0.107077
0.308061 0.905701
0.580391 0.664708
0.507905 0.743136
0.245221 0.941043
0.70028 0.511967
0.102406 0.989843
0.123225 0.98519
0.517097 0.73663
0.330415 0.891618
0.247636 0.938898
0.240769 0.94285
0.723943 0.476434
0.227511 0.948999
0.231698 0.946811
0.812047 0.343452
0.874642 0.237092
0.327824 0.892652
0.646181 0.584593
0.121753 0.985627
0.586175 0.658345
0.88094 0.226421
0.432903 0.812858
0.623049 0.612308
0.132844 0.982898
0.447304 0.799937
0.997672 0.00602269
0.412101 0.832163
0.446452 0.804836
