28729 100.019
1 1.77636e-15
9.85293e-18 1
9.85293e-18 1
0.713093 0.491512
0.830971 0.309487
0.856843 0.266256
0.668617 0.552952
0.975256 0.0488845
0.850646 0.276401
0.751112 0.435832
0.745663 0.443987
0.970135 0.0588407
0.271252 0.926464
0.472557 0.776727
0.70647 0.500903
0.378493 0.856786
0.585233 0.657542
0.943097 0.110673
0.517931 0.731749
0.0879984 0.992257
0.874543 0.235208
0.420853 0.822921
0.590599 0.651194
0.729181 0.468295
0.310805 0.903407
0.664582 0.55833
0.397234 0.842205
0.754993 0.430374
0.601605 0.638072
0.316902 0.899573
0.253067 0.935958
0.758681 0.424404
0.293801 0.913714
0.890939 0.206235
0.813573 0.3381
0.796819 0.365151
0.579436 0.664256
0.922637 0.148886
0.695665 0.516057
0.512983 0.736848
0.0964894 0.990719
0.60603 0.632736
0.986819 0.0261875
0.787575 0.379726
0.246525 0.939225
0.675389 0.54385
0.653783 0.572571
0.384694 0.852011
0.25983 0.932489
0.373075 0.860815
0.718733 0.483423
0.615976 0.620574
0.558276 0.688328
0.406628 0.834653
0.110599 0.987992
0.996987 0.00601748
0.363618 0.867782
0.171787 0.970517
0.491261 0.758702
0.536334 0.712346
0.939381 0.117564
0.358176 0.871711
0.0281302 0.999218
0.793509 0.370409
0.783162 0.386657
0.770993 0.405569
0.496145 0.753841
0.739354 0.453357
0.810051 0.343817
0.402245 0.838199
0.86022 0.260022
0.0432944 0.998126
0.337944 0.885794
0.0798601 0.993623
0.103194 0.989351
0.532819 0.716104
0.93503 0.12572
0.870345 0.242504
0.503637 0.74635
0.990189 0.0195341
0.76228 0.418929
0.689296 0.524874
0.836222 0.300732
0.368247 0.864398
0.905265 0.1811
0.22977 0.947206
0.036358 0.998689
0.913677 0.165202
0.411947 0.830301
0.632163 0.600452
0.573034 0.671632
0.460547 0.789675
0.125601 0.984226
0.19444 0.962193
0.140234 0.980335
0.619489 0.616233
0.931049 0.133147
0.4313 0.813983
0.742143 0.449224
0.0518821 0.997327
0.529146 0.721985
0.211319 0.955345
0.456016 0.792049
0.391646 0.846613
0.325859 0.893832
0.790184 0.375609
0.692114 0.520983
0.451531 0.796121
0.865688 0.250586
0.894419 0.20003
0.984238 0.0316596
0.800567 0.359098
0.733533 0.461936
0.522589 0.726902
0.679985 0.539621
0.499789 0.750211
0.569113 0.676112
0.660452 0.563807
0.839701 0.294902
0.967793 0.0633762
0.862894 0.255414
0.919504 0.154531
0.240984 0.941928
0.629013 0.604505
0.32237 0.896077
0.487408 0.762439
0.780006 0.391835
0.965076 0.0686895
0.483805 0.765933
0.299873 0.910082
0.877435 0.230108
0.76672 0.412141
0.223496 0.95005
0.826627 0.317266
0.649669 0.577931
0.735305 0.459356
0.545738 0.70217
0.448051 0.799251
0.594089 0.647059
0.0574755 0.996736
0.562866 0.683184
0.84271 0.289861
0.955909 0.0862469
0.94779 0.101699
0.884104 0.218362
0.55454 0.692486
0.611634 0.626039
0.623106 0.611879
0.994146 0.0116742
0.637873 0.593118
0.200408 0.959837
0.288238 0.917077
0.0200774 0.999598
0.0646183 0.995825
0.00708758 0.99995
0.477387 0.772101
0.699713 0.510402
0.466325 0.782541
0.444941 0.803829
0.564979 0.680805
0.625615 0.608606
0.958033 0.0821733
0.911087 0.169978
0.978384 0.0428388
0.981731 0.0362043
0.926028 0.142809
0.636055 0.595434
0.802592 0.355847
0.720427 0.480993
0.72421 0.475914
0.775201 0.399084
0.898122 0.193397
0.440943 0.805569
0.868464 0.245832
0.305094 0.906922
0.725695 0.473413
0.34658 0.879883
0.581559 0.661789
0.704449 0.503751
0.548794 0.698825
0.642073 0.587743
0.388775 0.849184
0.609789 0.628158
0.879822 0.225914
0.682648 0.533992
0.281208 0.920924
0.951788 0.0940989
0.551686 0.695643
0.217674 0.95298
0.0735029 0.994598
0.900949 0.188313
0.352307 0.875882
0.166239 0.972365
0.881892 0.222268
0.992394 0.0151551
0.134905 0.981801
0.685153 0.530566
0.805562 0.351071
0.807099 0.348592
0.130956 0.982851
0.331636 0.890018
0.426151 0.818396
0.342972 0.88237
0.822113 0.324131
0.817076 0.332458
0.947928 0.101434
0.541138 0.707171
0.90262 0.185937
0.464369 0.784364
0.525388 0.724186
0.933587 0.128509
0.701278 0.508212
0.825572 0.318565
0.147274 0.978312
0.277351 0.923077
0.765412 0.414551
0.888271 0.212454
0.962806 0.0730091
0.9282 0.138946
0.953261 0.0914906
0.435599 0.810255
0.847724 0.281369
0.158762 0.974795
0.821128 0.325748
0.285392 0.918855
0.90825 0.17519
0.81799 0.330892
0.508075 0.741861
0.647499 0.580761
0.941825 0.115304
0.332907 0.889173
0.188981 0.964286
0.91685 0.159531
0.845147 0.286157
0.896371 0.196527
0.182346 0.966751
0.179155 0.967903
0.20653 0.957346
0.1546 0.976099
0.0694061 0.995184
0.657442 0.567772
0.886919 0.213379
0.353608 0.874962
0.437196 0.808861
0.118184 0.986033
0.979693 0.0402016
0.773423 0.40182
0.508974 0.740946
0.16287 0.973473
0.234696 0.944918
