95330 340.063
1 4.44089e-16
5.55112e-17 1
5.55112e-17 1
0.475359 0.774034
0.695095 0.516844
0.78443 0.384669
0.124381 0.984535
0.812897 0.340225
0.725303 0.473937
0.689243 0.524944
0.668663 0.55289
0.770561 0.406312
0.46498 0.783793
0.817927 0.330995
0.644651 0.584427
0.54722 0.70055
0.111526 0.987562
0.602768 0.636672
0.758743 0.424336
0.282208 0.920366
0.498239 0.751759
0.672493 0.547753
0.789192 0.377176
0.204177 0.958312
0.889401 0.208966
0.981286 0.0371396
0.395003 0.844078
0.0400947 0.998393
0.310343 0.903687
0.42735 0.817386
0.339163 0.884969
0.296285 0.912216
0.144974 0.978988
0.676677 0.542108
0.805213 0.351637
0.911707 0.168791
0.290422 0.915658
0.389065 0.848629
0.58506 0.657706
0.138759 0.980746
0.633744 0.598368
0.925728 0.143028
0.978252 0.0430246
0.709207 0.497884
0.422814 0.821228
0.847914 0.281042
0.152729 0.97668
0.0663068 0.995605
0.0799812 0.993603
0.874156 0.235851
0.439973 0.806425
0.773989 0.400942
0.324477 0.894716
0.895493 0.198204
0.948926 0.0995399
0.0577843 0.996764
0.762614 0.418469
0.360877 0.869771
0.833248 0.305698
0.639283 0.591318
0.892425 0.203578
0.657072 0.568256
0.719847 0.48182
0.598611 0.642172
0.754933 0.430076
0.262771 0.931139
0.62938 0.603881
0.211408 0.955307
0.461408 0.787103
0.222232 0.950613
0.540316 0.708059
0.492339 0.757602
0.272554 0.925714
0.167789 0.971847
0.507179 0.742771
0.801729 0.35723
0.95641 0.0852956
0.565793 0.679878
0.752096 0.434352
0.984481 0.0307968
0.552718 0.694503
0.851942 0.275737
0.0205093 0.99958
0.94581 0.105444
0.332692 0.88932
0.0733142 0.994735
0.648028 0.58006
0.793649 0.370122
0.215854 0.953414
0.740649 0.451439
0.184553 0.96594
0.885747 0.215452
0.66359 0.559649
0.271619 0.926223
0.868622 0.245496
0.680152 0.537396
0.870809 0.241692
0.996815 0.00635963
0.995352 0.0105031
0.43266 0.812828
0.907353 0.17671
0.485581 0.764211
0.412191 0.830098
0.456233 0.791873
0.964833 0.0692016
0.856376 0.266622
0.968202 0.0625857
0.251756 0.93662
0.777352 0.395724
0.988451 0.0229662
0.936905 0.122209
0.562094 0.684051
0.748481 0.439779
0.0148556 0.999779
0.683118 0.533351
0.841297 0.292221
0.686308 0.528981
0.316207 0.900013
0.975254 0.0488878
0.916578 0.159886
0.355225 0.873828
0.714495 0.489497
0.482305 0.767382
0.733258 0.462335
0.618961 0.616887
0.901618 0.187124
0.236778 0.943938
0.108451 0.988238
0.231047 0.946618
0.744063 0.446371
0.913733 0.165091
0.797694 0.363684
0.581264 0.662132
0.918817 0.15578
0.435457 0.810378
0.384853 0.851889
0.301857 0.908882
0.712582 0.492227
0.820156 0.327349
0.257964 0.933469
0.329753 0.891273
0.478323 0.771207
0.82735 0.315493
0.319224 0.898113
0.853798 0.271028
0.953184 0.091444
0.614281 0.622659
0.489961 0.759938
0.844832 0.286259
0.904465 0.181945
0.533439 0.715791
0.929146 0.136689
0.399328 0.840537
0.345662 0.880518
0.718456 0.483822
0.557409 0.689296
0.611299 0.626314
0.284919 0.918822
0.365242 0.866777
0.227286 0.948341
0.130949 0.982852
0.837709 0.298711
0.765934 0.413367
0.569677 0.67547
0.607154 0.631364
0.637226 0.593944
0.53816 0.710391
0.172835 0.970128
0.573383 0.671232
0.408075 0.833478
0.372072 0.861583
0.651439 0.575628
0.626403 0.60762
0.951783 0.0941089
0.808651 0.346144
0.865254 0.251335
0.728398 0.469436
0.922914 0.148236
0.877168 0.230577
0.189421 0.964121
0.699187 0.511228
0.0300209 0.9991
0.703827 0.504627
0.933205 0.129129
0.705367 0.502739
0.830195 0.310776
0.193446 0.962579
0.00631888 0.999961
0.368346 0.864321
0.417754 0.825481
0.780758 0.390417
0.66366 0.559556
0.986637 0.0265483
0.51768 0.732008
0.973356 0.0525789
0.448122 0.799187
0.050054 0.997495
0.921421 0.150984
0.930337 0.134472
0.351323 0.876573
0.549852 0.697663
0.240668 0.94208
0.791827 0.373361
0.577531 0.666459
0.836549 0.300186
0.882362 0.221439
0.653447 0.573011
0.513637 0.736177
0.381354 0.854631
0.0883229 0.992199
0.0910478 0.99171
0.736347 0.457886
0.589517 0.652471
0.823577 0.321722
0.700189 0.509735
0.95874 0.0808185
0.0999088 0.990021
0.375508 0.858994
0.244548 0.940196
0.898629 0.19247
0.746227 0.443146
0.62365 0.611062
0.963267 0.0725582
0.343568 0.881961
0.531776 0.717232
0.519433 0.730189
0.939708 0.11695
0.859417 0.261752
0.402263 0.838185
0.248107 0.938443
0.737835 0.4556
0.593634 0.6476
0.934572 0.126576
0.503374 0.746656
0.0992376 0.990175
0.405317 0.835718
0.798959 0.361666
0.617302 0.618938
0.523018 0.726452
0.45134 0.796297
0.595166 0.645778
0.879724 0.226092
0.971265 0.0566441
0.86292 0.255576
0.501924 0.748079
0.378396 0.856816
0.41632 0.826687
0.524538 0.72486
0.809927 0.344019
0.178146 0.968272
