222262 170.009
3.03766e-08 1.21111
3.54344e-08 1.18041
5.5724e-09 1.24383
0.453963 0.922724
0.457534 0.920349
0.439816 0.924654
2.59059e-09 1.26301
0.43981 0.929671
0.41058 0.944997
0.428845 0.935679
1.95084e-10 1.30312
0.872594 0.398656
0.575705 0.789977
6.73522e-07 1.08995
0.416098 0.940812
0.692435 0.663332
0.550555 0.814924
0.692436 0.66031
0.398553 0.947668
0.979161 0.228161
0.872566 0.399469
0.296965 1.01224
0.979166 0.215971
0.979161 0.229357
0.575689 0.79861
0.575693 0.791089
0.681973 0.665689
0.681966 0.667488
0.823227 0.459156
0.699137 0.646503
0.823202 0.461991
0.624543 0.730592
0.613652 0.73794
0.699141 0.641085
0.699137 0.643499
0.296972 1.00949
0.132434 1.07364
0.534295 0.827438
0.546015 0.819177
0.478007 0.879085
0.910978 0.324089
0.671257 0.671216
6.50791e-08 1.09607
0.390116 0.948228
0.910963 0.336372
0.910955 0.338725
0.65462 0.687476
0.903628 0.341017
0.924614 0.265443
0.924602 0.292965
0.469489 0.881996
0.913529 0.313137
0.492314 0.860236
0.334008 0.977574
0.598492 0.746126
0.808177 0.469768
0.996252 0.191768
0.99626 0.177028
0.277385 1.01539
0.530749 0.827537
0.714194 0.622339
0.598491 0.747016
0.553474 0.810465
0.598497 0.739675
0.482326 0.873036
0.183132 1.04107
1.25561e-10 1.31656
0.768645 0.565851
0.590033 0.760611
0.836279 0.423061
0.981952 0.198034
0.369841 0.95508
0.714202 0.614064
2.85978e-06 1.0764
0.956254 0.256156
0.646528 0.695708
0.312313 0.997989
0.836262 0.450072
0.369827 0.957897
0.646523 0.69639
0.590025 0.768718
0.956255 0.245763
0.808167 0.492323
0.808164 0.493062
0.3391 0.965743
0.956256 0.233226
0.312315 0.991448
0.50708 0.83918
1.31161e-06 1.08361
0.646518 0.710702
0.979989 0.202874
0.743506 0.56691
0.590029 0.763639
0.226757 1.03921
0.769693 0.531566
0.88527 0.34563
0.241087 1.01776
0.826256 0.454551
0.724788 0.588868
0.169262 1.05933
0.16927 1.05079
