14666 30.0035
0.997064 0.00603457
4.0093e-10 1.02717
0.151318 0.977175
0.888675 0.213505
0.907651 0.176606
0.872852 0.241415
0.791322 0.37806
0.195319 0.961919
0.83819 0.300693
0.899729 0.193494
0.826168 0.318371
0.604309 0.635094
0.931487 0.133388
0.919274 0.155136
0.782886 0.387199
0.918672 0.156645
0.860597 0.261698
0.595182 0.646014
0.870826 0.243722
0.894331 0.203427
0.160857 0.9742
0.612057 0.625857
0.175305 0.969332
0.799721 0.360843
0.767642 0.412026
0.847596 0.283541
0.841467 0.293549
0.568208 0.678175
0.776256 0.398016
0.812814 0.341826
0.773801 0.402045
0.632156 0.60049
0.577085 0.66707
0.819084 0.331449
0.951367 0.0950574
0.260524 0.932203
0.85127 0.276036
0.205759 0.957742
0.945805 0.10597
0.271423 0.926418
0.174127 0.969766
0.855485 0.270614
0.754493 0.431095
0.582662 0.661903
0.617596 0.61915
0.639121 0.593045
0.589456 0.652762
0.67791 0.540552
0.673122 0.547012
0.553655 0.693557
0.809511 0.34521
0.970696 0.0579634
0.735151 0.459663
0.75991 0.423428
0.748609 0.443823
0.586841 0.655969
0.762708 0.418395
0.739947 0.452569
0.823723 0.323462
0.936597 0.122996
0.989218 0.022022
0.973328 0.0528733
0.284945 0.918879
0.955474 0.0877787
0.223562 0.950088
0.940814 0.115279
0.55864 0.688084
0.944631 0.107953
0.656307 0.569757
0.628768 0.604757
0.858678 0.264258
0.698591 0.512074
0.743494 0.447373
0.967598 0.0640449
0.680565 0.536911
0.250092 0.937532
0.228377 0.947913
0.218296 0.952419
0.805814 0.351804
0.290293 0.915836
0.649459 0.578333
0.975951 0.0482516
0.961669 0.0754093
0.317272 0.899421
0.80438 0.353528
0.683745 0.532612
0.977941 0.0440767
0.659397 0.56533
0.701753 0.507644
0.620658 0.615747
0.691773 0.521573
0.280902 0.921168
0.536382 0.71244
0.626578 0.60898
0.623114 0.611845
0.986795 0.026457
0.964182 0.07081
0.934414 0.127511
0.820966 0.32847
0.750475 0.438239
0.726282 0.472608
0.348083 0.878914
0.371276 0.862235
0.246313 0.939421
0.214235 0.954177
0.374811 0.859608
0.299854 0.910164
0.958364 0.0822797
0.514142 0.735756
0.367651 0.864912
0.307279 0.905641
0.486971 0.762946
0.994998 0.0102272
0.666363 0.556064
0.209647 0.956125
0.542174 0.706164
0.406474 0.834865
0.27681 0.923461
0.539315 0.709239
0.54512 0.702939
0.550608 0.697013
0.729341 0.468174
0.303895 0.907782
0.517248 0.732559
0.800674 0.359694
0.344396 0.881462
0.384987 0.851881
0.341037 0.883778
0.939571 0.117391
0.511169 0.738811
0.241753 0.941622
0.524657 0.724835
0.255377 0.934879
0.396687 0.842723
0.565246 0.680592
0.991862 0.0165372
0.321443 0.896765
0.351771 0.87634
0.402969 0.837707
0.54793 0.699858
0.364187 0.867441
0.953083 0.0917932
0.400154 0.839965
0.435676 0.81026
0.393639 0.845113
0.238359 0.943276
0.75201 0.434586
0.324267 0.894922
0.476557 0.773004
0.646203 0.582559
0.432777 0.8128
0.720757 0.480606
0.70393 0.504587
0.409627 0.832294
0.479288 0.770387
0.663459 0.559933
0.490164 0.759845
0.354806 0.874201
0.358075 0.871869
0.47363 0.77576
0.578051 0.66599
0.36108 0.869701
0.983403 0.0331845
0.438803 0.807569
0.670653 0.55032
0.4197 0.823928
0.503692 0.746404
0.41681 0.826347
0.714488 0.489679
0.710283 0.495612
0.501311 0.748781
0.296163 0.912372
0.70632 0.501216
0.562296 0.683932
0.446141 0.801027
0.96615 0.0672242
0.333578 0.888816
0.959621 0.0795411
0.712482 0.49247
0.466269 0.782677
0.984926 0.0304146
0.980234 0.0396305
0.694685 0.517518
0.668662 0.553007
0.311431 0.903092
0.689316 0.524966
0.716775 0.486368
0.390401 0.847679
0.733132 0.462621
0.642602 0.587153
0.328136 0.892404
0.718567 0.483764
0.520011 0.729677
0.429785 0.815373
0.388104 0.849438
0.981366 0.0374151
0.484013 0.765828
0.7082 0.498555
0.31344 0.901833
0.471014 0.778241
0.521983 0.72764
0.653297 0.573316
0.661686 0.562273
0.508276 0.741754
0.993125 0.0142617
0.498518 0.751571
0.293405 0.913975
0.640346 0.590043
0.695969 0.515728
0.731199 0.465495
0.482115 0.767662
0.381415 0.854637
0.443543 0.803364
0.454182 0.793793
0.50649 0.743562
0.468746 0.780375
0.45732 0.790942
0.532141 0.716918
0.330158 0.891087
0.686055 0.529438
0.528733 0.720548
0.44124 0.805375
0.652273 0.575213
0.458973 0.789442
0.93217 0.131222
0.4619 0.786749
0.741706 0.450705
0.533157 0.715847
0.378352 0.856941
0.452488 0.795344
0.232797 0.945874
0.463511 0.785244
0.723078 0.477278
0.496612 0.75349
0.273155 0.925447
0.527747 0.721566
0.494326 0.755755
0.492454 0.757608
0.23424 0.945209
0.644781 0.584706
0.337349 0.886286
0.412461 0.82995
0.414035 0.828636
0.724215 0.475628
0.257872 0.933565
0.76096 0.421053
0.560416 0.686035
0.687573 0.527378
0.425782 0.818792
0.42759 0.817255
