121260 240.024
1 4.44089e-16
0 1
0 1
0.817547 0.333598
0.110329 0.987828
0.389107 0.848596
0.362706 0.868444
0.196603 0.961349
0.575814 0.668439
0.187501 0.964843
0.88261 0.221008
0.381543 0.85469
0.640095 0.590279
0.781719 0.389033
0.926278 0.142009
0.429265 0.815735
0.912069 0.16813
0.958127 0.081993
0.93576 0.124369
0.203376 0.958638
0.629811 0.603338
0.829719 0.311567
0.939153 0.117992
0.907681 0.176116
0.663578 0.559664
0.274114 0.924862
0.215432 0.953589
0.417195 0.826024
0.719011 0.483023
0.890256 0.20746
0.238416 0.943158
0.602557 0.636925
0.443343 0.803457
0.893536 0.201626
0.248801 0.938118
0.879455 0.226558
0.863249 0.254974
0.465758 0.783143
0.288371 0.916842
0.989313 0.0212606
0.483767 0.765992
0.963134 0.07238
0.743437 0.447301
0.587215 0.655181
0.833561 0.305175
0.992054 0.0159105
0.826439 0.316999
0.606339 0.632353
0.0932614 0.991302
0.452564 0.795213
0.694261 0.518002
0.678315 0.539889
0.820237 0.327214
0.902547 0.185529
0.00857103 0.999927
0.435134 0.810659
0.223531 0.950074
0.922387 0.151398
0.690677 0.522973
0.853433 0.271653
0.653512 0.572922
0.947268 0.102799
0.644436 0.584702
0.733698 0.461688
0.58027 0.663287
0.371457 0.862023
0.746875 0.442205
0.770517 0.406303
0.145383 0.978865
0.610299 0.627535
0.787378 0.380036
0.487331 0.762511
0.806134 0.350209
0.667711 0.554163
0.344639 0.881255
0.26831 0.92801
0.0745182 0.994448
0.56331 0.682682
0.469778 0.779408
0.122945 0.984885
0.47839 0.771143
0.798201 0.363649
0.811321 0.341758
0.932447 0.130543
0.306924 0.905798
0.553251 0.693914
0.293333 0.913956
0.438232 0.807953
0.567641 0.677783
0.838409 0.297071
0.460532 0.78791
0.45776 0.790456
0.727896 0.470167
0.682431 0.534344
0.256289 0.934321
0.737642 0.455903
0.776076 0.397706
0.399764 0.840189
0.70866 0.497811
0.181581 0.967028
0.539695 0.708729
0.89943 0.191027
0.583395 0.659651
0.598214 0.642141
0.532572 0.716367
0.869818 0.243417
0.618569 0.617373
0.524127 0.72529
0.325921 0.893776
0.535656 0.713074
0.351525 0.876434
0.556714 0.69007
0.549364 0.698199
0.996867 0.00625981
0.961401 0.0757077
0.0291369 0.999151
0.16276 0.973509
0.512702 0.737156
0.905442 0.180175
0.995111 0.00976049
0.739911 0.452702
0.967369 0.0641976
0.859945 0.261238
0.970336 0.0584475
0.914521 0.163651
0.779631 0.392175
0.712284 0.492652
0.730989 0.465656
0.626053 0.608071
0.12741 0.983767
0.137998 0.980956
0.773698 0.401391
0.230588 0.946829
0.301775 0.908932
0.722935 0.477365
0.504383 0.745598
0.560219 0.686156
0.321809 0.896439
0.403561 0.83714
0.500192 0.749808
0.542938 0.705246
0.842002 0.291107
0.317466 0.899215
0.546248 0.701613
0.298123 0.911123
0.422184 0.821805
0.134318 0.981959
0.33077 0.890592
0.790947 0.374404
0.0688033 0.995268
0.100212 0.989958
0.634444 0.597481
0.595724 0.645112
0.424485 0.819858
0.154195 0.976252
0.0825329 0.993188
0.836236 0.30071
0.757002 0.426949
0.675216 0.544084
0.176447 0.968901
0.63563 0.595975
0.942763 0.112509
0.333963 0.888469
0.282105 0.920417
0.520285 0.729304
0.697811 0.513119
0.0530025 0.997191
0.0858041 0.992638
0.702229 0.506903
0.280239 0.921466
0.795742 0.366795
0.793107 0.370982
0.809687 0.344407
0.0403953 0.998369
0.754875 0.430164
0.982994 0.0344638
0.104324 0.989117
0.886906 0.213397
0.724772 0.474706
0.857035 0.265492
0.687274 0.527656
0.0352489 0.998758
0.950378 0.0968063
0.670441 0.550508
0.26382 0.9304
0.657173 0.568124
0.767289 0.411268
0.412104 0.83017
0.0214168 0.999541
0.986117 0.0276114
0.74998 0.437552
0.473869 0.775459
0.349505 0.877847
0.928584 0.137733
0.358141 0.871739
0.650047 0.577485
0.236688 0.944021
0.260458 0.932161
0.762979 0.417863
0.613624 0.623466
0.659723 0.564769
0.570624 0.674388
0.920423 0.152822
0.250379 0.93731
0.843494 0.288519
0.672841 0.547284
0.973733 0.0518441
0.850932 0.275949
0.508358 0.741572
0.622107 0.612983
0.930342 0.134468
0.615432 0.621243
0.0600154 0.996433
0.846164 0.284006
0.765827 0.413509
0.80181 0.357208
0.591393 0.650254
0.715425 0.488167
0.760024 0.422364
0.394253 0.844565
0.497945 0.752939
0.699534 0.510652
0.31144 0.903104
0.165233 0.972699
0.944712 0.107588
0.80355 0.354308
0.340159 0.884426
0.872443 0.238845
0.528399 0.720794
0.866262 0.249805
0.407431 0.834
0.447679 0.799583
0.876168 0.23233
0.226998 0.948472
0.210209 0.955812
0.338415 0.885475
0.492205 0.758347
0.377456 0.857527
0.954789 0.0883794
0.896642 0.196035
0.972915 0.0534361
0.49481 0.755163
0.985354 0.0290767
0.0628284 0.996053
0.867224 0.248565
0.313472 0.901736
0.395146 0.84386
0.150623 0.977313
0.954087 0.0909394
0.951375 0.0948859
