21467 40.0041
1 0
0 1
0.631345 0.601701
0.789252 0.377452
0.149113 0.978939
0.939393 0.119564
0.551968 0.695331
0.545631 0.703945
0.869706 0.247759
0.139471 0.981197
0.983002 0.0338109
0.59944 0.640866
0.439294 0.807324
0.733743 0.462957
0.843095 0.291461
0.637825 0.593179
0.270353 0.92758
0.0128138 0.999838
0.593335 0.648383
0.651242 0.576067
0.159609 0.976292
0.107599 0.988549
0.873092 0.238752
0.915968 0.163631
0.719229 0.483633
0.852165 0.275295
0.0418549 0.99904
0.801584 0.359591
0.117544 0.986183
0.98847 0.0254231
0.876222 0.233684
0.190241 0.965081
0.934355 0.130396
0.370685 0.865234
0.919728 0.155156
0.44509 0.802649
0.130314 0.983352
0.864668 0.253571
0.970276 0.0632035
0.772168 0.404479
0.795726 0.369667
0.856718 0.267818
0.764211 0.421421
0.60372 0.635826
0.0782948 0.995164
0.417186 0.828669
0.905681 0.179769
0.992856 0.0148491
0.714272 0.490237
0.910466 0.171764
0.626403 0.608025
0.579793 0.66433
0.784909 0.383917
0.393433 0.84597
0.607851 0.630795
0.242878 0.941544
0.0278381 0.9993
0.377517 0.861218
0.825968 0.31905
0.556667 0.691231
0.576215 0.670081
0.365003 0.868242
0.100804 0.99036
0.213004 0.954788
0.17258 0.97177
0.740725 0.453594
0.164821 0.973417
0.277296 0.923906
0.972334 0.0555238
0.889209 0.210232
0.727592 0.471919
0.399831 0.840539
0.848488 0.28245
0.541541 0.708187
0.0486266 0.997857
0.42128 0.823328
0.197442 0.962044
0.615575 0.622391
0.411027 0.831532
0.474642 0.77488
0.699732 0.513329
0.263262 0.932011
0.322376 0.896574
0.502444 0.748056
0.996533 0.00910366
0.775837 0.401077
0.974642 0.0501344
0.880758 0.226686
0.560852 0.68641
0.482366 0.768943
0.822507 0.325709
0.737579 0.459118
0.361599 0.873904
0.64602 0.584111
0.814268 0.337395
0.966301 0.0685839
0.291214 0.918549
0.182561 0.966829
0.612354 0.626358
0.206959 0.95721
0.755453 0.43412
0.799184 0.368787
0.685905 0.530169
0.522373 0.727187
0.759024 0.424335
0.980546 0.0405952
0.339355 0.884951
0.690107 0.525683
0.589483 0.653
0.861599 0.258992
0.23794 0.944246
0.125012 0.986142
0.782287 0.388674
0.489269 0.764691
0.978407 0.045014
0.962119 0.0768052
0.810146 0.345733
0.219369 0.951969
0.834589 0.304052
0.312659 0.903549
0.356857 0.876418
0.990411 0.0214242
0.569139 0.677614
0.178658 0.969628
0.461254 0.787789
0.406715 0.835148
0.674725 0.548286
0.892625 0.204605
0.830095 0.315447
0.350262 0.877653
0.571988 0.674305
0.389847 0.848689
0.526853 0.725185
0.768757 0.41288
0.682662 0.537593
0.328093 0.894008
0.201963 0.959741
0.425249 0.819658
0.620039 0.617085
0.0301525 0.99923
0.840172 0.296698
0.334912 0.888641
0.641318 0.589128
0.668461 0.553713
0.806741 0.352407
0.0853635 0.993479
0.949985 0.104669
0.470478 0.779272
0.515691 0.735757
0.231935 0.946224
0.585813 0.661406
0.433005 0.813388
0.858667 0.263211
0.818618 0.33273
0.479564 0.771426
0.913848 0.16958
0.519408 0.73362
0.930788 0.135728
0.743702 0.447654
0.695515 0.518848
0.757565 0.430635
0.295819 0.913577
0.509145 0.741485
0.497288 0.755086
0.0930717 0.99173
0.508713 0.742094
0.950513 0.0974559
0.379942 0.856578
0.7508 0.439808
0.767372 0.414097
0.723753 0.47961
0.00638847 0.999985
0.303025 0.910078
0.839468 0.302081
0.0687743 0.995367
0.941853 0.113102
0.661732 0.56557
0.44981 0.798394
0.493703 0.757011
0.429471 0.817189
0.945503 0.106443
0.281997 0.921739
0.998301 0.00368365
0.882876 0.223792
0.257565 0.934687
0.813582 0.34395
0.223773 0.950271
0.284909 0.918912
0.965037 0.0742135
0.465529 0.784641
0.804103 0.353864
0.0567131 0.996784
0.887573 0.216918
0.903824 0.183571
0.928011 0.141373
0.403062 0.838392
0.903359 0.189776
0.228349 0.94853
0.5 0.75
0.332708 0.892529
0.745458 0.444896
0.250239 0.938552
0.702396 0.507691
0.587078 0.657805
0.711639 0.494481
0.45842 0.792442
0.896613 0.198615
0.671726 0.550577
0.385333 0.852461
0.885211 0.218571
0.92252 0.150682
0.345377 0.883394
0.530085 0.720342
0.53669 0.712127
0.251158 0.937706
0.665131 0.558176
0.678349 0.542397
0.924704 0.148681
0.820612 0.330044
0.6251 0.613793
0.850262 0.281436
0.664379 0.560647
0.45573 0.794107
0.299184 0.913165
0.959465 0.0839732
0.779466 0.395194
0.346955 0.881125
0.927119 0.144367
0.65477 0.571473
0.659063 0.568174
0.748407 0.44021
0.706691 0.502705
0.0595789 0.996469
0.468801 0.782976
0.944818 0.112117
0.0665453 0.996288
0.452558 0.797303
0.952397 0.0938441
0.308121 0.905934
0.90025 0.194872
0.894327 0.200673
0.957175 0.0907169
0.69572 0.517912
0.644538 0.585671
0.565836 0.683101
0.383383 0.853851
0.0900045 0.992849
0.724505 0.475849
0.779654 0.394254
0.705146 0.506667
