102672 360.065
1 4.44089e-16
0 1
0 1
0.705496 0.502276
0.362065 0.86891
0.760617 0.421462
0.586746 0.655729
0.793324 0.370638
0.292976 0.915243
0.35302 0.875377
0.711315 0.494035
0.970742 0.057662
0.309097 0.904478
0.578623 0.665195
0.843679 0.288207
0.607439 0.631017
0.754711 0.430411
0.743387 0.447376
0.828027 0.314372
0.797091 0.364682
0.822577 0.323368
0.997819 0.00435643
0.229239 0.94745
0.461825 0.78672
0.320233 0.897451
0.847581 0.281641
0.692595 0.520312
0.800789 0.358737
0.133419 0.982211
0.412303 0.830006
0.901229 0.187786
0.549056 0.698537
0.120469 0.985487
0.315853 0.900237
0.188396 0.964514
0.570896 0.674078
0.73519 0.459496
0.700954 0.508683
0.165338 0.972663
0.327336 0.892851
0.0988121 0.990237
0.595566 0.645301
0.935494 0.124851
0.0427924 0.998185
0.299032 0.91058
0.342826 0.882472
0.918592 0.156189
0.392606 0.84586
0.3871 0.850154
0.149868 0.977565
0.057086 0.996742
0.475532 0.773869
0.670361 0.550621
0.850669 0.276363
0.788484 0.378293
0.455503 0.792517
0.9936 0.0127588
0.501311 0.748915
0.483655 0.766078
0.39666 0.842661
0.0338704 0.998853
0.577643 0.667099
0.954822 0.0883157
0.0199559 0.999602
0.379458 0.856011
0.909032 0.173663
0.966113 0.0667157
0.303052 0.908159
0.0856013 0.992673
0.952107 0.0934933
0.7644 0.415776
0.36732 0.865076
0.626625 0.607434
0.479642 0.769944
0.880294 0.225083
0.182606 0.966676
0.676913 0.541789
0.0497474 0.997528
0.436525 0.809446
0.912047 0.170621
0.107678 0.988405
0.0932 0.991326
0.835106 0.302599
0.242347 0.941295
0.171695 0.970521
0.674135 0.547205
0.877684 0.229671
0.553123 0.694056
0.940147 0.116124
0.602247 0.637299
0.195725 0.961692
0.767009 0.411751
0.984687 0.0303997
0.531097 0.717936
0.752746 0.433376
0.714294 0.489802
0.417201 0.826524
0.7319 0.464323
0.425397 0.819043
0.632618 0.600819
0.429733 0.815329
0.666219 0.556153
0.808053 0.347062
0.17682 0.968755
0.514671 0.735114
0.556327 0.690501
0.815805 0.334478
0.215619 0.953509
0.0649312 0.995785
0.0272105 0.99926
0.649725 0.577879
0.205993 0.957567
0.775709 0.398275
0.264752 0.929906
0.652845 0.573794
0.944469 0.108402
0.887485 0.212751
0.406777 0.834532
0.449147 0.798271
0.373754 0.860329
0.66107 0.562986
0.511448 0.738422
0.56545 0.68029
0.688311 0.526228
0.540221 0.708162
0.977878 0.0437907
0.401901 0.838477
0.829974 0.311146
0.864369 0.252867
0.931673 0.131985
0.928192 0.138461
0.622506 0.612486
0.111767 0.987508
0.210813 0.955558
0.833246 0.305701
0.860724 0.259155
0.330913 0.890497
0.772816 0.404103
0.729158 0.468417
0.444459 0.802456
0.960648 0.0771555
0.383003 0.853309
0.680127 0.537427
0.770367 0.406541
0.963575 0.0716296
0.939028 0.118227
0.0701056 0.995086
0.285198 0.918917
0.518712 0.730938
0.748664 0.439503
0.914595 0.163516
0.492631 0.757654
0.470988 0.778171
0.260428 0.932271
0.544421 0.703606
0.818515 0.330033
0.747452 0.441316
0.717512 0.485177
0.921882 0.150181
0.256243 0.934573
0.277938 0.922751
0.641794 0.588103
0.839032 0.296025
0.893659 0.202604
0.696096 0.515479
0.71968 0.482064
0.505763 0.744416
0.637665 0.593383
0.618099 0.617979
0.811297 0.341798
0.894629 0.19964
0.433388 0.812175
0.488119 0.76174
0.804314 0.353407
0.629575 0.603635
0.853778 0.271063
0.61474 0.622095
0.722785 0.477582
0.636153 0.59531
0.83996 0.294466
0.560095 0.686294
0.855327 0.268416
0.646486 0.582069
0.251714 0.936641
0.986453 0.0269108
0.927806 0.141883
0.337037 0.886406
0.269813 0.927201
0.866682 0.248863
0.905425 0.180207
0.0115343 0.999867
0.664003 0.559101
0.988827 0.0222539
0.957709 0.0827934
0.22228 0.95071
0.812934 0.339139
0.657842 0.567244
0.890013 0.207946
0.904737 0.181451
0.507599 0.742344
0.00830097 0.999931
0.568858 0.6764
0.697991 0.512809
0.870862 0.241599
0.655983 0.569686
0.779828 0.391869
0.973187 0.0529107
0.870252 0.242661
0.562202 0.683929
0.915861 0.161217
0.158176 0.974981
0.135163 0.981736
0.371269 0.862159
0.611454 0.626124
0.283901 0.919412
0.591205 0.650617
0.782472 0.387739
0.933022 0.129473
0.858358 0.263222
0.347224 0.879438
0.599079 0.641105
0.142231 0.97977
0.15678 0.975421
0.883786 0.218923
0.235404 0.944678
0.523468 0.725982
0.784142 0.385153
0.820799 0.326304
0.119041 0.986042
0.0766796 0.994245
0.739202 0.453581
0.949268 0.0988908
0.874476 0.235293
0.726374 0.47238
0.687932 0.529785
0.778 0.394806
0.526438 0.722867
0.0794216 0.993705
0.923889 0.146429
0.739501 0.453139
0.23664 0.944029
0.981275 0.0372063
0.44178 0.804831
0.981341 0.0369704
0.335536 0.887416
0.535953 0.712779
0.990459 0.018991
0.80564 0.35095
0.897776 0.193999
0.620471 0.615016
