182092 410.056
0.999999 0.000196631
3.8272e-07 1.00088
0.0409836 0.998488
0.275207 0.930358
0.289792 0.917309
0.255616 0.936379
0.24164 0.942955
0.536858 0.712498
0.546314 0.702256
0.313245 0.903687
0.0853057 0.993524
0.412605 0.830533
0.423679 0.821406
0.308347 0.906281
0.296898 0.912408
0.568273 0.677163
0.182619 0.966942
0.231064 0.952415
0.324771 0.895757
0.141066 0.980303
0.189517 0.964385
0.220615 0.952709
0.097486 0.990964
0.172559 0.970524
0.236431 0.945786
0.562124 0.684398
0.149497 0.977962
0.573058 0.671779
0.208665 0.957578
0.522082 0.728029
0.133041 0.982495
0.0742816 0.994685
0.334256 0.894549
0.625927 0.608379
0.440152 0.807111
0.339955 0.889554
0.621729 0.613625
0.46705 0.782861
0.126267 0.984177
0.844653 0.286731
0.577151 0.667027
0.581389 0.662369
0.261713 0.933111
0.436012 0.812955
0.644067 0.585366
0.997064 0.00609925
0.72341 0.476894
0.847941 0.281177
0.640301 0.590188
0.948966 0.0996689
0.678009 0.540439
0.444264 0.803151
0.785567 0.38304
0.75231 0.434191
0.213675 0.955491
0.908644 0.17455
0.994184 0.0117781
0.0505221 0.997636
0.727062 0.47155
0.647902 0.580375
0.674308 0.545471
0.985885 0.0282446
0.670885 0.550071
0.917315 0.1587
0.62979 0.603505
0.782137 0.3884
0.873847 0.236587
0.48681 0.763364
0.988672 0.0227108
0.651379 0.575902
0.991426 0.0172727
0.472252 0.778079
0.889833 0.20836
0.945736 0.105846
0.966885 0.0653162
0.977706 0.0442675
0.353581 0.881407
0.267187 0.930387
0.356221 0.874437
0.983053 0.0338103
0.1678 0.972221
0.799404 0.36109
0.617989 0.618308
0.475612 0.774982
0.601676 0.638123
0.63654 0.594965
0.828748 0.313351
0.405115 0.837687
0.527396 0.72255
0.549535 0.698125
0.980458 0.0388686
0.86526 0.251508
0.707211 0.500042
0.719958 0.481816
0.379846 0.856295
0.951602 0.0946174
0.518048 0.73196
0.400673 0.840086
0.831945 0.308039
0.605518 0.633517
0.59829 0.642222
0.37748 0.861543
0.876871 0.231265
0.776115 0.397804
0.585313 0.657549
0.744294 0.446169
0.884836 0.217255
0.371019 0.863121
0.779087 0.393205
0.43107 0.81556
0.160507 0.974505
0.109718 0.988349
0.588445 0.653859
0.920526 0.152818
0.900598 0.189131
0.633276 0.599077
0.868507 0.245872
0.681545 0.535641
0.772964 0.402654
0.341831 0.884223
0.667161 0.555013
0.935744 0.124555
0.897846 0.19415
0.661412 0.562688
0.655049 0.571045
0.905785 0.179767
0.692832 0.520154
0.684478 0.531688
0.95438 0.0893605
0.788766 0.378009
0.943307 0.11039
0.200914 0.961502
0.892592 0.203522
0.101943 0.989907
0.933409 0.128986
0.657902 0.567323
0.881095 0.223897
0.118848 0.986062
0.802776 0.355745
0.480412 0.770278
0.396136 0.844391
0.836352 0.300717
0.409506 0.833059
0.82072 0.326597
0.895188 0.19883
0.870842 0.24181
0.34757 0.882037
0.903287 0.184269
0.462856 0.786517
0.456065 0.792496
0.969458 0.060298
0.5333 0.716294
0.156154 0.97595
0.0563191 0.997035
0.366965 0.866472
0.39258 0.846663
0.608774 0.629543
0.770169 0.407014
0.761152 0.420827
0.199352 0.963166
0.818281 0.330652
0.387703 0.850329
0.701309 0.508269
0.0637725 0.996459
0.704271 0.504186
0.922753 0.148793
0.449184 0.799119
0.855526 0.268215
0.553699 0.693833
0.791351 0.373902
0.737066 0.456923
0.974953 0.0496302
0.858227 0.263613
0.82379 0.321519
0.886654 0.214006
0.809018 0.345612
0.851057 0.275881
0.384335 0.852674
0.755809 0.4289
0.491049 0.759177
0.938657 0.119118
0.716948 0.486191
0.796608 0.365594
0.91175 0.168911
0.794192 0.369455
0.69835 0.512464
0.451804 0.796662
0.51447 0.736111
0.66441 0.558725
0.757809 0.425878
0.940527 0.11555
0.840109 0.294382
0.614565 0.622466
0.956758 0.0848454
0.482927 0.767611
0.592471 0.649356
0.930607 0.134149
0.427062 0.819398
0.815311 0.335454
0.695689 0.516184
0.825974 0.317958
0.958949 0.0806081
0.594799 0.646901
0.493871 0.756621
0.612018 0.625667
0.459414 0.789749
0.734121 0.461218
0.928774 0.137593
0.862734 0.255897
0.710802 0.494928
0.503545 0.746719
0.963933 0.0710796
0.559105 0.687608
0.0689912 0.995564
0.860655 0.259445
0.841332 0.292325
0.749044 0.439129
0.362919 0.869393
0.529829 0.719969
0.853076 0.272475
0.730216 0.466921
0.499963 0.750912
0.294055 0.91616
0.498286 0.753478
0.689381 0.524934
0.747421 0.441493
0.360446 0.872123
0.767345 0.411335
0.834637 0.303558
0.687884 0.527
0.556315 0.690897
0.879509 0.226644
0.114423 0.987039
0.741193 0.450817
0.508915 0.741645
0.763479 0.417261
0.511687 0.739044
0.714361 0.489823
0.811567 0.341551
0.914635 0.163606
0.961212 0.0762676
0.327824 0.895711
0.505909 0.744411
0.806265 0.350134
0.971825 0.0557492
0.739775 0.452897
0.925488 0.143657
0.813242 0.338823
0.765525 0.414101
0.731963 0.464398
