223467 420.044
1 0
0 1
0.889678 0.211516
0.975436 0.0521117
0.835651 0.303713
0.579435 0.665827
0.897214 0.201317
0.269297 0.927914
0.262095 0.932893
0.0610065 0.996316
0.812113 0.341631
0.307204 0.906953
0.759595 0.424502
0.909396 0.17434
0.59741 0.643674
0.853382 0.2732
0.746966 0.44529
0.806691 0.350378
0.224159 0.950678
0.572665 0.672948
0.233945 0.945324
0.970792 0.0625363
0.253652 0.935661
0.830453 0.311347
0.945286 0.107165
0.0729485 0.994772
0.298368 0.913594
0.199059 0.963734
0.787851 0.379723
0.829273 0.318565
0.978865 0.0426947
0.168374 0.971908
0.960271 0.0824079
0.941143 0.115855
0.955457 0.0884573
0.840253 0.294342
0.276384 0.923697
0.0222389 0.999507
0.17795 0.968547
0.0521423 0.99735
0.886511 0.21867
0.720066 0.486028
0.247158 0.939467
0.792881 0.373766
0.881738 0.22259
0.593685 0.649551
0.584355 0.660605
0.822587 0.323774
0.54782 0.700734
0.90416 0.184116
0.878285 0.22914
0.482111 0.769506
0.863367 0.255036
0.476833 0.773208
0.628041 0.6067
0.609892 0.62964
0.0843317 0.993143
0.858181 0.264988
0.203509 0.958923
0.446279 0.801988
0.735834 0.459882
0.568695 0.676965
0.0947221 0.991341
0.866119 0.249837
0.723784 0.479278
0.485915 0.763913
0.603858 0.637384
0.678203 0.540418
0.755352 0.431329
0.390607 0.849859
0.289536 0.917058
0.780017 0.392621
0.876168 0.235419
0.912886 0.170122
0.043772 0.998112
0.728818 0.468866
0.621399 0.61479
0.751283 0.437133
0.339337 0.8856
0.541772 0.707403
0.121399 0.986345
0.85001 0.279073
0.742107 0.449997
0.383865 0.855694
0.871012 0.245371
0.740167 0.454724
0.133731 0.982551
0.127426 0.984455
0.693202 0.52189
0.456731 0.791893
0.803446 0.354951
0.633506 0.600801
0.732452 0.464519
0.16276 0.97352
0.347818 0.880011
0.441691 0.806722
0.948056 0.102038
0.701858 0.508319
0.681897 0.535048
0.822114 0.329957
0.209328 0.956271
0.981505 0.0379959
0.771663 0.405607
0.516045 0.736493
0.0351847 0.99922
0.726475 0.475139
0.665384 0.557877
0.151517 0.977177
0.657189 0.569754
0.78454 0.385731
0.14482 0.979721
0.796047 0.36913
0.921137 0.153196
0.418017 0.825776
0.860636 0.262697
0.872355 0.239893
0.698108 0.513168
0.96705 0.0652414
0.156196 0.97573
0.651104 0.576551
0.924053 0.148505
0.365219 0.867674
0.624976 0.610549
0.900649 0.192323
0.963842 0.0768301
0.764523 0.417547
0.64482 0.584857
0.647724 0.581311
0.499366 0.756364
0.992121 0.017682
0.510675 0.739663
0.997922 0.00620691
0.800906 0.360673
0.561085 0.690969
0.113706 0.987071
0.31168 0.903836
0.715807 0.490261
0.985489 0.0336655
0.141045 0.981928
0.422372 0.822571
0.927392 0.142636
0.460862 0.788638
0.321883 0.897281
0.710862 0.498212
0.6049 0.634207
0.84247 0.290941
0.696684 0.518252
0.919205 0.15884
0.490909 0.761179
0.412761 0.833161
0.931156 0.134604
0.79815 0.363831
0.776384 0.400218
0.565889 0.683669
0.49277 0.757314
0.0128154 0.999836
0.954028 0.0957747
0.327767 0.893405
0.0794355 0.994066
0.467789 0.783573
0.00356081 0.999992
0.437684 0.809229
0.712477 0.492459
0.654303 0.573004
0.535951 0.712822
0.685618 0.532098
0.673128 0.553448
0.704811 0.504105
0.815411 0.335874
0.414161 0.829542
0.818909 0.335776
0.241992 0.942936
0.398232 0.842423
0.897447 0.195554
0.104776 0.989206
0.845571 0.285944
0.617221 0.619333
0.293752 0.91397
0.527886 0.72234
0.452334 0.796216
0.950661 0.0967368
0.531902 0.71889
0.406654 0.835356
0.0990176 0.990391
0.669021 0.554974
0.986569 0.0291264
0.520972 0.729562
0.562677 0.684229
0.464645 0.785995
0.473331 0.779041
0.589314 0.654252
0.70693 0.500696
0.5 0.75
0.434133 0.812081
0.518132 0.731549
0.935532 0.129016
0.45034 0.797759
0.431156 0.814569
0.219027 0.952348
0.502906 0.747986
0.903195 0.186599
0.613473 0.624596
0.189007 0.964741
0.283133 0.920059
0.914887 0.163189
0.688652 0.526334
0.402417 0.839152
0.783031 0.390158
0.587561 0.655383
0.847568 0.283665
0.539949 0.709316
0.994934 0.0121264
0.661317 0.564654
0.109343 0.988324
0.555614 0.691294
0.988297 0.0243596
0.676686 0.546774
0.662175 0.563532
0.360636 0.871034
0.395293 0.844528
0.183074 0.967307
0.642343 0.590581
0.989416 0.0210553
0.377642 0.859773
0.430311 0.820079
0.239514 0.944399
0.427231 0.8211
0.282108 0.921264
0.380946 0.856404
0.371012 0.866655
0.676512 0.549609
0.506915 0.74518
0.329273 0.89163
0.534226 0.716464
0.774996 0.400894
0.470844 0.779184
0.77073 0.412245
0.374644 0.860574
0.392137 0.847106
0.93171 0.133633
0.753442 0.435278
0.0163822 0.999732
0.938836 0.120465
0.371229 0.863399
0.0368268 0.998644
0.318909 0.898345
0.524835 0.726146
0.551749 0.698858
0.636419 0.595967
0.507906 0.742754
