8667 30.0032
1 1.18308e-11
2.07939e-17 1
0.599322 0.640813
0.386756 0.85042
0.108195 0.988294
0.0216452 0.999532
0.120552 0.985467
0.965105 0.068573
0.606959 0.631736
0.910022 0.171893
0.174548 0.969535
0.100648 0.989875
0.405868 0.835271
0.0898555 0.991926
0.0325834 0.998938
0.929597 0.13585
0.340524 0.884044
0.0414132 0.998285
0.444856 0.802103
0.185841 0.965463
0.426064 0.81847
0.771178 0.405286
0.972501 0.0542413
0.79513 0.367768
0.486276 0.763535
0.634502 0.597408
0.863922 0.253639
0.71427 0.489818
0.651538 0.575537
0.2486 0.938198
0.4376 0.808506
0.613586 0.623513
0.377745 0.857309
0.754256 0.431099
0.74936 0.438459
0.875635 0.233263
0.777965 0.394771
0.934063 0.127527
0.64775 0.58042
0.346526 0.879919
0.391609 0.846643
0.409674 0.832259
0.902948 0.184684
0.553318 0.693839
0.960903 0.0766655
0.541378 0.706912
0.943784 0.109307
0.501903 0.748093
0.321371 0.896727
0.774333 0.400409
0.545928 0.701964
0.643943 0.58574
0.920752 0.152215
0.940918 0.114714
0.431243 0.81416
0.141023 0.980113
0.283843 0.919433
0.233718 0.945376
0.625609 0.608615
0.68791 0.52695
0.254687 0.935732
0.86043 0.259662
0.397582 0.841929
0.45646 0.791645
0.415534 0.827341
0.452081 0.795756
0.334939 0.887816
0.742175 0.449177
0.730686 0.466098
0.0633319 0.996
0.557952 0.68869
0.49777 0.752225
0.955687 0.0866616
0.58004 0.663553
0.351034 0.876775
0.293738 0.913718
0.165272 0.972685
0.37228 0.861407
0.0824278 0.993206
0.277221 0.923154
0.58922 0.65282
0.287981 0.917072
0.867283 0.247821
0.307468 0.905463
0.696391 0.51504
0.215636 0.953507
0.549635 0.697902
0.661707 0.562163
0.32791 0.892476
0.722364 0.47819
0.842447 0.290283
0.893658 0.201378
0.733604 0.461826
0.00986422 0.999903
0.89651 0.19627
0.0505389 0.997514
0.807539 0.347881
0.915018 0.162741
0.959114 0.0801011
0.363802 0.867658
0.917399 0.158385
0.68163 0.535587
0.300616 0.90963
0.786801 0.380945
0.758128 0.425242
0.79124 0.373939
0.195376 0.961829
0.685017 0.530752
0.609784 0.628163
0.491266 0.758657
0.0698857 0.99513
0.798585 0.362262
0.36746 0.864973
0.617921 0.618174
0.937831 0.12051
0.76254 0.418573
0.475824 0.773692
0.886777 0.215335
0.987706 0.0244374
0.0762833 0.994181
0.526133 0.72519
0.946914 0.103354
0.983417 0.0328913
0.259685 0.932647
0.0554044 0.996931
0.575735 0.668529
0.846034 0.284227
0.836872 0.299646
0.948745 0.0998823
0.520993 0.728567
0.820443 0.326894
0.220046 0.95158
0.573406 0.671206
0.727047 0.471562
0.76677 0.412064
0.583245 0.659826
0.692017 0.521113
0.700255 0.509643
0.24209 0.941393
0.783478 0.386197
0.781325 0.389571
0.5147 0.735084
0.828111 0.314232
0.997337 0.00531937
0.818264 0.330444
0.951818 0.0940448
0.995333 0.00931309
0.593737 0.647477
0.510542 0.739347
0.569128 0.676094
0.420771 0.82296
0.460622 0.787828
0.157573 0.975171
0.317391 0.899268
0.736917 0.456954
0.678589 0.539518
0.209186 0.956241
0.447855 0.799426
0.80082 0.358699
0.472023 0.777194
0.992705 0.0145368
0.358721 0.871441
0.703683 0.50483
0.273743 0.925073
0.889585 0.208638
0.463615 0.785062
0.481707 0.767959
0.855759 0.267677
0.532158 0.716816
0.979096 0.0413727
0.188741 0.964395
0.656945 0.568433
0.707841 0.498961
0.127354 0.983781
0.638449 0.592383
0.739144 0.453667
0.355967 0.873288
0.81074 0.342701
0.586562 0.655945
0.493801 0.756214
0.851273 0.275335
0.566962 0.678554
0.980438 0.0387414
0.923556 0.147368
0.985266 0.0292519
0.133579 0.982157
0.857849 0.2641
0.663625 0.559602
0.563097 0.682922
0.880689 0.224389
0.710387 0.495351
0.815142 0.335544
0.671156 0.549549
0.927064 0.1406
0.169527 0.971261
0.239116 0.942824
0.745718 0.443913
0.595556 0.645313
0.968949 0.0611373
0.622037 0.61307
0.263722 0.930451
0.852929 0.272512
0.640236 0.590098
0.907176 0.177031
0.227713 0.948147
0.435159 0.810636
0.5066 0.743729
0.824658 0.319939
0.905729 0.179655
0.330738 0.890612
0.479564 0.770157
0.31302 0.902085
0.146793 0.978457
0.789328 0.376961
0.869627 0.243749
0.630192 0.602929
0.66718 0.554969
0.890979 0.206157
0.724927 0.474481
0.953597 0.0908036
0.675749 0.543363
0.823629 0.321636
0.536809 0.711836
0.225466 0.949165
0.872104 0.239436
0.298033 0.911177
0.561018 0.685264
0.93581 0.12426
0.67384 0.545942
0.528312 0.721431
0.718609 0.483601
0.396762 0.842651
0.803791 0.353919
0.878603 0.228057
0.207024 0.958471
0.899506 0.191012
0.717959 0.484543
0.149998 0.977501
0.834664 0.303337
0.969265 0.0605268
0.69377 0.518684
0.655711 0.570043
0.92524 0.143932
0.629633 0.603973
0.975835 0.0479374
0.884075 0.218412
0.46754 0.781406
0.154884 0.976011
0.00670454 0.999955
0.975962 0.0474983
