41577 10.0005
0.977376 0.509156
0.739197 0.819726
0.632097 0.959785
0.703671 0.829341
1.17734e-07 1.33055
2.5572e-08 1.3826
0.908813 0.565444
0.427029 1.10752
0.427027 1.11179
1.22992e-07 1.27945
0.304654 1.14465
0.703657 0.840608
3.5094e-06 1.23548
0.304646 1.16958
9.67314e-09 1.38801
0.843506 0.644895
0.661854 0.865515
4.70818e-06 1.2211
0.845869 0.612315
2.43991e-06 1.23709
0.532284 0.965226
8.64416e-09 1.51878
0.427031 1.10261
0.532284 0.965127
0.304636 1.20109
0.843494 0.6848
0.46255 1.04433
0.427018 1.11338
0.304653 1.15027
0.532268 0.9951
0.764219 0.747451
0.304648 1.16109
5.56737e-06 1.20432
0.532275 0.987497
1.53483e-06 1.25704
0.843495 0.646104
0.661821 0.926372
0.661828 0.865779
0.351754 1.11872
