224022 420.042
1 0
0 1
0.361986 0.872157
0.678967 0.543851
0.585385 0.659817
0.644405 0.58854
0.471846 0.781464
0.64993 0.578302
0.614797 0.623699
0.435831 0.811356
0.579207 0.667999
0.621041 0.616022
0.0108279 0.999926
0.431296 0.815798
0.932721 0.130753
0.786328 0.38511
0.76462 0.421866
0.715949 0.488677
0.780405 0.391362
0.444541 0.805611
0.81144 0.347269
0.25244 0.936643
0.834699 0.306077
0.977977 0.0459812
0.672075 0.550775
0.937035 0.122037
0.114461 0.986951
0.478667 0.77264
0.37075 0.866425
0.328218 0.89229
0.738003 0.460977
0.322333 0.89896
0.455577 0.792854
0.021812 0.999597
0.124334 0.985446
0.98159 0.0389863
0.846981 0.284618
0.682225 0.534569
0.742395 0.449826
0.287255 0.918185
0.602926 0.63678
0.813814 0.340165
0.529391 0.721034
0.969826 0.06061
0.38176 0.854336
0.850008 0.278302
0.461145 0.787885
0.376137 0.859275
0.75802 0.429782
0.703263 0.505923
0.770382 0.408136
0.408926 0.834088
0.654139 0.573591
0.95016 0.0983277
0.397804 0.845132
0.774493 0.40194
0.658138 0.568784
0.691882 0.521754
0.0494591 0.997568
0.79451 0.370572
0.955729 0.0868817
0.661481 0.563359
0.986692 0.0274721
0.0578172 0.996911
0.840123 0.298832
0.823815 0.325172
0.533336 0.716939
0.353932 0.876005
0.922967 0.151361
0.989321 0.021278
0.83236 0.312067
0.465165 0.784202
0.45194 0.797695
0.624984 0.611657
0.136892 0.981624
0.589991 0.653201
0.953472 0.0933471
0.911135 0.171806
0.311796 0.903539
0.919314 0.156741
0.97387 0.0518731
0.424217 0.821766
0.0859198 0.992805
0.749414 0.442313
0.902038 0.188863
0.883619 0.220997
0.523953 0.725919
0.984593 0.0339152
0.665556 0.55879
0.546035 0.704247
0.777265 0.397421
0.84406 0.290995
0.130666 0.984388
0.232769 0.946007
0.539952 0.714339
0.541238 0.708596
0.5 0.75
0.997903 0.00998175
0.820478 0.331149
0.550573 0.701362
0.886913 0.215607
0.245047 0.940764
0.958964 0.081414
0.895604 0.198387
0.306709 0.906776
0.0417421 0.998279
0.898313 0.193034
0.143053 0.979726
0.873207 0.240694
0.967117 0.0703515
0.992125 0.0157421
0.171175 0.971116
0.924864 0.145069
0.853711 0.273103
0.961458 0.0765751
0.72436 0.479444
0.556212 0.691855
0.946856 0.104401
0.816656 0.334088
0.880621 0.226044
0.346594 0.882013
0.159901 0.975243
0.165865 0.972489
0.870742 0.246985
0.191461 0.963431
0.914218 0.164252
0.272202 0.926387
0.711261 0.497233
0.491575 0.763112
0.446826 0.801196
0.940821 0.118642
0.332676 0.89014
0.554059 0.696215
0.317048 0.900156
0.560424 0.686823
0.178006 0.968823
0.878484 0.231513
0.802025 0.360137
0.227643 0.949855
0.701536 0.514468
0.893317 0.204072
0.149053 0.977837
0.805814 0.353189
0.707233 0.502302
0.63659 0.595102
0.494824 0.757789
0.608907 0.63147
0.669128 0.554425
0.745047 0.449467
0.337617 0.88651
0.732769 0.466391
0.866655 0.249526
0.875927 0.236275
0.640226 0.593948
0.280772 0.921773
0.403107 0.840061
0.728843 0.469784
0.72596 0.473809
0.908583 0.17562
0.6881 0.527184
0.865659 0.256374
0.86358 0.260443
0.942854 0.112603
0.21033 0.956645
0.0960588 0.992778
0.828533 0.317046
0.029391 0.999506
0.610671 0.629984
0.107366 0.988584
0.224666 0.952707
0.600742 0.641819
0.0346812 0.998797
0.217711 0.953534
0.343258 0.88619
0.154577 0.976609
0.393134 0.847737
0.351144 0.878551
0.790992 0.37753
0.203737 0.959174
0.48138 0.771122
0.187669 0.96718
0.238128 0.944008
0.499368 0.756352
0.826933 0.320342
0.303256 0.911023
0.972928 0.0578326
0.916282 0.161603
0.371813 0.862616
0.75315 0.43642
0.769994 0.415295
0.698744 0.520324
0.267093 0.929661
0.258913 0.933632
0.198312 0.962465
0.505565 0.746404
0.415689 0.828723
0.789302 0.378643
0.633643 0.601955
0.945103 0.108999
0.414218 0.829384
0.905687 0.183658
0.520714 0.729043
0.765207 0.415459
0.103338 0.98946
0.38654 0.851359
0.96468 0.0713487
0.403887 0.836875
0.841166 0.295283
0.420623 0.823493
0.294034 0.916502
0.298417 0.911283
0.995555 0.0116895
0.0767561 0.994171
0.756264 0.431379
0.486017 0.76676
0.0702464 0.995316
0.629498 0.607399
0.575205 0.67225
0.182553 0.967566
0.59936 0.646809
0.889018 0.210343
0.928458 0.141056
0.564036 0.684573
0.798549 0.363877
0.929729 0.136475
0.572332 0.67244
0.908348 0.18312
0.593248 0.65065
0.804043 0.354509
0.798417 0.367522
0.519591 0.733522
0.73563 0.462099
0.0975758 0.990706
0.890597 0.208096
0.0802226 0.993769
0.214538 0.956116
0.509843 0.740716
0.570722 0.678742
0.0651596 0.995977
0.388433 0.84912
0.24324 0.943488
0.513166 0.738129
0.565759 0.681078
0.595144 0.647446
0.752003 0.439636
0.294899 0.914217
0.720266 0.483882
0.264245 0.930902
0.487024 0.765312
0.856572 0.269071
