42892 140.026
1 0
0 1
0.750801 0.438129
0.741503 0.450748
0.834518 0.304719
0.758621 0.429235
0.945294 0.108172
0.825873 0.318221
0.951086 0.097629
0.842598 0.290528
0.481935 0.768012
0.690297 0.526154
0.862274 0.256821
0.836888 0.300748
0.179116 0.967991
0.803974 0.361209
0.190632 0.964591
0.797584 0.367783
0.916603 0.163627
0.911522 0.171286
0.720668 0.48236
0.241503 0.942095
0.900425 0.190096
0.769628 0.409543
0.221705 0.951253
0.473963 0.775471
0.274014 0.925415
0.968949 0.0647223
0.941194 0.114886
0.636958 0.596563
0.45492 0.793751
0.84695 0.286029
0.868334 0.249415
0.598863 0.641413
0.684763 0.533589
0.353236 0.87547
0.0761005 0.994597
0.563766 0.684015
0.873949 0.23832
0.294342 0.914249
0.640462 0.589967
0.695741 0.521635
0.155501 0.976187
0.84958 0.278597
0.765723 0.41749
0.571707 0.674231
0.361027 0.870446
0.0867529 0.992789
0.558973 0.688784
0.587524 0.65678
0.537573 0.711026
0.567803 0.679221
0.594904 0.64887
0.856908 0.268787
0.174345 0.970419
0.554768 0.692852
0.72436 0.477015
0.102023 0.989654
0.858894 0.262333
0.957142 0.0843927
0.852625 0.273622
0.973485 0.0546692
0.435917 0.810798
0.820877 0.326914
0.774052 0.405717
0.526565 0.724009
0.787146 0.380775
0.994079 0.0166126
0.932249 0.133737
0.466193 0.782807
0.232848 0.946172
0.869074 0.244769
0.58369 0.661654
0.606086 0.633086
0.661877 0.565705
0.575568 0.668956
0.331233 0.890478
0.807881 0.34914
0.983677 0.0324994
0.541973 0.706958
0.613505 0.624161
0.976246 0.0474176
0.610742 0.629263
0.310816 0.904355
0.30045 0.911496
0.98933 0.0281034
0.989984 0.0225463
0.326459 0.89391
0.23201 0.94939
0.0314326 0.999242
0.674345 0.549043
0.91834 0.157009
0.928652 0.138885
0.962988 0.0805887
0.69866 0.516316
0.804746 0.352971
0.982166 0.0374308
0.462911 0.789231
0.978527 0.0433101
0.431941 0.816167
0.921337 0.152223
0.73201 0.465777
0.288211 0.917491
0.818297 0.332152
0.997667 0.00476402
0.279596 0.92269
0.533136 0.71589
0.73817 0.462527
0.715251 0.488581
0.246839 0.939707
0.60252 0.637669
0.372783 0.862694
0.632837 0.601386
0.9953 0.0110289
0.579566 0.66549
0.964992 0.0724255
0.897069 0.197528
0.903904 0.184224
0.550113 0.697398
0.267647 0.930348
0.347072 0.882187
0.591261 0.651436
0.489828 0.76199
0.20052 0.959792
0.81666 0.338463
0.423185 0.821849
0.738751 0.456842
0.472471 0.778576
0.703821 0.506642
0.216075 0.95351
0.783758 0.385828
0.0385176 0.998519
0.321724 0.897203
0.702481 0.512359
0.781156 0.389823
0.778186 0.401179
0.706753 0.501534
0.12636 0.984699
0.112523 0.988994
0.531126 0.720274
0.195009 0.961973
0.20597 0.957749
0.657584 0.569684
0.970512 0.0587783
0.121242 0.985457
0.908487 0.176433
0.649027 0.578768
0.427046 0.817818
0.518215 0.736475
0.368334 0.865038
0.211407 0.95604
0.166299 0.974487
0.778994 0.395866
0.50913 0.746435
0.671643 0.551543
0.439684 0.806826
0.144948 0.979114
0.936089 0.129507
0.87712 0.234495
0.486701 0.764258
0.284233 0.919933
0.415745 0.827319
0.889232 0.209296
0.938215 0.120248
0.825703 0.322626
0.666905 0.562381
0.678059 0.541809
0.494484 0.756762
0.251969 0.936949
0.15157 0.977874
0.395153 0.847131
0.925155 0.147936
0.62418 0.614665
0.377454 0.858634
0.790328 0.37549
0.00875438 0.999923
0.097424 0.991274
0.419085 0.824975
0.399623 0.844527
0.350233 0.878369
0.140373 0.980801
0.709657 0.497712
0.263775 0.930532
0.452327 0.797608
0.336888 0.887779
0.364698 0.868961
0.503859 0.74678
0.761732 0.421268
0.258621 0.934126
0.926272 0.143859
0.888228 0.212904
0.727237 0.471493
0.0716621 0.996371
0.90708 0.181374
0.5 0.75
0.0130474 0.999867
0.812493 0.344206
0.114065 0.986989
0.892572 0.203546
0.091779 0.992378
0.167102 0.973461
0.885929 0.218529
0.0555671 0.997425
0.883912 0.220659
0.953553 0.091162
0.065559 0.996443
0.0451702 0.998121
0.646962 0.585436
0.879233 0.229565
0.63036 0.605401
0.547914 0.704915
0.412096 0.831705
0.937206 0.124598
0.340773 0.884239
0.13294 0.982417
0.443679 0.804374
0.316836 0.900785
0.0492377 0.997579
0.0233587 0.999532
0.64505 0.586451
0.379911 0.856571
0.0601887 0.996621
0.303974 0.9076
0.711918 0.493847
0.0206712 0.999573
0.44865 0.800279
0.730101 0.470256
0.51875 0.731456
0.61743 0.619501
0.51214 0.739228
0.626889 0.609391
0.954672 0.0894691
0.522582 0.728644
0.669001 0.557903
0.510916 0.739628
0.793558 0.3722
0.963129 0.0742847
0.307016 0.907265
0.812761 0.341757
0.410087 0.833079
0.548357 0.701802
0.620751 0.616548
0.464142 0.787056
0.255476 0.934857
0.383415 0.853596
0.655501 0.573943
0.406831 0.836314
0.39194 0.850217
0.445611 0.801504
0.135101 0.982126
