6580 20.0046
0.999963 0.000575655
2.61751e-07 1.06119
0.33131 0.891408
0.385798 0.854668
0.339198 0.886684
0.745244 0.445161
0.39952 0.842155
0.763183 0.418218
0.416718 0.829082
0.741531 0.45854
0.426262 0.821892
0.455959 0.792653
0.466756 0.783405
0.436836 0.811877
0.778056 0.395437
0.445929 0.803924
0.474853 0.776507
0.489408 0.760843
0.732995 0.465265
0.947474 0.104208
0.482382 0.770232
0.715247 0.489329
0.973217 0.0535038
0.968751 0.0621445
0.721758 0.479684
0.420524 0.826872
0.773029 0.403109
0.510463 0.739832
0.483369 0.766885
0.795663 0.367484
0.704961 0.503567
0.451807 0.796391
0.979501 0.0415065
0.943247 0.112069
0.711358 0.495356
0.768969 0.410183
0.508419 0.743711
0.528655 0.721012
0.493506 0.757353
0.707967 0.499268
0.982463 0.0354449
0.726746 0.475553
0.533799 0.715674
0.810483 0.343727
0.688624 0.526544
0.799003 0.362244
0.503634 0.747853
0.765468 0.414632
0.701343 0.508823
0.961725 0.0758973
0.442405 0.807839
0.515719 0.734414
0.977387 0.0462599
0.808518 0.346904
0.949253 0.0997065
0.786657 0.381743
0.729342 0.471509
0.559499 0.687441
0.665078 0.558299
0.814015 0.338105
0.667747 0.554745
0.937864 0.121394
0.692333 0.52121
0.805461 0.351857
0.925953 0.143463
0.782274 0.389386
0.585301 0.657817
0.782701 0.38792
0.912439 0.168185
0.993396 0.0137814
0.825553 0.31916
0.991768 0.017983
0.95155 0.0954499
0.880393 0.225799
0.662379 0.561869
0.834437 0.304334
0.876283 0.232951
0.929912 0.135951
0.927853 0.139908
0.657634 0.56824
0.915098 0.164166
0.588556 0.654229
0.965028 0.0699333
0.974777 0.0505124
0.995586 0.00984519
0.932017 0.132592
0.684251 0.532365
0.939798 0.117698
0.696526 0.516673
0.878462 0.229002
0.98453 0.031872
0.838598 0.297386
0.864353 0.253456
0.660018 0.564875
0.792695 0.37214
0.771654 0.405771
0.935537 0.125832
0.836745 0.300606
0.86235 0.256928
0.542611 0.706127
0.59326 0.648714
0.860313 0.260499
0.989437 0.0217101
0.523658 0.726461
0.550211 0.698007
0.562406 0.684257
0.869522 0.244442
0.545322 0.70305
0.496889 0.753705
0.681634 0.536016
0.611849 0.626276
0.603291 0.636521
0.52665 0.723234
0.655088 0.571344
0.827766 0.315851
0.583213 0.660857
0.626434 0.608431
0.892083 0.205458
0.590599 0.651748
0.933899 0.128554
0.472658 0.780491
0.605785 0.633657
0.686397 0.529463
0.858263 0.263882
0.646519 0.582558
0.890228 0.208474
0.874269 0.236315
0.635133 0.597174
0.923588 0.147873
0.953381 0.0919687
0.844094 0.288016
0.595584 0.64574
0.986301 0.028018
0.628862 0.605071
0.67399 0.546388
0.622461 0.612941
0.898512 0.193314
0.552816 0.694887
0.547851 0.70072
0.67972 0.538468
0.556444 0.690873
0.632814 0.600047
0.71446 0.4904
0.730783 0.466892
0.567084 0.679177
0.88276 0.221488
0.564617 0.681775
0.540405 0.709144
0.823188 0.323173
0.997197 0.00617693
0.575525 0.66941
0.439357 0.811026
0.893795 0.201748
0.907754 0.176889
0.619915 0.616422
0.615888 0.621293
0.65297 0.574021
0.789434 0.377538
0.81702 0.333274
0.847538 0.282486
0.987876 0.0250926
0.967246 0.0651656
0.904402 0.182716
0.537972 0.711236
0.801278 0.359127
0.572538 0.67271
0.722252 0.478953
0.637255 0.594368
0.832382 0.307858
0.9062 0.179943
0.88833 0.21187
0.677416 0.541758
0.501239 0.750268
0.670333 0.551193
0.941684 0.113864
0.56919 0.676555
0.613937 0.623646
0.630688 0.602616
0.840949 0.293605
0.650955 0.576799
0.829438 0.31265
0.5173 0.733031
0.845726 0.285375
0.469178 0.780976
0.618216 0.618329
0.856623 0.267036
0.644286 0.585315
0.866492 0.249864
0.896581 0.196875
0.957616 0.0839475
0.600965 0.639308
0.693974 0.519667
0.639118 0.591984
0.841975 0.291755
0.535668 0.713602
0.791452 0.374409
0.609168 0.629391
0.855105 0.269647
0.900232 0.190516
0.81888 0.330101
0.624392 0.610877
0.917564 0.158699
0.671675 0.549601
0.867657 0.247888
0.919494 0.155278
0.922353 0.150007
0.577031 0.667487
0.520097 0.72987
0.998906 0.00336655
0.91052 0.171534
0.597782 0.643156
0.885381 0.216877
0.920564 0.153255
0.909823 0.17388
0.871661 0.241096
0.675849 0.543708
0.849494 0.279719
0.641226 0.589636
0.453379 0.795434
0.955068 0.0888191
0.886851 0.214274
0.580664 0.663488
0.852172 0.274647
0.853428 0.272415
0.902756 0.185786
0.916463 0.160764
0.498644 0.751891
0.815273 0.336076
0.820242 0.327955
0.698474 0.512908
0.831079 0.310165
0.850499 0.27743
0.821826 0.325214
0.55491 0.692761
0.607928 0.630953
0.579311 0.664849
0.895326 0.198975
0.959106 0.0808816
0.803836 0.354435
0.960202 0.0788907
0.956039 0.0866464
0.642824 0.587752
0.87267 0.239509
0.901642 0.187881
0.802529 0.356518
0.57118 0.674238
0.883839 0.219387
0.599367 0.641358
0.521297 0.728724
0.787834 0.380397
