7563 10.0007
0.168574 0.972036
0.27787 0.936639
0.0898957 0.998066
0.163637 0.980896
0.280015 0.934396
0.0958846 0.993033
0.448198 0.825913
0.0975866 0.99211
0.699866 0.538499
0.838988 0.312894
0.681348 0.549792
0.522659 0.733117
0.205099 0.961962
0.277102 0.937335
0.580354 0.674912
0.942715 0.124814
0.974479 0.0565651
0.452935 0.803629
0.735724 0.478748
0.651519 0.583216
0.887943 0.220573
0.396823 0.842546
0.287497 0.924283
0.817267 0.345063
0.34121 0.891834
0.875947 0.240679
0.379829 0.873068
0.385526 0.865602
0.991644 0.0175835
0.729071 0.494509
0.191699 0.963252
0.730723 0.482458
0.289382 0.916258
0.986083 0.0333975
0.424255 0.831694
0.393253 0.849371
0.0249669 0.999378
0.651004 0.597812
0.979744 0.0466125
0.448381 0.82424
0.970659 0.0619884
0.806206 0.364602
0.541967 0.706754
0.913918 0.176737
1 0.00133668
0.315399 0.912915
0.974918 0.0563063
1 0.000991978
0.513599 0.737832
0.943291 0.115202
0.967349 0.0689282
0.86891 0.251233
0.869446 0.250587
0.00749675 0.999944
0.00675268 0.999954
1 0.00054316
0.83703 0.327324
0.958267 0.0877819
0.475825 0.785073
0.983507 0.0340657
0.440437 0.826364
0.772901 0.417979
0.959059 0.0851742
0.249199 0.946616
0.011577 0.999866
0.0163758 0.999732
0.913478 0.178312
0.786686 0.393079
0.209798 0.957369
0.502048 0.75581
0.135756 0.985709
0.168182 0.973571
0.31951 0.897913
0.219528 0.95706
0.737967 0.474616
0.811068 0.352106
0.854322 0.277891
0.841748 0.306229
0.905686 0.183512
0.909044 0.180452
0.959117 0.0825037
0.155355 0.982251
0.258827 0.94203
0.092039 0.994818
0.68663 0.541481
0.608359 0.639224
0.6633 0.563135
0.854422 0.274548
0.855196 0.271264
0.826187 0.333855
0.990555 0.0241827
0.56476 0.687231
0.762623 0.42319
0.236636 0.952501
0.712123 0.496994
0.659998 0.569215
0.999055 0.00206784
0.760192 0.440047
0.922866 0.153519
0.963402 0.0752892
0.986966 0.0297328
0.201778 0.962326
0.969354 0.0641446
0.242071 0.949755
1 1.65735e-05
0.601784 0.641468
0.848166 0.284057
0.835423 0.332034
0.642488 0.611857
0.471126 0.796893
0.972757 0.0592694
0.98306 0.040295
0.984542 0.0333992
0.887805 0.231027
0.843333 0.303349
0.488729 0.76269
0.893776 0.206841
0.924299 0.145689
1 2.84006e-05
0.419101 0.83297
4.71436e-16 1.00328
0.74023 0.469605
0.598668 0.662166
0.627447 0.627754
0.730213 0.490178
0.791999 0.388886
1 5.62023e-05
0.936486 0.12978
0.778035 0.403208
0.976781 0.0472214
0.630512 0.612041
0.507461 0.747972
0.918085 0.16984
0.889839 0.216378
0.94967 0.103966
0.557507 0.689236
0.903454 0.20393
0.470289 0.801108
0.11352 0.988128
0.820928 0.340183
0.0939975 0.993271
0.993901 0.014044
0.998759 0.00310148
0.501202 0.758021
0.630369 0.626002
0.282542 0.932671
0.36181 0.881095
0.343426 0.884377
0.987235 0.0265124
0.996694 0.00721894
0.705572 0.51868
0.938419 0.126614
0.529504 0.719663
0.744065 0.450605
0.875164 0.244832
1 4.62993e-05
0.304193 0.913392
0.809061 0.354725
0.538441 0.710469
1.98299e-16 1.00393
3.68276e-15 1
0.487264 0.784628
0.424275 0.82989
0.813796 0.347097
0.795392 0.367392
0.586667 0.668201
0.838179 0.319951
7.41991e-16 1.00143
0.946415 0.104334
0.999345 0.00134739
0.263019 0.938341
0.363498 0.874965
0.704266 0.533279
0.56978 0.675363
0.00557678 0.999969
0.943351 0.11019
0.550534 0.701349
0.99531 0.00946379
2.20862e-15 1
