116374 230.02
1 0
0 1
0 1
0.566045 0.680126
0.313644 0.90163
0.387195 0.85008
0.964132 0.0704503
0.572316 0.672456
0.102795 0.9897
0.321549 0.896606
0.531776 0.717235
0.0107972 0.999883
0.113093 0.98721
0.69377 0.518683
0.59512 0.645832
0.326398 0.893467
0.191572 0.963327
0.92521 0.14578
0.157753 0.975119
0.504644 0.745334
0.211155 0.955413
0.258287 0.933288
0.921254 0.151291
0.741549 0.450106
0.292339 0.914542
0.453994 0.79389
0.689694 0.524323
0.264751 0.929907
0.720901 0.480366
0.917926 0.157411
0.286298 0.918034
0.796866 0.365005
0.237251 0.943712
0.981545 0.0368085
0.989606 0.0207471
0.945642 0.105762
0.544317 0.703719
0.686145 0.52985
0.217599 0.952653
0.392777 0.845726
0.204203 0.958302
0.590694 0.651118
0.77203 0.40397
0.198603 0.960557
0.763079 0.417711
0.775585 0.398524
0.759446 0.423242
0.298327 0.911189
0.184451 0.966017
0.846683 0.28331
0.458604 0.789727
0.861481 0.257851
0.800521 0.360201
0.463032 0.785601
0.0766813 0.994122
0.630826 0.602059
0.661592 0.562296
0.576208 0.667984
0.230404 0.946914
0.0952378 0.99093
0.671618 0.548961
0.548537 0.699108
0.702306 0.506914
0.969254 0.0605467
0.714228 0.489878
0.538628 0.70988
0.813965 0.337461
0.307606 0.905379
0.817729 0.331364
0.270335 0.926919
0.280758 0.921175
0.56071 0.685637
0.61117 0.626471
0.975987 0.0474502
0.709722 0.496295
0.432496 0.812948
0.823867 0.321243
0.903427 0.183819
0.820346 0.327033
0.978257 0.0430137
0.655015 0.570955
0.275612 0.924038
0.525839 0.724367
0.807908 0.347284
0.665088 0.557657
0.616781 0.620527
0.869971 0.243154
0.333444 0.888815
0.829699 0.311599
0.811289 0.341813
0.169634 0.971225
0.73542 0.459158
0.149094 0.977771
0.756115 0.42829
0.675785 0.543315
0.163727 0.973193
0.881289 0.22333
0.605417 0.633471
0.787584 0.379711
0.697975 0.512845
0.914826 0.163113
0.826534 0.316876
0.995907 0.00816973
0.436308 0.809635
0.37103 0.862337
0.948807 0.0997652
0.657697 0.567435
0.668511 0.553093
0.242726 0.941084
0.737984 0.455381
0.520824 0.728743
0.303241 0.908045
0.62259 0.612383
0.879006 0.227348
0.910002 0.171897
0.140792 0.980178
0.552448 0.694801
0.972853 0.0540479
0.492596 0.757349
0.961802 0.0754268
0.650679 0.576616
0.956764 0.0846026
0.448719 0.798656
0.60009 0.640822
0.793113 0.370972
0.518 0.731676
0.365987 0.866053
0.0246762 0.999391
0.374837 0.859497
0.639594 0.591963
0.724458 0.47516
0.791241 0.373939
0.959064 0.080197
0.843631 0.288286
0.509426 0.74049
0.865179 0.251469
0.380011 0.855594
0.642245 0.587522
0.404387 0.836471
0.61953 0.618762
0.892885 0.202757
0.123263 0.984806
0.897508 0.194524
0.358181 0.871706
0.731559 0.464822
0.407582 0.833877
0.85882 0.262429
0.928005 0.138807
0.133935 0.982061
0.912428 0.167475
0.85007 0.277381
0.837002 0.299434
0.67833 0.539869
0.0847521 0.992817
0.130045 0.983088
0.753149 0.432767
0.33599 0.887111
0.782977 0.386948
0.0568817 0.996764
0.411979 0.830273
0.766432 0.412582
0.414905 0.827853
0.726729 0.471864
0.866644 0.248932
0.482019 0.767658
0.528695 0.720482
0.64528 0.583614
0.935106 0.125607
0.803525 0.35438
0.889473 0.208842
0.856429 0.266533
0.351449 0.876483
0.247478 0.938755
0.399821 0.840143
0.627863 0.606819
0.513672 0.736143
0.894468 0.199927
0.467526 0.78142
0.92939 0.136235
0.60887 0.629285
0.346197 0.880147
0.601749 0.637898
0.397213 0.842222
0.932478 0.130484
0.745589 0.444096
0.875829 0.232924
0.118914 0.985859
0.986329 0.0271554
0.707349 0.499658
0.175582 0.969171
0.0882254 0.992217
0.499974 0.750179
0.872497 0.238749
0.997726 0.0045443
0.841333 0.29216
0.0698399 0.995125
0.44073 0.805757
0.0349008 0.998782
0.750774 0.436341
0.0427902 0.998169
0.178895 0.967997
0.581766 0.661548
0.954042 0.0898123
0.833999 0.304446
0.580268 0.663289
0.427536 0.817213
0.0482142 0.997675
0.341436 0.883421
0.729824 0.467356
0.539932 0.708473
0.486977 0.762854
0.839064 0.295974
0.55561 0.691298
0.635009 0.596763
0.984381 0.0309947
0.884699 0.217307
0.805124 0.351776
0.223643 0.949984
0.832505 0.306935
0.942562 0.111578
0.586301 0.657318
0.900364 0.189345
0.446777 0.801305
0.8882 0.2111
0.476739 0.772721
0.487923 0.761931
0.950928 0.09574
0.938345 0.119508
0.00490019 0.999976
0.62556 0.609704
0.0659688 0.995648
0.907107 0.177156
0.0314737 0.999009
0.557987 0.688749
0.146051 0.97926
0.587065 0.655461
0.941718 0.113264
0.442781 0.803945
0.419184 0.824285
0.992565 0.0148142
0.252232 0.936379
0.779383 0.392703
0.748314 0.440027
0.906161 0.178872
0.480346 0.769296
0.682126 0.534704
0.700278 0.509615
0.0602648 0.996368
0.716965 0.485961
0.422582 0.821424
