79874 260.042
1 0
0 1
0.5491 0.700936
0.215412 0.954467
0.564557 0.682544
0.226598 0.949117
0.494984 0.758139
0.393116 0.846065
0.351655 0.876431
0.955026 0.0883498
0.407799 0.833931
0.5 0.75
0.110017 0.988093
0.590293 0.651585
0.627327 0.60799
0.72446 0.482432
0.179263 0.968173
0.596863 0.644724
0.936694 0.125038
0.570863 0.674278
0.361296 0.872061
0.931783 0.133634
0.0662295 0.995773
0.919662 0.154854
0.41474 0.829104
0.643305 0.589099
0.274047 0.927912
0.697977 0.51415
0.783319 0.388147
0.700961 0.508832
0.881486 0.227344
0.0914314 0.992871
0.689404 0.525452
0.69286 0.521118
0.323135 0.896318
0.541766 0.709903
0.74086 0.451127
0.946361 0.108574
0.187838 0.965083
0.684659 0.532988
0.574712 0.670956
0.889963 0.211087
0.172481 0.971698
0.580774 0.664865
0.91521 0.162853
0.387863 0.850375
0.0760464 0.994217
0.158546 0.975346
0.231699 0.946455
0.750967 0.436628
0.312429 0.903534
0.675127 0.548112
0.845226 0.288324
0.560374 0.688423
0.638128 0.596553
0.661763 0.565511
0.419829 0.825184
0.779866 0.396546
0.860466 0.268785
0.194582 0.964047
0.705868 0.5018
0.979447 0.0451959
0.318517 0.899523
0.942211 0.112886
0.239498 0.943248
0.950573 0.0977663
0.384812 0.856704
0.963534 0.0718889
0.941193 0.121292
0.164844 0.972948
0.522139 0.72948
0.122577 0.985723
0.819487 0.3345
0.828643 0.31631
0.0409867 0.99893
0.87314 0.242204
0.717492 0.488203
0.650034 0.578919
0.0298791 0.999107
0.725776 0.474399
0.822196 0.325638
0.868737 0.247257
0.468852 0.780178
0.00960626 0.999908
0.331772 0.892949
0.201837 0.961092
0.669751 0.552683
0.528391 0.724061
0.645939 0.58376
0.987518 0.0255692
0.444555 0.803015
0.0831058 0.993762
0.656106 0.57247
0.840832 0.293947
0.631566 0.601271
0.151618 0.978565
0.425888 0.822176
0.851908 0.274964
0.892071 0.205342
0.517002 0.734101
0.346321 0.880358
0.0576091 0.996689
0.807066 0.349402
0.904823 0.182416
0.0997549 0.990286
0.974214 0.0509134
0.586669 0.656815
0.506511 0.747051
0.764442 0.418598
0.961263 0.0793405
0.401789 0.840734
0.615356 0.62231
0.991991 0.0164186
0.885448 0.218003
0.278173 0.923281
0.981082 0.0398526
0.922576 0.149396
0.87716 0.23405
0.66772 0.55779
0.79964 0.360943
0.958458 0.0825324
0.865857 0.25215
0.264565 0.930076
0.307066 0.90679
0.465352 0.784651
0.0170682 0.999873
0.745854 0.445753
0.949001 0.100138
0.90777 0.176473
0.912753 0.166915
0.146407 0.979621
0.439141 0.809201
0.83271 0.30893
0.53522 0.717725
0.855077 0.26994
0.862463 0.259287
0.713692 0.49592
0.91269 0.175301
0.797495 0.36495
0.601433 0.640784
0.755672 0.432198
0.748041 0.443289
0.966523 0.0668474
0.790442 0.37651
0.299694 0.912448
0.583734 0.660881
0.810077 0.343961
0.253505 0.936046
0.730514 0.471195
0.131845 0.983715
0.682219 0.537678
0.246024 0.942921
0.768012 0.410902
0.709626 0.499517
0.662669 0.560899
0.619288 0.618314
0.990927 0.0226274
0.139441 0.981321
0.0242331 0.999482
0.259632 0.933111
0.738394 0.457906
0.293605 0.913849
0.817012 0.337953
0.488195 0.761799
0.998456 0.00340909
0.885427 0.222083
0.456516 0.795232
0.482522 0.767221
0.209019 0.956421
0.462081 0.78846
0.925562 0.145431
0.837197 0.300536
0.30246 0.908654
0.731574 0.466325
0.815315 0.343757
0.608101 0.630259
0.833303 0.306112
0.380112 0.860394
0.403038 0.840286
0.538783 0.710357
0.0517585 0.997321
0.760573 0.42595
0.973293 0.0549489
0.553937 0.697171
0.623044 0.61492
0.899808 0.192617
0.653565 0.574044
0.97085 0.0601731
0.283661 0.922099
0.104431 0.989916
0.0460847 0.997876
0.290673 0.916894
0.458477 0.790988
0.787009 0.383419
0.984933 0.0335101
0.508012 0.74224
0.286167 0.918785
0.473783 0.775868
0.87487 0.236025
0.897401 0.198712
0.847869 0.282284
0.343518 0.884397
0.894881 0.199814
0.205586 0.957914
0.429365 0.818314
0.929452 0.13876
0.526497 0.72607
0.715053 0.490388
0.480707 0.770559
0.803001 0.35519
0.371453 0.865058
0.848709 0.279788
0.635035 0.599194
0.77692 0.399803
0.124051 0.984616
0.763241 0.421887
0.604377 0.635059
0.514506 0.738017
0.555555 0.692114
0.757761 0.429104
0.904206 0.188876
0.487537 0.76411
0.996164 0.0094983
0.99513 0.0111774
0.434043 0.812091
0.970014 0.0641648
0.735894 0.463553
0.535528 0.71642
0.340864 0.886891
0.431008 0.81546
0.677598 0.541826
0.794161 0.370004
0.613104 0.627791
0.511844 0.740121
0.365066 0.868134
0.928963 0.142619
0.86435 0.258082
0.789448 0.381942
0.792973 0.371274
0.840236 0.299999
0.983572 0.0339355
0.825687 0.319397
0.45164 0.797437
0.33603 0.887812
0.1363 0.983096
0.769048 0.409476
0.804547 0.354418
0.447634 0.800885
0.82481 0.322575
0.250561 0.940578
