197871 440.056
1 0
1.35779e-18 1
1.35779e-18 1
0.74359 0.447075
0.749367 0.43845
0.603927 0.635272
0.989802 0.020293
0.984886 0.0300002
0.124941 0.98439
0.24844 0.938278
0.611667 0.625864
0.946548 0.104069
0.32254 0.895968
0.562297 0.683822
0.216493 0.953131
0.31465 0.900995
0.842077 0.290906
0.912843 0.166723
0.113019 0.987227
0.965288 0.0682187
0.68926 0.524921
0.666252 0.556108
0.961408 0.0756952
0.756705 0.427397
0.927725 0.139326
0.847288 0.282103
0.350327 0.877271
0.90227 0.185919
0.0711352 0.99494
0.582761 0.660391
0.54059 0.707762
0.236772 0.944031
0.395199 0.843818
0.981837 0.0359958
0.621073 0.614297
0.356068 0.873216
0.470281 0.778836
0.877184 0.230557
0.174518 0.969544
0.753155 0.432758
0.131935 0.982593
0.924251 0.145776
0.0947182 0.991029
0.139497 0.980627
0.97855 0.0424405
0.51845 0.73121
0.442785 0.803942
0.921302 0.151203
0.670386 0.550592
0.863038 0.255166
0.898259 0.19315
0.651802 0.575154
0.0432942 0.998126
0.888378 0.210785
0.88566 0.215606
0.973089 0.053097
0.28388 0.919412
0.556362 0.690462
0.526089 0.723248
0.387302 0.849997
0.643284 0.586186
0.860074 0.260298
0.570166 0.674911
0.46529 0.783505
0.566319 0.679283
0.050288 0.997471
0.824756 0.319777
0.951015 0.0955702
0.597189 0.643365
0.943142 0.110482
0.438115 0.808055
0.0869178 0.992445
0.852448 0.273333
0.639669 0.590835
0.336419 0.886823
0.53581 0.712908
0.661742 0.562097
0.194495 0.96218
0.808064 0.347042
0.102281 0.98954
0.769793 0.407419
0.404665 0.836246
0.474846 0.774522
0.146052 0.97867
0.975777 0.0478594
0.344577 0.881266
0.785889 0.382379
0.761114 0.420706
0.908872 0.173956
0.496808 0.753182
0.374588 0.859684
0.1604 0.974272
0.40876 0.832915
0.734689 0.460233
0.828934 0.31456
0.522434 0.727063
0.447529 0.799717
0.772804 0.402775
0.420456 0.823228
0.636012 0.595488
0.632836 0.59952
0.992879 0.0141915
0.61683 0.619521
0.500978 0.749022
0.766405 0.412624
0.99789 0.00421628
0.267556 0.928414
0.932968 0.129572
0.727372 0.47093
0.252469 0.936259
0.931147 0.132979
0.994953 0.0100682
0.258427 0.933215
0.00863048 0.999926
0.954673 0.0886004
0.896072 0.197056
0.800716 0.358855
0.600878 0.638945
0.361167 0.869559
0.803945 0.353672
0.870934 0.241947
0.798234 0.362833
0.544956 0.703023
0.718524 0.483725
0.181856 0.966929
0.289513 0.916183
0.882155 0.221802
0.0623888 0.996108
0.793845 0.369809
0.486814 0.763012
0.629195 0.604114
0.81785 0.331122
0.830637 0.310042
0.684948 0.530847
0.723971 0.475892
0.328337 0.892195
0.679916 0.537714
0.262358 0.931168
0.849394 0.27853
0.551472 0.695891
0.710685 0.494926
0.812586 0.339737
0.223293 0.95014
0.905194 0.180623
0.588005 0.654254
0.301615 0.909029
0.659224 0.565429
0.880899 0.225268
0.96993 0.0592355
0.34086 0.883815
0.835442 0.302037
0.547558 0.70018
0.968424 0.0621544
0.297647 0.911406
0.3098 0.904024
0.530794 0.718258
0.507135 0.742814
0.378051 0.857077
0.0584289 0.996586
0.330999 0.89044
0.697543 0.513434
0.775896 0.397985
0.781219 0.390041
0.721659 0.479209
0.778055 0.394631
0.306259 0.906205
0.940793 0.114908
0.108241 0.988284
0.278563 0.922403
0.57684 0.667256
0.415392 0.82746
0.715695 0.48778
0.151936 0.976915
0.700098 0.509863
0.493051 0.756911
0.293074 0.914108
0.189011 0.964282
0.833584 0.305138
0.891867 0.204573
0.451004 0.796596
0.513714 0.736098
0.916202 0.160573
0.36464 0.867047
0.694344 0.517887
0.0264961 0.999298
0.866434 0.249292
0.478573 0.770968
0.504429 0.745552
0.461471 0.787045
0.625124 0.60922
0.490291 0.759615
0.856763 0.265957
0.783279 0.386475
0.272197 0.925909
0.822013 0.324295
0.399807 0.840155
0.208683 0.95665
0.713166 0.491394
0.423829 0.820369
0.413345 0.829146
0.737894 0.455512
0.0147512 0.999782
0.0343256 0.998822
0.938594 0.119041
0.86759 0.247288
0.814745 0.336191
0.226115 0.948872
0.45411 0.793785
0.892936 0.202736
0.873744 0.236572
0.855522 0.268082
0.958441 0.0813917
0.382257 0.853879
0.592046 0.649481
0.614236 0.622715
0.918205 0.157407
0.585691 0.656966
0.795096 0.367822
0.707416 0.499564
0.731504 0.464902
0.593297 0.647998
0.789592 0.376612
0.427019 0.817654
0.15604 0.975652
0.483097 0.766618
0.838708 0.296569
0.433943 0.811694
0.82013 0.327388
0.957424 0.0833388
0.36901 0.863831
0.806357 0.349788
0.647937 0.580177
0.647397 0.581439
0.95228 0.0931619
0.936399 0.123156
0.0791801 0.993731
0.679047 0.538896
0.673711 0.546114
0.511181 0.738792
0.167963 0.971789
0.534393 0.718032
0.9072 0.176988
0.554186 0.692878
0.685864 0.52959
0.730103 0.466953
0.20167 0.959529
0.739708 0.452834
0.207953 0.956756
0.275516 0.924091
0.200752 0.959699
