253328 480.049
1 0
0 1
0.273951 0.925554
0.950207 0.098218
0.653451 0.574004
0.731306 0.46723
0.265277 0.930866
0.285551 0.919172
0.744838 0.446191
0.978381 0.0460024
0.955484 0.090427
0.648087 0.580929
0.945069 0.107514
0.958694 0.0840179
0.751093 0.437727
0.331161 0.89079
0.135849 0.982344
0.148074 0.980128
0.816141 0.339207
0.409783 0.833678
0.540919 0.707608
0.992594 0.0165638
0.96193 0.0749825
0.15811 0.976242
0.403759 0.83856
0.106011 0.99066
0.437522 0.809867
0.550141 0.704607
0.982949 0.0374805
0.645747 0.588371
0.914215 0.166093
0.339141 0.88563
0.56656 0.681074
0.036659 0.998865
0.44262 0.804672
0.257904 0.933579
0.0943514 0.991359
0.195433 0.963439
0.725795 0.476856
0.0260289 0.999354
0.897262 0.196063
0.903768 0.187579
0.768029 0.411392
0.681993 0.542987
0.414927 0.829129
0.84912 0.279338
0.203314 0.961635
0.997113 0.0100857
0.974149 0.0514401
0.388398 0.849954
0.736622 0.463509
0.882097 0.226244
0.619704 0.619519
0.990433 0.02383
0.123489 0.986441
0.824936 0.321352
0.175932 0.969322
0.934223 0.127766
0.393829 0.845128
0.478381 0.775326
0.47201 0.777646
0.659927 0.565922
0.846783 0.284764
0.0553841 0.996964
0.189001 0.96558
0.623489 0.614224
0.911432 0.171893
0.0665603 0.99648
0.326143 0.893856
0.418938 0.82482
0.673532 0.548198
0.432134 0.814227
0.854114 0.274102
0.741368 0.451372
0.738051 0.456295
0.534658 0.716677
0.315208 0.901196
0.183581 0.968701
0.771935 0.405449
0.862517 0.258114
0.224598 0.950342
0.964697 0.0696104
0.423658 0.820878
0.575808 0.670507
0.397649 0.841898
0.683575 0.533568
0.207978 0.958091
0.130808 0.983926
0.71898 0.484582
0.357666 0.873594
0.639256 0.591477
0.529938 0.721744
0.309124 0.904934
0.242509 0.941309
0.760423 0.425532
0.601355 0.638898
0.216186 0.953267
0.0192564 0.999645
0.937547 0.121573
0.883853 0.219275
0.562554 0.686654
0.169032 0.974107
0.480812 0.769154
0.362576 0.868815
0.925277 0.14872
0.894326 0.202921
0.927246 0.14147
0.753403 0.433235
0.538473 0.713455
0.371369 0.864098
0.716666 0.490267
0.0437266 0.998251
0.289172 0.916779
0.42777 0.817013
0.522887 0.727663
0.80143 0.35771
0.614433 0.622697
0.900208 0.190658
0.459339 0.791239
0.907403 0.179715
0.971344 0.0567031
0.250132 0.938721
0.75717 0.428468
0.783927 0.389369
0.774731 0.401306
0.891605 0.205829
0.599647 0.644245
0.59174 0.650625
0.0781846 0.994878
0.932231 0.133605
0.921437 0.151089
0.697334 0.514993
0.582606 0.663864
0.820623 0.330834
0.627547 0.610285
0.595346 0.647515
0.986204 0.0276391
0.518116 0.73158
0.612724 0.627532
0.889624 0.212915
0.866736 0.253368
0.110879 0.987737
0.786414 0.384544
0.301625 0.909862
0.918664 0.15976
0.151617 0.977054
0.116101 0.986681
0.505267 0.744709
0.821645 0.330381
0.80668 0.349853
0.77802 0.396825
0.675941 0.543957
0.0831591 0.993127
0.665227 0.558891
0.637383 0.596399
0.585787 0.657201
0.366068 0.866434
0.342863 0.883242
0.763748 0.418758
0.510737 0.742114
0.467959 0.782099
0.780141 0.392992
0.813403 0.344302
0.485589 0.766939
0.466315 0.78543
0.0705061 0.995045
0.228399 0.948721
0.347121 0.880103
0.606321 0.634664
0.454266 0.796653
0.806002 0.356183
0.986064 0.033728
0.867568 0.248983
0.70525 0.503502
0.831555 0.310131
0.212855 0.954703
0.998075 0.00416074
0.525828 0.724227
0.0890609 0.992113
0.0504154 0.997458
0.253902 0.937901
0.92977 0.137838
0.874506 0.235964
0.968222 0.0645389
0.233621 0.946185
0.55675 0.692201
0.462581 0.789991
0.877545 0.230513
0.829027 0.313951
0.859089 0.262501
0.837704 0.304849
0.589327 0.656121
0.694139 0.519119
0.517354 0.736347
0.375871 0.86097
0.307367 0.909665
0.512609 0.738565
0.70206 0.508038
0.809619 0.346047
0.790764 0.378664
0.887776 0.216185
0.487626 0.762631
0.873707 0.243472
0.795229 0.372155
0.838453 0.297782
0.907888 0.176814
0.844478 0.29182
0.856382 0.269708
0.797291 0.364547
0.0105891 0.999918
0.169292 0.971773
0.700515 0.51105
0.869942 0.243483
0.765578 0.417194
0.826526 0.317843
0.71341 0.494207
0.552182 0.69886
0.918694 0.156609
0.721933 0.479076
0.8344 0.306283
0.5 0.75
0.558306 0.688515
0.295884 0.914357
0.383801 0.852812
0.320623 0.897243
0.35307 0.875742
0.940158 0.11786
0.552858 0.695855
0.669846 0.55481
0.447792 0.801594
0.571145 0.676399
0.798102 0.363325
0.793775 0.373069
0.970694 0.0627925
0.689424 0.52512
0.692186 0.522352
0.00786812 0.999945
0.504734 0.749925
0.712514 0.497602
0.942884 0.112859
0.350348 0.877561
0.493486 0.758668
0.296887 0.913148
0.788186 0.379624
0.858057 0.266289
0.583065 0.663377
0.491402 0.760639
0.665078 0.56448
0.634226 0.599979
0.609328 0.631805
