310291 580.053
1 0
0 1
0.65856 0.567097
0.518201 0.731647
0.396946 0.844311
0.509411 0.740926
0.528054 0.723334
0.5 0.750041
0.442182 0.804531
0.217028 0.954451
0.379024 0.858031
0.227207 0.948816
0.825878 0.319763
0.929743 0.137158
0.820058 0.328885
0.964278 0.071764
0.155927 0.9757
0.934742 0.127106
0.978193 0.043728
0.817576 0.334253
0.682072 0.53531
0.968407 0.0622674
0.983106 0.0355402
0.739764 0.453678
0.65407 0.575815
0.812625 0.343096
0.144747 0.979051
0.975225 0.0496574
0.667925 0.561595
0.921275 0.153407
0.24032 0.942789
0.454706 0.798029
0.787323 0.381339
0.389762 0.848419
0.847897 0.28257
0.403859 0.836995
0.79287 0.371904
0.852078 0.27429
0.996952 0.00834434
0.544295 0.70379
0.371195 0.863975
0.971998 0.0582469
0.565906 0.680448
0.203101 0.95936
0.232566 0.946892
0.426973 0.818411
0.916664 0.160987
0.777433 0.398833
0.21047 0.956068
0.335072 0.891417
0.900829 0.18999
0.185368 0.965672
0.459225 0.789446
0.475045 0.774455
0.857467 0.265257
0.277211 0.924087
0.758335 0.425795
0.678253 0.545804
0.548082 0.699767
0.469439 0.780076
0.620177 0.616765
0.644747 0.584378
0.950989 0.0975622
0.797182 0.366007
0.878577 0.230765
0.599219 0.64139
0.553536 0.695121
0.696269 0.517653
0.988558 0.0239325
0.0890589 0.992305
0.0978468 0.991304
0.689658 0.52748
0.640261 0.590175
0.953197 0.0915842
0.570592 0.676682
0.0751199 0.994453
0.985598 0.0299899
0.0677315 0.995572
0.961354 0.0780025
0.882392 0.225436
0.92433 0.148236
0.539309 0.710588
0.94509 0.109459
0.736157 0.461868
0.47861 0.770933
0.781327 0.392416
0.596193 0.647047
0.871646 0.242188
0.592462 0.651254
0.0118126 0.999887
0.060344 0.996637
0.926955 0.142246
0.692112 0.521071
0.573615 0.671014
0.845065 0.287317
0.25238 0.936377
0.0826444 0.993357
0.750657 0.436767
0.830915 0.309832
0.345904 0.881716
0.286584 0.918012
0.884178 0.219522
0.435389 0.81185
0.991651 0.0186901
0.557558 0.691701
0.295312 0.915784
0.993806 0.0134375
0.608674 0.631353
0.0260757 0.99932
0.774017 0.404021
0.762517 0.419831
0.413313 0.82983
0.285755 0.922052
0.193504 0.963047
0.685763 0.531926
0.350349 0.877875
0.704427 0.50429
0.862447 0.259002
0.623772 0.612545
0.627551 0.608947
0.27232 0.926838
0.434557 0.812676
0.83464 0.304489
0.828782 0.314636
0.577473 0.667211
0.12982 0.984318
0.259168 0.934678
0.0162543 0.999736
0.728199 0.471387
0.300926 0.909825
0.530257 0.71903
0.615531 0.622173
0.942849 0.117406
0.868192 0.246523
0.267401 0.929333
0.180567 0.968578
0.855416 0.270237
0.0392843 0.998463
0.465859 0.783168
0.866108 0.251277
0.486694 0.769392
0.630579 0.604261
0.0311687 0.999092
0.135708 0.981636
0.957868 0.0872911
0.802573 0.358851
0.108249 0.988439
0.892624 0.203974
0.312709 0.902213
0.714371 0.490045
0.727207 0.477239
0.306766 0.907819
0.262656 0.931792
0.496988 0.753098
0.910179 0.173089
0.425954 0.823078
0.914002 0.165102
0.93789 0.123213
0.197172 0.962046
0.103901 0.989919
0.903666 0.183947
0.809056 0.346503
0.907963 0.179094
0.888007 0.215276
0.0443684 0.998056
0.672334 0.549238
0.461859 0.786726
0.71697 0.486432
0.124736 0.985565
0.324618 0.89634
0.339382 0.885742
0.115166 0.98735
0.360012 0.870774
0.724079 0.48102
0.958521 0.0829427
0.638803 0.595592
0.889396 0.211641
0.730868 0.466073
0.896257 0.197136
0.719563 0.482374
0.535996 0.716614
0.769226 0.40912
0.708518 0.500681
0.589592 0.656982
0.367042 0.870186
0.495925 0.759399
0.766358 0.415632
0.163817 0.974482
0.449074 0.801283
0.782719 0.387456
0.711095 0.49437
0.911886 0.169588
0.897552 0.196353
0.514783 0.735697
0.418014 0.826006
0.139904 0.980428
0.171357 0.971184
0.296402 0.912147
0.35461 0.875143
0.748601 0.442739
0.309876 0.905135
0.384494 0.854026
0.840595 0.293627
0.611461 0.626615
0.863675 0.256223
0.603901 0.637177
0.118611 0.985969
0.560662 0.686113
0.74347 0.448284
0.94905 0.105213
0.700636 0.512067
0.175728 0.970506
0.632925 0.600231
0.669264 0.553491
0.838061 0.300362
0.891832 0.20654
0.385054 0.852516
0.419851 0.824707
0.580955 0.663437
0.245911 0.939965
0.410158 0.833606
0.841906 0.292723
0.939962 0.118973
0.784855 0.384025
0.753911 0.432021
0.756121 0.431559
0.51392 0.739034
0.604641 0.635435
0.340595 0.884105
0.635309 0.597938
0.367465 0.865965
0.650445 0.579753
0.701614 0.509025
0.649031 0.581139
0.319399 0.900842
0.796402 0.370407
0.492911 0.761135
0.328405 0.893402
0.248136 0.939745
0.489115 0.762718
0.771392 0.408292
0.874235 0.236001
0.0530408 0.997374
0.358708 0.874666
0.319669 0.89896
0.407429 0.834753
0.874535 0.235243
0.733976 0.464612
0.668176 0.556113
0.0518139 0.997901
