116475 230.021
1 4.44089e-16
0 1
0 1
0.690248 0.523558
0.681868 0.535056
0.427761 0.817021
0.11455 0.986879
0.135654 0.981654
0.752064 0.4344
0.232717 0.945843
0.101075 0.989785
0.944173 0.108539
0.853932 0.270801
0.808919 0.34565
0.289792 0.916021
0.56081 0.685493
0.510551 0.739338
0.201204 0.959518
0.895773 0.197591
0.769459 0.407932
0.975412 0.0485721
0.668301 0.553374
0.748133 0.441405
0.660484 0.563826
0.125887 0.984199
0.329555 0.891394
0.664179 0.558866
0.984438 0.0310242
0.578414 0.665438
0.555239 0.69171
0.484959 0.764816
0.633961 0.598096
0.834957 0.302849
0.79298 0.371231
0.723315 0.476815
0.41832 0.825028
0.914754 0.163318
0.369739 0.863293
0.979807 0.0399781
0.0707876 0.994989
0.395029 0.843952
0.738635 0.454478
0.314159 0.901304
0.796315 0.365882
0.547944 0.699758
0.969752 0.0595812
0.839798 0.294739
0.615227 0.621497
0.0452623 0.997951
0.987491 0.0248613
0.35429 0.874479
0.918113 0.157069
0.850106 0.277375
0.648824 0.579053
0.438401 0.807805
0.0788118 0.993789
0.544023 0.704039
0.996567 0.00685433
0.847645 0.281499
0.0158298 0.999749
0.264832 0.929868
0.582918 0.660206
0.0252761 0.999361
0.564228 0.681647
0.760489 0.421657
0.454439 0.793488
0.812456 0.339922
0.629824 0.603323
0.799618 0.360611
0.892349 0.203714
0.595395 0.645505
0.622109 0.612983
0.886989 0.213252
0.694986 0.516995
0.374848 0.859489
0.50639 0.743569
0.301258 0.909244
0.246433 0.939271
0.00923502 0.999944
0.950322 0.0968964
0.491812 0.758121
0.789461 0.376751
0.857199 0.265209
0.953511 0.0908165
0.829102 0.31259
0.586074 0.656517
0.736351 0.460589
0.379015 0.856348
0.0853097 0.992763
0.6518 0.575157
0.938912 0.118444
0.875057 0.234275
0.958277 0.0818139
0.618324 0.617676
0.158288 0.975636
0.498435 0.75275
0.552256 0.695014
0.60449 0.634592
0.90236 0.185747
0.359607 0.870683
0.940827 0.114844
0.252207 0.936573
0.742689 0.449563
0.817953 0.330954
0.466198 0.782662
0.786819 0.380969
0.889893 0.208091
0.714262 0.489831
0.383755 0.852732
0.820897 0.326129
0.843904 0.287826
0.520782 0.728786
0.962631 0.0733422
0.218044 0.952457
0.825433 0.318662
0.0543847 0.997042
0.711318 0.494027
0.805146 0.351777
0.815196 0.335455
0.413003 0.829429
0.599837 0.640195
0.994423 0.0111222
0.929418 0.136189
0.719782 0.481914
0.0316874 0.999034
0.142079 0.979814
0.450391 0.797148
0.697059 0.514109
0.405422 0.835635
0.873001 0.237869
0.275965 0.923843
0.610654 0.627103
0.121018 0.98541
0.911897 0.168444
0.702557 0.506415
0.283777 0.919473
0.172192 0.970351
0.0634885 0.995969
0.539924 0.708482
0.46143 0.787083
0.706729 0.500534
0.410817 0.832209
0.674097 0.545593
0.502537 0.74746
0.765765 0.413604
0.859765 0.260805
0.755606 0.429059
0.608896 0.629246
0.931513 0.132573
0.390774 0.847295
0.744672 0.445464
0.981339 0.0369736
0.672146 0.54822
0.732253 0.463806
0.489835 0.760078
0.96665 0.0656762
0.717431 0.485292
0.905171 0.180668
0.459025 0.789296
0.764058 0.416216
0.86691 0.248468
0.640525 0.589728
0.400514 0.839596
0.474057 0.77528
0.700928 0.5087
0.207412 0.956981
0.777187 0.395981
0.835772 0.301485
0.878604 0.228056
0.920719 0.152276
0.0921123 0.991515
0.478536 0.771004
0.529616 0.719507
0.727024 0.471436
0.32355 0.895315
0.992272 0.016971
0.961622 0.075284
0.574507 0.669941
0.863474 0.254412
0.86988 0.243309
0.782145 0.388249
0.259751 0.932531
0.239718 0.942628
0.778676 0.393663
0.990124 0.0196549
0.526596 0.722736
0.481069 0.769381
0.922668 0.148686
0.388574 0.851116
0.319027 0.898371
0.757508 0.426184
0.281075 0.921237
0.193962 0.962379
0.82356 0.321813
0.224982 0.949383
0.349634 0.877758
0.783643 0.385907
0.572468 0.67228
0.52347 0.725979
0.44696 0.800276
0.433219 0.812322
0.178498 0.968139
0.515773 0.733979
0.256476 0.93422
0.295864 0.912465
0.644455 0.584678
0.341062 0.883874
0.926386 0.141812
0.884028 0.218495
0.656233 0.569358
0.308314 0.904943
0.364754 0.866954
0.30713 0.905671
0.186766 0.965118
0.184282 0.966061
0.226353 0.948764
0.947519 0.102207
0.146742 0.978467
0.708281 0.498338
0.53735 0.711258
0.842176 0.29074
0.899077 0.191661
0.34725 0.879417
0.973081 0.0531154
0.590177 0.651691
0.165276 0.972684
0.443084 0.803677
0.935458 0.12492
0.469196 0.779856
0.270603 0.926774
0.214827 0.953849
0.934176 0.127315
0.335135 0.887685
0.773224 0.402329
0.773584 0.401568
0.625581 0.608648
0.532861 0.716094
0.601966 0.637637
0.65554 0.570304
0.67801 0.540302
0.516274 0.733466
0.0584655 0.996582
0.909765 0.172327
0.86223 0.25656
0.24133 0.941761
0.568573 0.676725
0.164083 0.973077
0.192492 0.962947
0.802629 0.355787
0.829035 0.312705
