24740 10.0004
9.92637e-09 1.50704
0.470053 1.17364
0.470061 1.15244
0.94648 0.690777
0.470061 1.1482
0.470067 1.13415
0.579696 1.0472
0.671314 0.947008
1.8632e-09 1.61756
0.88206 0.6943
0.239122 1.24347
0.529496 1.10203
0.470061 1.14028
0.470056 1.15809
3.33269e-08 1.43896
0.770998 0.855999
0.671305 0.953845
2.87851e-06 1.2969
1.57386e-07 1.31562
0.407219 1.17962
0.882051 0.712688
0.988599 0.53584
0.616819 1.03503
0.770996 0.881867
0.544689 1.08382
0.770995 0.890707
3.58209e-06 1.29194
0.671296 0.984957
6.05045e-07 1.3122
0.579689 1.05958
0.882031 0.717284
5.05095e-06 1.28966
0.407226 1.17639
0.882026 0.784843
0.239118 1.24448
0.239112 1.28181
0.239115 1.27858
