283343 230.011
2.2868e-10 1.16298
0.933204 0.270734
1.61199e-08 1.07721
0.653369 0.676486
0.858297 0.387373
0.444936 0.890663
0.979447 0.168983
0.653372 0.674987
6.42349e-09 1.12043
0.32407 0.968543
0.754091 0.543827
0.740338 0.56443
0.636242 0.685909
0.636229 0.688867
0.656794 0.667363
0.636229 0.708358
0.85855 0.384387
0.858552 0.381024
0.612342 0.721319
0.612336 0.721494
0.612349 0.717702
0.424223 0.896213
0.858551 0.381769
0.485504 0.842525
0.33464 0.967264
0.883738 0.339965
0.485499 0.847194
0.837421 0.409448
0.454 0.882806
0.997879 0.137445
1.35015e-10 1.24343
0.84188 0.403622
0.854735 0.38929
0.854726 0.399741
0.53476 0.80166
0.938913 0.233434
0.832972 0.411954
0.858553 0.369345
0.832967 0.415267
0.534762 0.793366
0.207194 1.02246
0.42769 0.890761
0.699412 0.605785
0.938901 0.26673
0.657297 0.665727
0.563432 0.786629
0.427696 0.89073
8.82044e-08 1.06606
0.5875 0.727696
0.810383 0.44464
0.925601 0.287962
0.33464 0.957451
0.215169 1.00868
0.72075 0.567245
0.810376 0.444956
0.782325 0.471146
0.215167 1.01128
0.586795 0.737207
0.824582 0.436787
0.824588 0.419401
0.58679 0.741157
0.25598 0.992779
9.19577e-08 1.05258
0.586784 0.743062
0.953357 0.194261
0.170537 1.02501
0.0732877 1.04755
0.953356 0.222843
0.0620609 1.049
0.408367 0.896831
0.652684 0.677729
0.215166 1.0197
0.295799 0.969433
0.713987 0.571719
0.953348 0.225175
0.170529 1.02737
0.563941 0.753479
0.503147 0.812091
0.357335 0.933903
0.380258 0.918391
0.563934 0.753504
0.713981 0.598357
0.363606 0.929516
0.0732872 1.04893
0.657297 0.642192
0.889853 0.3003
0.683167 0.611767
0.889835 0.300487
0.791626 0.459437
0.390146 0.907985
0.503145 0.815012
0.713992 0.571705
0.791619 0.467524
0.357326 0.937447
0.683154 0.612476
0.40484 0.896924
0.493731 0.823241
0.140253 1.03576
0.0956565 1.04624
0.767801 0.491729
0.140258 1.03396
0.140243 1.0358
0.66644 0.630249
0.861785 0.34701
0.998267 0.11022
0.230491 1.00461
0.563942 0.750562
0.767793 0.500155
0.230503 1.00133
0.666439 0.638476
