314272 590.06
1 0
0 1
0.237662 0.947042
0.109119 0.988826
0.369939 0.863604
0.699094 0.512245
0.460571 0.789222
0.62838 0.608278
0.6922 0.521003
0.518696 0.732055
0.0813567 0.993415
0.942866 0.111383
0.762585 0.418829
0.653851 0.57511
0.157903 0.9753
0.274692 0.926353
0.756782 0.428558
0.647497 0.581996
0.511431 0.739475
0.453901 0.796063
0.382292 0.857525
0.403143 0.837638
0.249025 0.938142
0.881012 0.224683
0.410785 0.831354
0.0721417 0.995338
0.0928446 0.991406
0.357421 0.873631
0.24513 0.94141
0.350919 0.877054
0.845765 0.286883
0.959647 0.0804821
0.981606 0.0367731
0.971905 0.0573882
0.415326 0.829194
0.986992 0.0305654
0.948039 0.102588
0.786308 0.382116
0.024205 0.999433
0.997934 0.00559372
0.196033 0.96264
0.994445 0.0134994
0.183479 0.966395
0.70744 0.501938
0.549067 0.701694
0.850433 0.281142
0.636212 0.598087
0.55353 0.6946
0.217476 0.953295
0.702994 0.506617
0.56802 0.678934
0.809022 0.347473
0.421673 0.822421
0.852572 0.274959
0.136212 0.982728
0.794334 0.372748
0.8925 0.205902
0.0154911 0.999787
0.0636554 0.996213
0.895207 0.199897
0.259414 0.934771
0.656843 0.568776
0.309648 0.904371
0.466024 0.783582
0.934442 0.129269
0.660924 0.564364
0.316406 0.901569
0.789123 0.377418
0.93799 0.123655
0.686299 0.532162
0.722035 0.479005
0.430567 0.817107
0.940146 0.11761
0.225542 0.950955
0.689645 0.52696
0.888548 0.211481
0.284454 0.921785
0.917551 0.16333
0.876773 0.234991
0.988476 0.0241466
0.610157 0.630545
0.115509 0.986851
0.866715 0.249901
0.921799 0.151389
0.0337329 0.99888
0.751236 0.438323
0.955927 0.0877116
0.930633 0.137431
0.338105 0.886239
0.768746 0.409156
0.991231 0.0178567
0.321149 0.898442
0.581473 0.663875
0.395001 0.844357
0.907555 0.176994
0.577393 0.668426
0.681434 0.536
0.72825 0.475359
0.124702 0.984516
0.979389 0.0429792
0.191434 0.964985
0.919744 0.157699
0.731732 0.46628
0.484945 0.766765
0.541398 0.709294
0.905321 0.182413
0.856092 0.268424
0.304911 0.907788
0.842634 0.293407
0.766221 0.41538
0.834589 0.311847
0.812739 0.34151
0.711123 0.495874
0.205094 0.959634
0.00649907 0.999958
0.55788 0.691782
0.362969 0.868767
0.0471254 0.998043
0.469412 0.780584
0.606352 0.63455
0.602501 0.63835
0.753973 0.432073
0.806861 0.354132
0.547268 0.70721
0.296217 0.912686
0.718871 0.48323
0.441624 0.805944
0.210536 0.955677
0.865824 0.257845
0.664943 0.559435
0.560533 0.686017
0.505051 0.747017
0.898451 0.193729
0.4013 0.842846
0.915117 0.170029
0.146636 0.978502
0.474029 0.77611
0.822417 0.328419
0.481147 0.772252
0.528329 0.721074
0.563656 0.682533
0.742779 0.451301
0.910555 0.171156
0.587022 0.657254
0.488154 0.763181
0.829055 0.312923
0.926031 0.145803
0.772467 0.404998
0.716849 0.488966
0.861428 0.259653
0.781865 0.389441
0.97137 0.0668379
0.824412 0.32211
0.139166 0.980637
0.0403233 0.998864
0.424403 0.819882
0.639741 0.592006
0.178423 0.970867
0.85839 0.264775
0.975261 0.0507872
0.290158 0.915949
0.509901 0.744915
0.826821 0.318498
0.746722 0.447413
0.749015 0.44377
0.596757 0.645799
0.345253 0.881598
0.301514 0.912147
0.887952 0.218324
0.5 0.750036
0.0924928 0.992598
0.333104 0.889467
0.53773 0.713695
0.819038 0.331362
0.435704 0.814014
0.599209 0.64279
0.735619 0.460112
0.592349 0.652403
0.798685 0.364104
0.796512 0.366489
0.17505 0.972115
0.618267 0.620074
0.967097 0.0669129
0.739128 0.454376
0.714443 0.49317
0.902036 0.187494
0.729855 0.470427
0.644024 0.587065
0.962889 0.0746403
0.166928 0.972348
0.269778 0.929345
0.778792 0.395439
0.584256 0.658774
0.367377 0.86802
0.52262 0.727424
0.525568 0.72683
0.573755 0.67402
0.669148 0.55262
0.949761 0.098873
0.164041 0.973449
0.931792 0.134929
0.965137 0.0735074
0.976873 0.0483591
0.343295 0.883027
0.674102 0.546598
0.801473 0.358425
0.952126 0.094698
0.266096 0.930014
0.123834 0.986744
0.870869 0.246096
0.327475 0.896111
0.260813 0.931987
0.531477 0.718152
0.448944 0.799059
0.39026 0.848302
0.613903 0.625188
0.835451 0.303498
0.620273 0.615768
0.873486 0.238374
0.666875 0.555278
0.593817 0.650997
0.47881 0.775239
0.672559 0.548953
0.498427 0.753901
0.955512 0.0929873
0.447123 0.804365
0.624762 0.611165
0.536059 0.717415
0.492246 0.759619
0.842622 0.299648
0.0558111 0.997198
0.224845 0.951313
0.87251 0.244217
0.816406 0.335771
0.677504 0.542173
0.774842 0.400859
0.678951 0.541214
0.901558 0.191272
0.925131 0.146328
0.384157 0.856749
0.802781 0.356538
0.63633 0.597502
0.146629 0.978841
0.0545999 0.997614
0.330398 0.892019
0.386959 0.852422
0.816048 0.338691
0.20706 0.957944
0.77724 0.399575
0.737403 0.458783
