126214 420.069
1 0
0 1
0.11552 0.987352
0.488341 0.765406
0.132221 0.982518
0.638957 0.59361
0.645934 0.585684
0.149622 0.977639
0.00892466 0.999921
0.579918 0.663703
0.506963 0.746034
0.88206 0.223775
0.161965 0.974108
0.0419145 0.99869
0.0237958 0.999895
0.0633417 0.99636
0.961701 0.0785461
0.564703 0.683625
0.537594 0.711975
0.758072 0.4259
0.55526 0.692207
0.860463 0.261672
0.270186 0.92736
0.957037 0.0846235
0.0300173 0.99943
0.926935 0.142807
0.856784 0.269161
0.661239 0.564192
0.867463 0.251403
0.481132 0.772566
0.877282 0.234646
0.814291 0.337254
0.90899 0.174888
0.994625 0.0109975
0.896793 0.197226
0.633781 0.599281
0.911748 0.168783
0.811464 0.343338
0.192502 0.963404
0.596047 0.644973
0.672856 0.547634
0.782914 0.389272
0.91557 0.163314
0.200356 0.961408
0.658131 0.571084
0.77934 0.394517
0.420314 0.823336
0.900127 0.191266
0.585062 0.657834
0.345756 0.880664
0.95433 0.0906218
0.871819 0.241767
0.745144 0.445693
0.512183 0.738773
0.74964 0.440792
0.894582 0.20417
0.608166 0.631042
0.592051 0.650051
0.224165 0.950598
0.10095 0.989839
0.604236 0.636738
0.445369 0.803551
0.825795 0.318063
0.143507 0.97956
0.716541 0.489513
0.664984 0.558793
0.685457 0.532489
0.934792 0.127169
0.836689 0.300801
0.263062 0.931172
0.108293 0.988437
0.678503 0.539767
0.710016 0.498489
0.79741 0.3655
0.905369 0.180902
0.571708 0.676074
0.945509 0.11292
0.216831 0.95308
0.40284 0.837944
0.786381 0.383804
0.829653 0.31285
0.989161 0.0220154
0.38434 0.852657
0.767382 0.412793
0.699459 0.511778
0.938702 0.12195
0.284957 0.918832
0.99171 0.0170422
0.406713 0.834586
0.600118 0.640219
0.998217 0.00507357
0.841698 0.296634
0.730873 0.466547
0.397412 0.842071
0.340995 0.883985
0.924138 0.148009
0.720258 0.483791
0.807799 0.348893
0.692943 0.520036
0.245075 0.940341
0.535037 0.71774
0.362511 0.869196
0.631258 0.604194
0.941564 0.117421
0.851564 0.2793
0.951169 0.0962816
0.918643 0.157943
0.82483 0.325234
0.461133 0.787359
0.801067 0.359935
0.902849 0.185732
0.930488 0.135048
0.847315 0.283539
0.712322 0.493022
0.336129 0.88729
0.543262 0.705084
0.920961 0.152962
0.433033 0.812532
0.852745 0.273139
0.946391 0.1054
0.754532 0.431123
0.770186 0.408491
0.426935 0.819181
0.171561 0.970836
0.0940129 0.991449
0.323044 0.895718
0.575362 0.67168
0.615607 0.623753
0.968199 0.0654017
0.788623 0.378211
0.331839 0.890291
0.228763 0.94769
0.413314 0.831991
0.776789 0.40074
0.817815 0.331178
0.650034 0.579576
0.186347 0.965481
0.276078 0.924576
0.0824219 0.993222
0.970949 0.0590355
0.698249 0.516992
0.588584 0.654834
0.0505571 0.997486
0.612151 0.627297
0.358408 0.874564
0.668432 0.55423
0.550662 0.69773
0.279928 0.922212
0.704297 0.506463
0.0753617 0.994321
0.752018 0.435116
0.565287 0.681165
0.772929 0.403093
0.5 0.750094
0.618273 0.618246
0.794597 0.370456
0.136605 0.98179
0.681617 0.539351
0.327422 0.893632
0.442598 0.809815
0.979296 0.04291
0.728062 0.473036
0.0701732 0.995538
0.948781 0.100838
0.885556 0.220423
0.79213 0.374503
0.724375 0.481228
0.706072 0.503792
0.986894 0.0289117
0.258876 0.93311
0.964112 0.0704897
0.306066 0.90643
0.690079 0.524778
0.498521 0.751938
0.351564 0.877027
0.251919 0.938179
0.49325 0.757858
0.178513 0.969062
0.530874 0.721187
0.0881815 0.9923
0.468199 0.781716
0.890352 0.208215
0.514856 0.736465
0.379537 0.85604
0.31135 0.903628
0.29034 0.916139
0.820324 0.32831
0.737787 0.457241
0.763003 0.418783
0.166951 0.972731
0.296702 0.912098
0.429158 0.816946
0.985018 0.0315608
0.518861 0.732208
0.465062 0.784415
0.212386 0.955633
0.743743 0.452386
0.975666 0.0486585
0.687176 0.527794
0.864837 0.257282
0.98292 0.0376832
0.437677 0.81005
0.932833 0.133167
0.205763 0.95903
0.254684 0.936472
0.887572 0.215535
0.240976 0.943177
0.973018 0.0554233
0.45781 0.792801
0.549094 0.702587
0.724821 0.474634
0.389697 0.849568
0.653708 0.574282
0.394388 0.845829
0.472275 0.778289
0.23439 0.945791
0.842876 0.290625
0.846557 0.289822
0.181865 0.967681
0.83457 0.306571
0.627046 0.608402
0.805649 0.35357
0.375833 0.861832
0.833079 0.308583
0.49354 0.757137
0.31842 0.899841
0.366116 0.866379
0.671518 0.550618
0.804222 0.356677
0.740167 0.453319
0.293765 0.914673
0.763078 0.417979
0.476925 0.772697
0.475068 0.776852
0.448951 0.798955
0.55493 0.693792
0.889697 0.212621
0.208627 0.95752
0.453439 0.796097
0.0504601 0.998211
0.41741 0.827249
0.873537 0.239966
0.371089 0.863777
0.73439 0.463023
0.302023 0.910135
0.377282 0.858759
0.622797 0.613353
0.621178 0.614988
0.975068 0.0512396
0.353724 0.87513
