108313 360.061
1 0
0 1
0.0735748 0.994872
0.664885 0.55954
0.159645 0.978491
0.671707 0.550922
0.0357377 0.998961
0.709648 0.500106
0.433698 0.814162
0.218862 0.953855
0.549933 0.697865
0.0492097 0.997666
0.714196 0.491244
0.608455 0.633042
0.787057 0.3832
0.236093 0.944422
0.208629 0.956688
0.512597 0.737272
0.307713 0.906128
0.658227 0.574036
0.65971 0.56551
0.567091 0.680783
0.615791 0.622953
0.0839236 0.993049
0.815194 0.338164
0.919228 0.155987
0.42772 0.819574
0.315926 0.901459
0.900831 0.189208
0.190978 0.964528
0.181675 0.967131
0.438824 0.807704
0.997102 0.00863586
0.464017 0.784861
0.790946 0.374723
0.287909 0.917271
0.0595731 0.996458
0.246227 0.940423
0.295536 0.913033
0.468794 0.782592
0.871442 0.243509
0.974875 0.0510433
0.146747 0.978512
0.72713 0.472118
0.224738 0.949825
0.802063 0.357722
0.959341 0.0830014
0.945115 0.111429
0.627924 0.606639
0.844104 0.287498
0.731475 0.466746
0.474196 0.775567
0.633387 0.600111
0.949837 0.099675
0.704871 0.505104
0.492388 0.757682
0.817778 0.332148
0.96815 0.0664623
0.283676 0.920988
0.562074 0.688011
0.651727 0.578823
0.917377 0.165312
0.276396 0.924004
0.121702 0.985358
0.92758 0.141182
0.810838 0.345998
0.443521 0.803868
0.952247 0.0932332
0.940067 0.118171
0.331445 0.890229
0.350689 0.877472
0.164885 0.9732
0.345493 0.881537
0.584549 0.660926
0.983191 0.0345457
0.955331 0.0876365
0.868537 0.25058
0.752102 0.436642
0.0278269 0.999481
0.327108 0.894412
0.202609 0.959248
0.905976 0.183034
0.830731 0.310459
0.196394 0.96144
0.930256 0.134993
0.873993 0.236733
0.231475 0.947495
0.986398 0.028847
0.876793 0.232039
0.909806 0.172883
0.132217 0.983665
0.390497 0.850789
0.54524 0.704652
0.48936 0.764458
0.506901 0.74485
0.385405 0.853503
0.946933 0.106272
0.695138 0.518487
0.449646 0.800948
0.978593 0.0444717
0.765873 0.413982
0.743696 0.450399
0.679562 0.539583
0.96256 0.0760037
0.556134 0.692953
0.110141 0.987869
0.988736 0.0233445
0.367206 0.865819
0.175633 0.969422
0.837098 0.302826
0.621702 0.617769
0.648 0.581795
0.405976 0.837644
0.0912222 0.991726
0.104046 0.989178
0.45884 0.792701
0.5 0.75
0.019401 0.99968
0.0972126 0.990636
0.682872 0.535532
0.735918 0.46241
0.379589 0.856369
0.498102 0.754885
0.400286 0.840953
0.141942 0.979853
0.827355 0.318531
0.913934 0.168622
0.966102 0.0737102
0.804873 0.352563
0.739506 0.459457
0.573577 0.676065
0.848874 0.281439
0.842599 0.293705
0.881484 0.227498
0.483946 0.765796
0.994876 0.0149727
0.701379 0.510157
0.770911 0.40806
0.794419 0.37059
0.452229 0.796156
0.525389 0.729101
0.530005 0.720312
0.691312 0.522871
0.685823 0.530484
0.839526 0.297869
0.859226 0.262133
0.336781 0.886607
0.699279 0.514396
0.17019 0.971609
0.980746 0.040542
0.991985 0.0184148
0.644403 0.58722
0.92355 0.150738
0.51876 0.735151
0.748631 0.443994
0.774524 0.400803
0.933189 0.129895
0.408505 0.833459
0.355562 0.874135
0.117187 0.98629
0.783828 0.389491
0.835022 0.309249
0.907638 0.179039
0.852382 0.273871
0.25571 0.935833
0.271537 0.926744
0.341633 0.885839
0.535462 0.716312
0.862756 0.256542
0.578265 0.668129
0.92502 0.147379
0.135628 0.982574
0.480312 0.77033
0.527169 0.722707
0.394964 0.846385
0.723918 0.478239
0.799624 0.366177
0.743425 0.454882
0.970137 0.0594875
0.637076 0.59738
0.972918 0.0580154
0.756012 0.431247
0.688793 0.526806
0.855369 0.269829
0.822611 0.327272
0.601822 0.641098
0.0101619 0.99994
0.935207 0.125695
0.373652 0.863004
0.779202 0.395119
0.52052 0.730825
0.260668 0.933363
0.76283 0.420018
0.809212 0.349775
0.536588 0.713158
0.579072 0.664875
0.887064 0.215073
0.937838 0.121669
0.267945 0.929438
0.884859 0.218573
0.88421 0.224521
0.639134 0.592654
0.504636 0.745845
0.541309 0.709634
0.417996 0.826125
0.721485 0.479824
0.866721 0.256005
0.898979 0.19657
0.891134 0.209467
0.0563108 0.997158
0.857481 0.265889
0.303068 0.910122
0.479423 0.774737
0.675887 0.54462
0.571326 0.676206
0.264913 0.932427
0.616864 0.620469
0.849993 0.278398
0.591932 0.650758
0.770293 0.411385
0.559719 0.691604
0.749095 0.441455
0.718004 0.486139
0.399143 0.846071
0.643496 0.591707
0.760778 0.425617
0.62479 0.612597
0.321343 0.897158
0.675362 0.546719
0.300762 0.910593
0.898081 0.198197
0.756944 0.42834
0.776491 0.399389
0.894025 0.203678
0.58967 0.658123
0.780571 0.390715
0.826534 0.321439
0.457635 0.794168
0.365198 0.870536
0.359119 0.871742
0.604923 0.637048
0.718862 0.485099
0.823156 0.324538
0.320325 0.898156
0.891037 0.212346
0.589944 0.656003
0.799242 0.368215
0.89474 0.202732
0.0128408 0.999939
0.422146 0.823217
