63145 130.015
1 0
0 1
0 1
0.312939 0.902069
0.888376 0.210789
0.91913 0.1552
0.691508 0.521853
0.682368 0.53441
0.957986 0.0822627
0.0935251 0.991253
0.320614 0.897234
0.993326 0.0133036
0.222163 0.950649
0.996693 0.00660806
0.57219 0.672599
0.152121 0.97686
0.510544 0.73935
0.933253 0.129038
0.194961 0.961991
0.201691 0.959321
0.537712 0.710866
0.37069 0.862589
0.364828 0.8669
0.954653 0.0886387
0.989907 0.0200835
0.505766 0.744201
0.101133 0.989772
0.469275 0.779781
0.455366 0.792642
0.896317 0.196649
0.414046 0.828566
0.109013 0.988135
0.35963 0.870666
0.236125 0.944245
0.800347 0.359481
0.87934 0.227929
0.578373 0.665484
0.987038 0.0257571
0.720326 0.481146
0.643114 0.586405
0.375864 0.858726
0.79738 0.364252
0.060373 0.996355
0.804347 0.353057
0.172223 0.970341
0.250638 0.937184
0.21617 0.953271
0.847984 0.280976
0.52746 0.721786
0.337145 0.886333
0.83917 0.2958
0.634112 0.597909
0.961746 0.0750515
0.769089 0.408503
0.728333 0.469533
0.116303 0.986477
0.875722 0.233111
0.755472 0.429263
0.732432 0.463544
0.941666 0.113266
0.432161 0.813243
0.161625 0.973919
0.598526 0.641767
0.409395 0.832396
0.0678317 0.995399
0.905821 0.179489
0.187733 0.964756
0.983832 0.032118
0.542526 0.705665
0.556352 0.690473
0.752817 0.433574
0.746624 0.442858
0.821604 0.324967
0.256849 0.934029
0.0837774 0.992981
0.132644 0.982406
0.9371 0.121844
0.807093 0.348601
0.69595 0.515653
0.522096 0.727416
0.289829 0.916039
0.946851 0.103474
0.341966 0.883062
0.464463 0.784274
0.867814 0.247399
0.602331 0.637198
0.549472 0.698081
0.630241 0.603609
0.28616 0.918113
0.748926 0.43911
0.915981 0.160979
0.860072 0.260276
0.272918 0.925901
0.977097 0.0452809
0.818597 0.329901
0.515442 0.73432
0.678378 0.539804
0.844391 0.287645
0.279893 0.92166
0.857595 0.264531
0.346532 0.879919
0.484465 0.765294
0.386195 0.850853
0.94469 0.10756
0.354097 0.874615
0.594687 0.646347
0.675885 0.54318
0.622789 0.612134
0.499933 0.752589
0.533262 0.715633
0.58915 0.652903
0.834059 0.304713
0.178018 0.968309
0.652951 0.573655
0.737959 0.455417
0.667572 0.554348
0.620334 0.615186
0.850668 0.276364
0.501285 0.748713
0.793432 0.370466
0.4195 0.824021
0.0449171 0.997982
0.715127 0.488593
0.835856 0.301344
0.55914 0.687364
0.902885 0.184802
0.787098 0.380476
0.777201 0.395959
0.0155935 0.999757
0.779681 0.392098
0.923384 0.147362
0.892395 0.203632
0.742361 0.4489
0.735218 0.459454
0.0749882 0.994377
0.427511 0.817235
0.950167 0.0971889
0.842302 0.290528
0.647185 0.581151
0.242678 0.941109
0.705852 0.501773
0.545609 0.702311
0.585013 0.657799
0.182943 0.966532
0.479635 0.769996
0.648948 0.578866
0.973103 0.053079
0.656992 0.568372
0.325309 0.894175
0.1228 0.98492
0.884777 0.217171
0.773033 0.402419
0.0370592 0.998627
0.605641 0.6332
0.938827 0.118605
0.56388 0.68204
0.951499 0.0946489
0.146583 0.978515
0.759456 0.423234
0.882303 0.221545
0.487779 0.762072
0.261413 0.931665
0.3062 0.906241
0.639314 0.591277
0.815807 0.334459
0.350896 0.876873
0.908784 0.174132
0.441333 0.805225
0.830388 0.310456
0.664692 0.558185
0.724127 0.47564
0.89993 0.190129
0.396134 0.843078
0.716745 0.486284
0.966657 0.0655734
0.126911 0.983894
0.789821 0.376187
0.610476 0.627345
0.782579 0.38757
0.493798 0.756164
0.450149 0.797366
0.710983 0.494557
0.591727 0.64986
0.390255 0.847703
0.702856 0.506021
0.82915 0.312511
0.404824 0.836118
0.0246104 0.999394
0.81045 0.343171
0.139725 0.980477
0.530768 0.718598
0.863269 0.254766
0.672074 0.548318
0.864456 0.252716
0.660941 0.563157
0.400039 0.839969
0.245151 0.939903
0.872751 0.23834
0.637459 0.593646
0.230023 0.94709
0.8545 0.26983
0.616423 0.620024
0.76221 0.419037
0.698165 0.512572
0.825847 0.317977
0.474192 0.775417
0.784424 0.384678
0.963838 0.071016
0.208666 0.956459
0.296183 0.912276
0.687143 0.527863
0.0519666 0.9973
0.00591027 0.999965
0.569087 0.67614
0.700837 0.508828
0.824765 0.319762
0.266496 0.928983
0.276478 0.92356
0.925773 0.142944
0.459868 0.788521
0.930318 0.134509
0.741012 0.450901
0.893309 0.201998
0.813702 0.337889
0.209893 0.955945
0.608278 0.629998
0.424898 0.819528
0.774269 0.400508
0.0326916 0.998931
0.436577 0.809401
0.67081 0.550018
0.394708 0.847284
0.910364 0.171237
0.380923 0.854898
0.765278 0.41435
0.927847 0.1391
0.687213 0.527738
0.853241 0.27198
0.708381 0.498196
0.969961 0.0591778
0.870195 0.242761
0.725502 0.473647
0.613802 0.623247
0.0796499 0.993656
0.331572 0.89006
0.580606 0.662898
0.978287 0.0429548
0.626919 0.606973
0.302984 0.908201
0.981495 0.0367489
