49360 70.0046
1 1.32249e-06
1.8105e-19 1
0.43882 0.807856
0.636884 0.594575
0.740874 0.452562
0.373953 0.863242
0.454203 0.801424
0.265177 0.929692
0.631906 0.609731
0.760886 0.424541
0.276946 0.923541
0.251993 0.936655
0.208176 0.962756
0.19096 0.963534
0.745097 0.444848
0.354503 0.878571
0.736985 0.466681
0.242037 0.941418
0.776971 0.396411
0.363795 0.873281
0.392158 0.848288
0.751362 0.436347
0.38423 0.856202
0.566835 0.678708
0.238791 0.947792
0.647315 0.59112
0.871072 0.248987
0.808679 0.349652
0.608773 0.629409
0.459761 0.79319
0.61548 0.623806
0.435354 0.819105
0.398772 0.84116
0.292536 0.919791
0.585627 0.660865
0.649643 0.578535
0.366958 0.866948
0.602801 0.642394
0.424557 0.831025
0.260284 0.933959
0.554957 0.692033
0.572085 0.672733
0.864573 0.254816
0.589983 0.652896
0.215623 0.955541
0.856958 0.267839
0.941891 0.11429
0.981151 0.0375508
0.80516 0.35811
0.282025 0.920462
0.118695 0.988066
0.73055 0.466707
0.491651 0.75828
0.464109 0.785225
0.618006 0.618078
0.605051 0.634274
0.679059 0.539106
0.791734 0.37595
0.729164 0.478169
0.226985 0.948478
0.78438 0.391343
0.314363 0.901176
0.143175 0.98133
0.225545 0.95317
0.890626 0.207853
0.894449 0.201182
0.322153 0.89667
0.938431 0.121639
0.874788 0.235344
0.910175 0.175481
0.107753 0.988389
0.883487 0.220633
0.925239 0.143947
0.340608 0.887574
0.687742 0.527182
0.977656 0.0453535
0.662335 0.568037
0.691713 0.521536
0.514072 0.735732
0.0386799 0.998504
0.0772373 0.994035
0.576224 0.667967
0.967602 0.0637804
0.310924 0.903946
0.873245 0.241892
0.0696031 0.995155
0.306775 0.911047
0.965222 0.0706123
0.702829 0.508279
0.918208 0.158895
0.695062 0.516896
0.984499 0.0326515
0.896892 0.196066
0.294951 0.913004
0.797704 0.365951
0.428526 0.823971
0.518714 0.730945
0.00715784 0.999949
0.0166375 0.999723
0.499377 0.753312
0.788432 0.38462
0.716816 0.496916
0.655727 0.571536
0.901641 0.191351
0.333835 0.888735
0.580284 0.663431
0.181854 0.969836
0.94559 0.109056
0.701485 0.514219
0.707474 0.502976
0.675677 0.544697
0.0288922 0.999165
0.835323 0.304464
0.990844 0.0199447
0.794761 0.37208
0.931001 0.140212
0.385297 0.851555
0.490151 0.76324
0.511591 0.741418
0.670653 0.552182
0.597403 0.646799
0.996473 0.0111293
0.627882 0.617227
0.951354 0.0951163
0.185911 0.965437
0.710117 0.499211
0.0620296 0.996152
0.804144 0.364528
0.483647 0.766086
0.539541 0.708902
0.772381 0.403648
0.912983 0.167333
0.647369 0.583385
0.827445 0.315364
0.0852991 0.993322
0.9704 0.0583282
0.407679 0.835571
0.175565 0.971539
0.750227 0.43717
0.878137 0.228892
0.855673 0.278326
0.0964098 0.991001
0.845347 0.285392
0.158216 0.974968
0.210019 0.957544
0.998157 0.0049658
0.404715 0.84041
0.170297 0.973078
0.477701 0.778908
0.850945 0.283781
0.992521 0.0149231
0.417046 0.832638
0.561668 0.684538
0.924983 0.151911
0.5356 0.71315
0.813015 0.344649
0.819959 0.329344
0.560704 0.686999
0.550582 0.697022
0.824868 0.322996
0.833519 0.310844
0.328553 0.892053
0.906588 0.178768
0.164079 0.974526
0.103701 0.990901
0.973554 0.0549312
0.522521 0.727346
0.962988 0.0764299
0.76825 0.409846
0.454261 0.796063
0.301011 0.911327
0.920179 0.153272
0.975542 0.0495654
0.914128 0.164392
0.668837 0.56349
0.880202 0.226004
0.055976 0.996867
0.593558 0.648769
0.0900356 0.991921
0.50747 0.744939
0.724023 0.484436
0.935263 0.125559
0.47073 0.779814
0.346434 0.880399
0.669062 0.561133
0.136615 0.98291
0.149718 0.977584
0.344274 0.881475
0.861056 0.263938
0.478841 0.773468
0.0234109 0.999452
0.932037 0.134837
0.86181 0.2598
0.686107 0.536228
0.954576 0.0911696
0.673778 0.550177
0.934617 0.131113
0.503396 0.746601
0.886341 0.214404
0.412954 0.833848
0.950521 0.102539
0.766525 0.414998
0.481591 0.769946
0.0452237 0.997955
0.723248 0.491639
0.468858 0.783253
0.123756 0.985072
0.959762 0.0845452
0.0497918 0.997521
0.955718 0.0869195
0.837784 0.298975
0.721518 0.493964
0.818041 0.33434
0.431373 0.820937
0.542887 0.705276
0.628764 0.613341
0.94707 0.103085
0.72665 0.481667
0.960529 0.0798005
0.822119 0.32415
0.549016 0.700287
0.546445 0.704125
0.151835 0.976946
0.844832 0.292338
0.131801 0.983016
0.530623 0.72461
0.325285 0.894189
0.527371 0.725719
0.888086 0.212904
0.788127 0.389037
0.500043 0.749967
0.687063 0.534547
0.831229 0.314446
0.813981 0.340668
0.904019 0.183317
0.902986 0.185626
0.817806 0.338899
0.77148 0.406078
0.531256 0.718569
0.987854 0.0263388
0.853334 0.278924
0.658705 0.570978
0.12662 0.983967
0.840588 0.297984
0.764087 0.417882
0.841979 0.29312
0.76407 0.422576
0.533478 0.717184
0.987297 0.0266668
8.67219e-05 1
