98879 50.0011
0.741703 0.670551
5.06731e-08 1.19365
0.811425 0.572345
0.828493 0.535273
0.896971 0.414783
0.95971 0.328845
0.886154 0.458358
0.881273 0.465594
0.959709 0.37828
0.872047 0.472921
3.13032e-09 1.25454
0.455238 0.984798
0.455242 0.964305
0.828495 0.518312
0.872046 0.474789
0.729501 0.680396
0.828472 0.545869
3.5429e-10 1.4466
0.762782 0.626611
0.468172 0.942597
0.252739 1.07913
0.828481 0.53641
0.519217 0.892703
0.996508 0.284789
0.729507 0.678965
2.55536e-07 1.12762
0.491302 0.919284
0.309091 1.0407
0.455245 0.949388
0.729508 0.678675
0.727859 0.6912
0.61666 0.80517
0.762783 0.618221
0.596684 0.81426
0.762777 0.660178
0.455248 0.948628
0.216395 1.08324
0.616653 0.805617
0.613829 0.813332
0.618466 0.794264
0.686768 0.715778
2.5164e-06 1.12457
0.596678 0.818626
0.538672 0.874949
0.76278 0.656008
0.269012 1.0678
0.538663 0.892397
0.639431 0.777116
0.297134 1.05337
0.970403 0.303277
0.216402 1.08289
0.216393 1.09586
0.872054 0.470737
0.686763 0.743944
0.872038 0.497353
0.970395 0.328134
2.12e-07 1.13013
0.371858 1.01715
