85943 300.043
1 4.44089e-16
4.16334e-17 1
4.16334e-17 1
0.846944 0.282742
0.611565 0.625996
0.839714 0.29489
0.663378 0.55993
0.592907 0.648461
0.220367 0.951438
0.603584 0.635686
0.964362 0.0700053
0.709877 0.496075
0.423213 0.820891
0.909169 0.173412
0.586259 0.656307
0.705104 0.502828
0.968832 0.0613725
0.470704 0.778438
0.69156 0.521745
0.288608 0.916706
0.477601 0.7719
0.351624 0.876361
0.545529 0.702398
0.855286 0.268486
0.50673 0.743224
0.303071 0.908148
0.726848 0.471692
0.71404 0.490147
0.282863 0.919989
0.858926 0.262246
0.950035 0.0974346
0.201524 0.959388
0.735267 0.459382
0.336522 0.886753
0.791922 0.37286
0.892407 0.203611
0.829723 0.31156
0.467216 0.781709
0.317429 0.899239
0.0718292 0.994841
0.156854 0.975399
0.399763 0.84019
0.862184 0.256648
0.900818 0.188528
0.277153 0.924076
0.331442 0.890146
0.451673 0.795994
0.263718 0.930453
0.226862 0.948534
0.936799 0.122407
0.24246 0.941213
0.211017 0.955472
0.919135 0.155193
0.802536 0.355937
0.92249 0.149012
0.874396 0.235431
0.416814 0.826266
0.456498 0.79161
0.428286 0.816571
0.51114 0.738739
0.515163 0.734611
0.975656 0.0481282
0.386707 0.850458
0.519511 0.730109
0.929076 0.136822
0.701244 0.508258
0.763378 0.417254
0.501517 0.748632
0.480987 0.768652
0.755984 0.428491
0.00915901 0.999916
0.795543 0.367112
0.939587 0.117176
0.669553 0.551699
0.150685 0.977294
0.659133 0.565544
0.997916 0.00416311
0.723179 0.477012
0.978757 0.0420354
0.615775 0.620822
0.0236201 0.999442
0.531095 0.71794
0.164375 0.972981
0.685997 0.529417
0.168724 0.97154
0.345605 0.880557
0.368687 0.86407
0.942465 0.11176
0.0642616 0.99587
0.717653 0.484974
0.698186 0.512536
0.046598 0.997829
0.0800582 0.993591
0.342419 0.882749
0.365364 0.866509
0.0850746 0.992762
0.559256 0.687259
0.629859 0.603278
0.404788 0.836147
0.413886 0.828699
0.523396 0.726057
0.8958 0.197599
0.819904 0.327763
0.913233 0.166007
0.956138 0.0858074
0.325837 0.89383
0.945761 0.105537
0.805603 0.351253
0.851717 0.274578
0.556104 0.690748
0.771401 0.404941
0.679697 0.538012
0.39188 0.84643
0.550899 0.69651
0.744909 0.445112
0.88514 0.216527
0.395515 0.844859
0.357346 0.872453
0.897799 0.193957
0.126233 0.984124
0.994702 0.0105825
0.905731 0.179652
0.439564 0.806784
0.654925 0.571074
0.359857 0.870503
0.788466 0.378335
0.498545 0.751643
0.322508 0.89599
0.904187 0.182445
0.577395 0.666614
0.311379 0.903044
0.720369 0.481069
0.601397 0.638322
0.494503 0.755466
0.0930511 0.991342
0.309141 0.904564
0.447176 0.80004
0.434641 0.811088
0.642353 0.587383
0.916359 0.160286
0.29565 0.912664
0.826344 0.317156
0.573447 0.671159
0.877784 0.229496
0.129617 0.98321
0.749033 0.43895
0.77816 0.394468
0.0321784 0.998965
0.812393 0.340018
0.973041 0.0532719
0.624322 0.610238
0.849887 0.277694
0.581767 0.661548
0.0552492 0.996948
0.822745 0.32309
0.567705 0.677919
0.194077 0.962334
0.620188 0.615366
0.110817 0.98772
0.984408 0.0309417
0.461275 0.787227
0.869319 0.244285
0.961417 0.0756764
0.569285 0.675916
0.625953 0.608183
0.183392 0.966367
0.682633 0.534198
0.739068 0.45378
0.13659 0.981343
0.186791 0.965151
0.971249 0.0566746
0.81645 0.333422
0.24902 0.937989
0.374311 0.859892
0.10496 0.989113
0.176138 0.969111
0.296953 0.911819
0.535885 0.712827
0.432429 0.813005
0.375607 0.858919
0.632646 0.599759
0.774272 0.400502
0.73098 0.465669
0.881378 0.223173
0.673102 0.548491
0.250673 0.937163
0.041239 0.9983
0.269734 0.927244
0.931991 0.131392
0.237231 0.943722
0.953643 0.0905643
0.741061 0.450876
0.637832 0.59404
0.650341 0.577057
0.958733 0.0808315
0.232472 0.945957
0.256736 0.934086
0.88851 0.21055
0.798837 0.361859
0.640085 0.590291
0.782174 0.388204
0.785477 0.383026
0.492171 0.759011
0.926166 0.142218
0.552338 0.694936
0.486071 0.763735
0.63504 0.596724
0.990282 0.0193423
0.889211 0.209304
0.381029 0.854818
0.766528 0.412435
0.541525 0.70675
0.25818 0.933344
0.93348 0.128616
0.645904 0.582808
0.731617 0.464767
0.408552 0.833085
0.952178 0.0933573
0.925201 0.144004
0.833208 0.305782
0.883406 0.219594
0.865521 0.250874
0.865991 0.250061
0.871546 0.240407
0.676419 0.542458
0.118395 0.986007
0.746771 0.442334
0.781124 0.389846
0.759953 0.422472
0.981075 0.0374912
0.0974779 0.990498
0.192361 0.962997
0.0581863 0.996614
0.987616 0.024615
0.597465 0.643036
0.486027 0.763784
0.177636 0.968445
0.75935 0.423388
0.526864 0.722415
0.596847 0.643781
0.752768 0.433343
0.776007 0.397813
0.879187 0.227031
0.618626 0.617302
0.836353 0.300513
0.80814 0.34691
0.656407 0.56913
0.583332 0.659723
0.0359028 0.998711
0.541024 0.708534
