142134 360.053
1 4.44089e-16
5.28549e-18 1
5.28549e-18 1
0.012977 0.999832
0.924116 0.146009
0.701162 0.508372
0.813342 0.338475
0.967168 0.0645861
0.877469 0.230049
0.774836 0.399629
0.914782 0.163173
0.308991 0.904525
0.0248229 0.999385
0.530961 0.718085
0.404959 0.836008
0.540455 0.707938
0.535492 0.713248
0.411622 0.830567
0.929274 0.136453
0.659545 0.565001
0.785131 0.38357
0.435585 0.810266
0.937359 0.121358
0.797328 0.364276
0.664137 0.558922
0.584492 0.658401
0.550645 0.698721
0.933348 0.128864
0.680058 0.537572
0.992989 0.0139747
0.0953532 0.990908
0.917921 0.157421
0.351452 0.876482
0.211917 0.955092
0.341058 0.88368
0.314372 0.90117
0.721022 0.480231
0.693725 0.518749
0.717192 0.485636
0.946145 0.104812
0.495232 0.754745
0.574686 0.669737
0.956371 0.0853547
0.14993 0.977524
0.86698 0.248346
0.392532 0.845919
0.613164 0.62403
0.335528 0.887428
0.92133 0.151414
0.346382 0.88002
0.863484 0.254522
0.567555 0.684649
0.963094 0.0724519
0.887329 0.212648
0.245035 0.939987
0.171991 0.970419
0.604814 0.634655
0.560605 0.685722
0.674592 0.544925
0.882559 0.221091
0.906496 0.178266
0.0877704 0.992413
0.733046 0.462644
0.103154 0.989359
0.251927 0.936533
0.330466 0.890821
0.713548 0.490849
0.779787 0.391932
0.847086 0.282463
0.463917 0.784789
0.856572 0.266285
0.500153 0.749847
0.617672 0.618531
0.806016 0.350338
0.869972 0.243186
0.985275 0.0292322
0.978237 0.0430527
0.182323 0.9673
0.491102 0.758818
0.122401 0.985018
0.818162 0.330612
0.892549 0.203356
0.45922 0.789118
0.948473 0.1004
0.989909 0.0200806
0.593684 0.647541
0.632016 0.600557
0.975447 0.0485061
0.449534 0.79792
0.291134 0.915336
0.747109 0.441844
0.222395 0.950541
0.287093 0.918555
0.970235 0.0586452
0.467895 0.781074
0.0604245 0.996376
0.840515 0.293552
0.735658 0.458807
0.256333 0.934293
0.653393 0.573078
0.628639 0.604812
0.80171 0.357264
0.788858 0.377703
0.42243 0.821553
0.687856 0.526854
0.728741 0.468937
0.0507614 0.997423
0.218188 0.952394
0.262022 0.931345
0.357119 0.872466
0.360175 0.870278
0.0808443 0.993464
0.397844 0.84172
0.477775 0.771732
0.910664 0.170691
0.601365 0.63836
0.525878 0.723453
0.296465 0.912109
0.415618 0.827262
0.36576 0.866293
0.188937 0.964311
0.374677 0.859618
0.301775 0.908932
0.655803 0.569923
0.958704 0.0808867
0.281723 0.921613
0.902533 0.185434
0.387902 0.849532
0.0646169 0.99589
0.519146 0.730487
0.896641 0.196035
0.205358 0.957828
0.831117 0.309244
0.872997 0.238004
0.554172 0.692894
0.705146 0.502802
0.987648 0.0245519
0.523945 0.725482
0.625247 0.609066
0.751017 0.435973
0.781448 0.38934
0.952545 0.0926584
0.760693 0.421346
0.325398 0.894215
0.556304 0.690526
0.850496 0.276656
0.157252 0.975272
0.487032 0.762801
0.131403 0.982733
0.00147184 0.999998
0.138974 0.980686
0.942229 0.112205
0.429636 0.815413
0.109487 0.988013
0.445603 0.801438
0.480813 0.768819
0.513861 0.735947
0.834567 0.303498
0.996087 0.00781147
0.400709 0.839432
0.961317 0.0761043
0.982153 0.035375
0.683744 0.532497
0.320191 0.897478
0.667625 0.554279
0.0320538 0.998973
0.232274 0.946049
0.752594 0.433622
0.41946 0.824053
0.756028 0.428421
0.875029 0.234324
0.771689 0.404496
0.898473 0.192746
0.380061 0.855555
0.821775 0.324881
0.826117 0.317531
0.708906 0.497452
0.160123 0.974361
0.504787 0.745191
0.484358 0.765397
0.836848 0.299686
0.743143 0.44774
0.853423 0.271669
0.635637 0.595966
0.939958 0.116479
0.844265 0.287217
0.767268 0.4113
0.669568 0.551678
0.64643 0.582128
0.166544 0.972263
0.0728526 0.994693
0.588614 0.653534
0.579979 0.663625
0.238474 0.94313
0.951671 0.0943224
0.791049 0.374242
0.672759 0.547395
0.2774 0.923049
0.909601 0.172633
0.757553 0.426114
0.997286 0.00542096
0.824115 0.320834
0.724646 0.474888
0.930892 0.133448
0.649172 0.578575
0.980956 0.0377246
0.202041 0.959179
0.036753 0.998649
0.453931 0.793947
0.570604 0.674412
0.762974 0.417871
0.893104 0.202365
0.427653 0.817113
0.578984 0.664778
0.473312 0.775975
0.194394 0.962211
0.128477 0.983494
0.609121 0.628972
0.710227 0.495578
0.803197 0.354875
0.769961 0.407161
0.903528 0.183638
0.50965 0.740258
0.384587 0.852093
0.620561 0.614904
0.0427655 0.998171
0.76522 0.414439
0.229029 0.947546
0.859577 0.261146
0.197499 0.961518
0.641816 0.588073
0.143512 0.979404
0.568931 0.676547
0.115424 0.986677
0.643162 0.586448
0.860534 0.259481
0.809517 0.344682
0.62253 0.612457
0.471949 0.777264
0.266162 0.929158
0.883666 0.219135
0.268887 0.9277
0.739255 0.453508
0.886316 0.214445
0.545021 0.703065
0.455549 0.792475
0.794394 0.368938
0.842583 0.290054
0.638447 0.592388
0.81004 0.343835
