132662 440.081
1 0
0 1
0.441732 0.804927
0.984607 0.0333188
0.432554 0.814796
0.151331 0.97846
0.214803 0.95386
0.204856 0.959546
0.185132 0.966888
0.989987 0.0209454
0.253989 0.936742
0.978836 0.0423999
0.817179 0.332336
0.897337 0.199694
0.876384 0.232981
0.882702 0.22443
0.578908 0.665639
0.713792 0.491943
0.994795 0.0121771
0.159251 0.975092
0.89198 0.206895
0.739773 0.453292
0.911596 0.17173
0.194424 0.963784
0.554841 0.693223
0.14093 0.980172
0.262153 0.932489
0.970766 0.0581424
0.96116 0.0777377
0.124408 0.984889
0.735105 0.460602
0.509706 0.7402
0.798345 0.365121
0.944132 0.109299
0.649722 0.581052
0.17871 0.970402
0.608197 0.630897
0.042929 0.998664
0.525034 0.724341
0.628954 0.605881
0.0804311 0.99362
0.826343 0.317281
0.65919 0.566915
0.69589 0.522576
0.0887359 0.99268
0.75641 0.42965
0.750831 0.437349
0.813798 0.341284
0.472162 0.778363
0.0337786 0.99899
0.632806 0.601229
0.987138 0.0268116
0.452567 0.795414
0.421149 0.824219
0.116017 0.987194
0.59486 0.648816
0.072435 0.994774
0.372372 0.86279
0.807361 0.349244
0.794198 0.36957
0.612356 0.625384
0.680053 0.542574
0.493279 0.759325
0.934039 0.127571
0.831412 0.313327
0.790813 0.374768
0.415672 0.827216
0.918028 0.161904
0.363196 0.869143
0.583073 0.661892
0.322868 0.897551
0.952126 0.0961362
0.742964 0.448224
0.697785 0.513148
0.286131 0.918565
0.854154 0.275991
0.770153 0.410396
0.411026 0.831058
0.0260319 0.999632
0.976023 0.0520282
0.958317 0.0862307
0.802622 0.35865
0.425329 0.819296
0.408033 0.836066
0.914004 0.165954
0.932185 0.13478
0.67258 0.5501
0.623829 0.61093
0.732265 0.465225
0.233768 0.945879
0.955125 0.0881207
0.587672 0.657683
0.590421 0.653173
0.496674 0.754032
0.097604 0.992501
0.271646 0.926208
0.266921 0.930163
0.83398 0.307897
0.765419 0.415554
0.598042 0.643275
0.326784 0.893597
0.367063 0.865581
0.304465 0.907711
0.906697 0.178715
0.947636 0.102667
0.835784 0.301957
0.941589 0.115803
0.358556 0.873855
0.481504 0.769812
0.690178 0.523838
0.729465 0.471086
0.823352 0.323634
0.64447 0.585474
0.298896 0.911113
0.683231 0.534491
0.280523 0.921837
0.170652 0.971496
0.573056 0.67289
0.67594 0.54432
0.166926 0.973623
0.99707 0.0074824
0.820984 0.327043
0.78913 0.381492
0.921149 0.156298
0.199763 0.96165
0.967846 0.0633153
0.867864 0.249624
0.870418 0.244756
0.965124 0.0735762
0.719524 0.484074
0.332375 0.891529
0.316608 0.900125
0.810307 0.343465
0.925329 0.14629
0.225262 0.949965
0.708029 0.49965
0.860291 0.261375
0.560736 0.687861
0.706539 0.505996
0.922432 0.151524
0.883876 0.219301
0.569031 0.676204
0.803973 0.354372
0.763761 0.419736
0.291557 0.916274
0.65682 0.574698
0.308404 0.905122
0.85596 0.269313
0.00586305 0.999972
0.529228 0.721486
0.838697 0.29717
0.488492 0.764543
0.13178 0.983505
0.687497 0.52941
0.747306 0.44413
0.670092 0.554642
0.778547 0.395663
0.467096 0.78204
0.101596 0.98969
0.622612 0.615705
0.398769 0.843323
0.44613 0.801736
0.507335 0.748112
0.710898 0.496071
0.654483 0.576318
0.551933 0.698879
0.900107 0.193625
0.377017 0.858292
0.842203 0.294496
0.5 0.750045
0.903537 0.184517
0.520581 0.73163
0.277764 0.925213
0.0615651 0.996271
0.514759 0.736105
0.314495 0.903631
0.343858 0.883173
0.339343 0.888269
0.965909 0.0679467
0.937667 0.123217
0.887439 0.215007
0.546143 0.705296
0.88838 0.211008
0.220753 0.952048
0.848346 0.281451
0.900781 0.189716
0.296573 0.91488
0.136668 0.983329
0.618394 0.619156
0.976742 0.0476903
0.0179811 0.999677
0.0138004 0.999822
0.0657779 0.996258
0.772725 0.406303
0.477399 0.774441
0.723939 0.477711
0.247306 0.939905
0.45619 0.794097
0.858599 0.266368
0.615692 0.621234
0.759582 0.423851
0.604383 0.636318
0.550635 0.702445
0.928375 0.138127
0.862537 0.256083
0.051741 0.998141
0.845724 0.28823
0.63703 0.596131
0.865153 0.254132
0.429694 0.816421
0.459381 0.789941
0.667979 0.559226
0.0534426 0.99716
0.565999 0.681891
0.642917 0.589318
0.66305 0.562586
0.873236 0.240406
0.939214 0.119822
0.394038 0.845103
0.849772 0.279717
0.46461 0.784503
0.926718 0.141435
0.951143 0.100839
0.354019 0.875371
0.777038 0.400508
0.462982 0.789172
0.702749 0.508579
0.875554 0.23854
0.999937 0.00235758
0.786131 0.384953
0.74845 0.439923
0.603439 0.641746
0.337569 0.889891
0.533745 0.719117
0.639921 0.592389
0.774009 0.40191
0.107439 0.988656
0.110611 0.988615
0.488561 0.763033
0.720868 0.482713
0.845398 0.290519
0.348546 0.87932
0.700172 0.510252
0.781105 0.390883
0.352399 0.878505
0.402967 0.839328
0.685132 0.532593
0.534728 0.716784
0.505267 0.749299
0.758349 0.426588
