43131 20.0013
0.990238 0.531833
0.881324 0.647018
0.481852 1.0758
0.926853 0.590929
0.947095 0.535787
0.863523 0.662861
0.668863 0.889461
0.551038 0.994384
0.926857 0.571948
0.852594 0.669393
0.521025 1.01191
0.823754 0.702204
0.204313 1.21068
1.72353e-06 1.2277
0.509452 1.0418
0.473284 1.09594
0.608264 0.912583
0.247911 1.17772
0.608244 0.934188
0.43409 1.10222
2.98971e-09 1.28868
0.385934 1.12078
0.204316 1.18343
0.521033 1.00769
0.882648 0.631866
2.28689e-06 1.21321
0.385936 1.10452
0.608242 0.957462
0.329859 1.15231
0.724092 0.799374
1.19667e-06 1.24684
1.50996e-07 1.26852
0.823763 0.695383
0.329863 1.12252
0.509449 1.05348
0.724079 0.815719
0.790779 0.731781
0.204314 1.19397
0.79078 0.729056
0.509449 1.04425
0.790762 0.746385
0.509459 1.02581
0.882653 0.604284
0.882649 0.613751
2.25493e-09 1.8194
