35819 50.004
1 1.32249e-06
1.8105e-19 1
0.43882 0.807856
0.454261 0.796063
0.282025 0.920462
0.483647 0.766086
0.740874 0.452562
0.354503 0.878571
0.580284 0.663431
0.398772 0.84116
0.373953 0.863242
0.265177 0.929692
0.589983 0.652896
0.636901 0.598046
0.496155 0.758593
0.12662 0.983967
0.435633 0.822837
0.597403 0.646799
0.251993 0.936655
0.605051 0.634274
0.208176 0.962756
0.561668 0.684538
0.19096 0.963534
0.736985 0.466681
0.366893 0.87462
0.392158 0.848288
0.55589 0.692737
0.631906 0.609731
0.118695 0.988066
0.884445 0.225555
0.38423 0.856202
0.344274 0.881475
0.0900356 0.991921
0.7902 0.390366
0.760476 0.437599
0.566835 0.678708
0.910175 0.175481
0.407679 0.835571
0.103946 0.989195
0.658705 0.570978
0.61548 0.623806
0.292536 0.919791
0.210019 0.957544
0.242037 0.941418
0.668837 0.56349
0.427355 0.832251
0.864573 0.254816
0.745097 0.444848
0.221554 0.955807
0.856958 0.267839
0.894449 0.201182
0.721518 0.493964
0.838974 0.303197
0.914128 0.164392
0.880339 0.231437
0.806835 0.361431
0.73055 0.466707
0.141001 0.983861
0.791734 0.37595
0.833519 0.310844
0.618006 0.618078
0.314363 0.901176
0.00715784 0.999949
0.679059 0.539106
0.729164 0.478169
0.478841 0.773468
0.226985 0.948478
0.760886 0.424541
0.366958 0.866948
0.260284 0.933959
0.542887 0.705276
0.890626 0.207853
0.813981 0.340668
0.322153 0.89667
0.055976 0.996867
0.428526 0.823971
0.687742 0.527182
0.844832 0.292338
0.691713 0.521536
0.874788 0.235344
0.0772373 0.994035
0.311265 0.904712
0.724993 0.485416
0.645022 0.595313
0.702829 0.508279
0.695062 0.516896
0.294951 0.913004
0.306775 0.911047
0.78438 0.391343
0.0186553 0.999657
0.840631 0.298303
0.716816 0.496916
0.904019 0.183317
0.238791 0.947792
0.701485 0.514219
0.707474 0.502976
0.675677 0.544697
0.886341 0.214404
0.873245 0.241892
0.608773 0.629409
0.511591 0.741418
0.417046 0.832638
0.549016 0.700287
0.149718 0.977584
0.107753 0.988389
0.385297 0.851555
0.670653 0.552182
0.950636 0.103353
0.984499 0.0326515
0.627882 0.617227
0.808679 0.349652
0.710117 0.499211
0.0658456 0.995753
0.94242 0.111878
0.776971 0.396411
0.539541 0.708902
0.773698 0.405923
0.143175 0.98133
0.827445 0.315364
0.0852991 0.993322
0.170297 0.973078
0.176322 0.971875
0.898985 0.196504
0.576224 0.667967
0.855673 0.278326
0.845347 0.285392
0.463607 0.793198
0.797704 0.365951
0.934617 0.131113
0.752005 0.438384
0.965222 0.0706123
0.477701 0.778908
0.850945 0.283781
0.920179 0.153272
0.550582 0.697022
0.817806 0.338899
0.924983 0.151911
0.936013 0.124284
0.5356 0.71315
0.647369 0.583385
0.809848 0.348988
0.647315 0.59112
0.514563 0.736021
0.824868 0.322996
0.961142 0.0805267
0.981151 0.0375508
0.340608 0.887574
0.962375 0.074955
0.906588 0.178768
0.572085 0.672733
0.164079 0.974526
0.973554 0.0549312
0.523487 0.725965
0.76825 0.409846
0.301011 0.911327
0.955718 0.0869195
0.975542 0.0495654
0.654908 0.580819
0.804144 0.364528
0.871072 0.248987
0.655727 0.571536
0.593558 0.648769
0.50747 0.744939
0.750463 0.442115
0.47073 0.779814
0.931001 0.140212
0.669062 0.561133
0.518714 0.730945
0.0696031 0.995155
0.861056 0.263938
0.796599 0.371527
0.464109 0.785225
0.225545 0.95317
0.932037 0.134837
0.903202 0.191959
0.942196 0.120963
0.86181 0.2598
0.919571 0.160925
0.686107 0.536228
0.953214 0.0935908
0.50001 0.755226
0.0288922 0.999165
0.328553 0.892053
0.673778 0.550177
0.77813 0.395164
0.503396 0.746601
0.951354 0.0951163
0.9704 0.0583282
0.412954 0.833848
0.33344 0.889822
0.0452237 0.997955
0.468858 0.783253
0.500054 0.749946
0.0497918 0.997521
0.957954 0.0846055
0.158216 0.974968
0.977656 0.0453535
0.818231 0.3305
0.968099 0.0661831
0.181854 0.969836
0.991057 0.0218006
0.628764 0.613341
0.987662 0.0285029
0.72665 0.481667
0.185911 0.965437
0.979765 0.0419868
0.822119 0.32415
0.76407 0.422576
0.155284 0.977547
0.991826 0.0169165
0.530623 0.72461
0.325285 0.894189
0.925239 0.143947
0.766525 0.414998
0.888086 0.212904
0.0386799 0.998504
0.946714 0.106079
0.0234109 0.999452
0.687063 0.534547
0.996473 0.0111293
0.831229 0.314446
0.0353042 0.998805
0.993541 0.0131792
0.531256 0.718569
0.819959 0.329344
0.853334 0.278924
0.969592 0.0633036
0.653604 0.583067
0.988493 0.0251713
0.94559 0.109056
0.764864 0.417322
0.533478 0.717184
0.241325 0.946282
0.939585 0.121704
0.926532 0.142516
0.338252 0.889515
0.77148 0.406078
0.792776 0.373913
0.872067 0.248658
0.517072 0.732661
0.263944 0.930348
0.999024 0.0048319
0.918461 0.164153
0.573661 0.671552
0.997254 0.00626718
0.901344 0.193312
0.607097 0.631442
0.527371 0.725719
0.463743 0.791
0.183523 0.967457
