50857 150.03
0.852655 -0.770944
7.40787e-08 1.00459
0.652342 -0.456075
0.823436 -0.456241
0.618447 -0.121923
0.453906 -0.121894
0.409338 0.245029
0.257659 0.245068
0.182368 0.672447
0.0826246 0.672855
0.429389 0.00709288
0.836236 -0.66897
0.0257895 0.827033
0.0714677 0.681301
0.022884 0.839592
0.234484 0.314111
0.625853 -0.24186
0.424081 0.0629549
0.216966 0.430576
0.232576 0.324751
0.20573 0.514502
0.827953 -0.544258
0.0665576 0.688987
0.432411 -0.0217081
0.83105 -0.596756
0.0170793 0.868902
0.438827 -0.0655857
0.627735 -0.268862
0.419324 0.122153
0.192408 0.610789
0.423306 0.0709336
0.829005 -0.559636
0.625183 -0.226782
0.421324 0.0953516
0.827121 -0.528915
0.209937 0.482955
0.439833 -0.0772504
0.418043 0.132994
0.837825 -0.687038
0.015233 0.878899
0.213758 0.452807
0.0349355 0.790077
0.247182 0.264052
0.829765 -0.574302
0.223454 0.387602
0.619092 -0.132736
0.187525 0.643273
0.641136 -0.414953
0.0420792 0.758845
0.200165 0.555122
0.201724 0.543969
0.0184307 0.860013
0.0515125 0.728151
0.832008 -0.61011
0.425423 0.0466387
0.0059536 0.927102
0.626628 -0.25256
0.433503 -0.0311952
0.238507 0.292168
0.629858 -0.297289
0.18987 0.6301
0.0075782 0.919632
0.840814 -0.717715
0.0112403 0.901686
0.185536 0.655774
0.426966 0.0320902
0.0492766 0.734203
0.207453 0.502291
0.0118644 0.892003
0.430949 -0.00771469
0.834831 -0.652108
0.000132168 0.994801
0.629054 -0.282168
0.640202 -0.406726
0.204792 0.523305
0.41015 0.236658
0.619682 -0.142735
0.42819 0.0186422
0.0439254 0.750792
0.841689 -0.727062
0.0645923 0.692949
0.451764 -0.119016
0.242031 0.281749
0.0133227 0.884983
0.221625 0.39435
0.839874 -0.709542
0.417662 0.142857
0.236607 0.303408
0.218421 0.418811
0.623614 -0.206255
0.835577 -0.659917
0.420118 0.106505
0.639301 -0.397948
0.824115 -0.471224
0.845285 -0.751133
0.825987 -0.507467
0.622279 -0.181966
0.844202 -0.74387
0.434579 -0.038695
0.0572403 0.711258
0.0472289 0.740466
0.208498 0.493534
0.0212959 0.847589
0.0587365 0.705966
0.00415576 0.941763
0.44562 -0.104868
0.825389 -0.495535
0.410707 0.227323
0.0403617 0.765848
0.846571 -0.758552
0.199523 0.561786
0.633903 -0.347454
0.627123 -0.260964
0.441484 -0.084311
0.230937 0.333359
0.633232 -0.338961
0.0367241 0.781091
0.00522235 0.936505
0.0198422 0.852369
0.0304342 0.806332
0.416672 0.150174
0.415004 0.175192
0.413924 0.184755
0.638285 -0.391011
0.198459 0.570297
0.228391 0.351962
0.252264 0.251468
0.188327 0.638511
0.62175 -0.17514
0.053679 0.721257
0.834342 -0.641534
0.224219 0.376328
0.632794 -0.331206
0.830553 -0.587575
0.215463 0.439867
0.240292 0.284728
0.422237 0.083801
0.254967 0.247279
0.828489 -0.552293
0.622705 -0.192657
0.0546257 0.716659
0.826835 -0.522259
0.229425 0.343984
0.411302 0.220186
0.419831 0.111995
0.642803 -0.424134
0.0458528 0.746311
0.413147 0.196698
0.634697 -0.354639
0.44235 -0.0906048
0.431264 -0.0100004
0.0390642 0.771428
0.646272 -0.442038
0.839109 -0.701228
0.220681 0.401895
0.629209 -0.286656
0.032666 0.796424
0.243625 0.271544
0.826411 -0.513001
0.214737 0.443758
0.220031 0.407878
0.82385 -0.462867
0.849766 -0.765899
0.83334 -0.629905
0.63063 -0.305147
0.0291392 0.813126
0.41288 0.2062
0.00167176 0.966767
0.415262 0.169234
0.44865 -0.112598
0.427666 0.0240122
0.83281 -0.622121
0.643782 -0.426726
0.000428133 0.984527
0.0761595 0.675581
0.435412 -0.0465079
0.624137 -0.215469
0.202618 0.537884
0.00126289 0.972329
0.622999 -0.198018
0.0756698 0.677911
0.631918 -0.323791
0.00309643 0.951052
0.00859384 0.911294
0.631024 -0.311115
0.237141 0.299666
0.00899308 0.9073
0.213036 0.46405
0.19349 0.603031
0.426038 0.0418678
0.198128 0.577056
0.830133 -0.580764
0.24427 0.269801
0.249282 0.256497
0.437212 -0.0573407
0.00226899 0.958342
0.190848 0.622227
0.196578 0.588114
0.620376 -0.153923
0.061728 0.699275
0.637155 -0.380365
0.0320691 0.800895
0.631575 -0.318408
0.0378502 0.777617
0.196671 0.581506
0.21878 0.41441
0.838444 -0.695588
0.027535 0.818479
0.824651 -0.480865
0.644848 -0.435739
0.447817 -0.111176
0.620972 -0.164061
0.848776 -0.76271
0.000729195 0.980298
0.230025 0.33802
0.081484 0.674285
0.833728 -0.636475
0.65089 -0.451518
0.832303 -0.616137
0.413629 0.190589
0.624438 -0.220154
0.421924 0.0857861
0.415829 0.160837
0.212161 0.464522
0.44422 -0.0957074
0.637626 -0.383214
0.648515 -0.447938
0.636355 -0.371291
0.224768 0.372414
0.060912 0.699925
0.843068 -0.73645
0.825182 -0.490218
0.62115 -0.166321
0.620169 -0.151019
0.416124 0.157978
0.211167 0.473204
0.211043 0.474558
0.842592 -0.734378
0.444429 -0.09929
0.195338 0.593491
0.203568 0.530648
0.436118 -0.0511445
0.250285 0.255619
0.41195 0.212583
0.227163 0.357406
0.208184 0.498453
0.635513 -0.361271
0.824844 -0.483864
0.183821 0.66637
0.226981 0.360255
