29743 100.022
0.851834 -0.773369
1.80709e-16 1
0.823332 -0.458267
0.652512 -0.458263
0.618397 -0.12422
0.453882 -0.124218
0.409314 0.24216
0.257762 0.242161
0.0830007 0.669652
0.182229 0.669652
0.239268 0.285462
0.196106 0.581093
0.828422 -0.555432
0.833271 -0.633647
0.622248 -0.189184
0.0444558 0.745371
0.21966 0.404113
0.0192615 0.850257
0.624403 -0.22333
0.0420697 0.755463
0.831612 -0.608599
0.198504 0.563785
0.441985 -0.0928676
0.642063 -0.423495
0.05756 0.704139
0.00315193 0.943546
0.621391 -0.17512
0.034229 0.784876
0.443704 -0.101164
0.425651 0.0415333
0.62503 -0.232963
0.224916 0.367127
0.0666975 0.684067
0.647317 -0.449509
0.253302 0.244769
0.64081 -0.412205
0.440339 -0.0837899
0.0494151 0.728298
0.448196 -0.116951
0.835202 -0.660452
0.223658 0.375731
0.200949 0.545737
0.623615 -0.211064
0.619372 -0.141109
0.0601476 0.697633
0.834295 -0.648195
0.0107074 0.892989
0.0515311 0.721539
0.0778975 0.671052
0.0141269 0.875078
0.826497 -0.520373
0.421026 0.0928144
0.411218 0.216793
0.631404 -0.321298
0.199948 0.553177
0.430626 -0.00951211
0.419741 0.108183
0.418922 0.118138
0.635921 -0.372173
0.829179 -0.5686
0.216668 0.427522
0.000658548 0.974324
0.835999 -0.670753
0.000127743 0.988697
0.0550536 0.711004
0.643318 -0.431268
0.23139 0.326017
0.229671 0.336627
0.830968 -0.598381
0.649876 -0.455951
0.00520831 0.926983
0.436167 -0.0560509
0.192303 0.607528
0.830062 -0.583566
0.226178 0.358768
0.630634 -0.311482
0.236584 0.297806
0.0208558 0.842877
0.246294 0.259097
0.202401 0.536879
0.41409 0.17913
0.206333 0.504978
0.208982 0.484661
0.220917 0.395036
0.0294935 0.804687
0.845358 -0.755817
0.62572 -0.243365
0.20819 0.490744
0.827821 -0.544717
0.248532 0.253203
0.632627 -0.3361
0.435382 -0.0478295
0.832351 -0.619982
0.826027 -0.511476
0.41493 0.168286
0.205237 0.514713
0.0157633 0.866957
0.63341 -0.345182
0.83833 -0.698218
0.250501 0.24903
0.207047 0.499515
0.420356 0.100788
0.00138725 0.962694
0.842265 -0.73527
0.841435 -0.728457
0.00179617 0.957518
0.00628226 0.919507
0.431515 -0.0175781
0.847942 -0.767007
0.823857 -0.46863
0.0534839 0.715576
0.0637426 0.689633
0.638635 -0.397505
0.222525 0.383623
0.423251 0.0670244
0.0318029 0.794921
0.428613 0.0098623
0.840574 -0.720813
0.417648 0.134107
0.843729 -0.745947
0.632054 -0.329248
0.622805 -0.198184
0.426475 0.0317375
0.187934 0.63603
0.410263 0.229499
0.0695146 0.679489
0.645584 -0.442846
0.213111 0.453045
0.416804 0.144445
0.413209 0.190599
0.0170836 0.860561
0.427832 0.0177031
0.83774 -0.691652
0.0463525 0.738655
0.437786 -0.0676069
0.185398 0.651518
0.829465 -0.573519
0.022148 0.837095
0.0474893 0.734742
0.636927 -0.382039
0.416006 0.154531
0.210138 0.475845
0.825612 -0.503539
0.211525 0.465161
0.846148 -0.759808
0.188736 0.630965
0.0233858 0.831399
0.244639 0.264214
0.83707 -0.683874
0.0379809 0.769808
0.644584 -0.438132
0.839163 -0.707061
0.218173 0.415007
0.628731 -0.286452
0.411612 0.211581
0.422793 0.0722445
0.415338 0.163061
0.432232 -0.0240641
0.0714612 0.676853
0.424121 0.0572465
0.450893 -0.122199
0.432976 -0.0305208
0.20294 0.530795
0.189885 0.62357
0.012002 0.886027
0.626599 -0.256337
0.235368 0.303918
0.620688 -0.161634
0.217935 0.416765
0.228964 0.34074
0.832687 -0.625041
0.627885 -0.274732
0.227779 0.348308
0.0402022 0.761182
0.0622912 0.692713
0.42973 -0.000953534
0.000371444 0.980723
0.212399 0.458474
0.0132819 0.882667
0.836562 -0.677741
0.191187 0.61501
0.825246 -0.496452
0.0323113 0.792822
0.193373 0.600229
0.620967 -0.168096
0.43719 -0.063467
0.626136 -0.249548
0.827483 -0.538504
0.618791 -0.131075
0.221711 0.389461
0.635248 -0.36526
0.629408 -0.295582
0.0246741 0.825908
0.241107 0.277312
0.619897 -0.150067
0.410101 0.231648
0.424664 0.0512449
0.6232 -0.204491
0.214485 0.442615
0.434269 -0.0413002
0.849411 -0.7709
0.186667 0.643876
0.42185 0.0831405
0.00754465 0.911368
0.630124 -0.304725
0.637564 -0.388001
0.203821 0.524129
0.824682 -0.485408
0.412541 0.199344
0.412295 0.202887
0.834593 -0.652124
0.194192 0.596425
0.445558 -0.108725
0.234243 0.309887
0.227125 0.352466
0.843254 -0.742675
0.00419115 0.934711
0.0256357 0.821404
0.210694 0.471527
0.628377 -0.281579
0.433721 -0.0368002
0.182899 0.665937
0.00900102 0.902615
0.413665 0.184651
0.214159 0.445075
0.194938 0.589505
0.62025 -0.153935
0.41832 0.125536
0.00920954 0.901418
0.639722 -0.406488
0.429292 0.00319248
0.42223 0.0809354
0.21567 0.433659
0.0360928 0.777317
0.204415 0.519617
0.827028 -0.530252
0.439117 -0.0763565
0.241545 0.275545
0.824908 -0.489863
0.824257 -0.476971
0.634316 -0.351093
0.634742 -0.359869
0.416466 0.148705
0.627078 -0.263258
0.0272163 0.815493
0.232097 0.321891
0.0362455 0.776704
0.198798 0.561636
0.446086 -0.110615
0.184068 0.6593
