69261 230.038
0.851833 -0.773369
2.24647e-16 1
0.652511 -0.458263
0.823332 -0.458264
0.453882 -0.124218
0.618397 -0.124221
0.257763 0.242161
0.409314 0.24216
0.182229 0.669651
0.0830012 0.669652
0.0273699 0.813824
0.433306 -0.0332177
0.439198 -0.0768118
0.0239886 0.828706
0.0405303 0.760285
0.619439 -0.13955
0.639511 -0.404794
0.823674 -0.465216
0.824472 -0.481237
0.829357 -0.571675
0.638424 -0.392493
0.833142 -0.627917
0.629258 -0.293576
0.00202365 0.954887
0.828394 -0.554929
0.635498 -0.367858
0.833637 -0.638931
0.840692 -0.721898
0.628532 -0.283722
0.620059 -0.152833
0.430248 -0.00596708
0.420487 0.0992202
0.0515874 0.721348
0.632403 -0.333396
0.0557932 0.708924
0.431191 -0.0147298
0.0424237 0.752802
0.0500721 0.728748
0.0059251 0.921929
0.640626 -0.413435
0.63462 -0.358605
0.184254 0.662588
0.417651 0.13383
0.226276 0.358084
0.636442 -0.37735
0.0538184 0.714581
0.841781 -0.731358
0.223664 0.375691
0.827039 -0.530465
0.838016 -0.693481
0.427812 0.0179113
0.419736 0.108345
0.621093 -0.170204
0.235991 0.300727
0.216099 0.430441
0.419018 0.116965
0.826645 -0.521711
0.83504 -0.658306
0.412916 0.194428
0.217204 0.422188
0.426246 0.0341636
0.203758 0.524606
0.449923 -0.120685
0.207899 0.492976
0.422821 0.0719193
0.0441938 0.746316
0.189224 0.627859
0.0197139 0.848215
0.443568 -0.100553
0.630031 -0.303799
0.199906 0.553567
0.627847 -0.2742
0.201743 0.5398
0.437199 -0.0635324
0.641779 -0.421557
0.418456 0.126235
0.43506 -0.0476056
0.631725 -0.325249
0.620465 -0.159687
0.427006 0.0261872
0.237312 0.294149
0.0180953 0.855741
0.832218 -0.617965
0.202679 0.532838
0.413689 0.184335
0.843516 -0.744506
0.22933 0.338596
0.00114613 0.966104
0.637433 -0.385041
0.186732 0.643474
0.623381 -0.207357
0.839773 -0.713191
0.624814 -0.229673
0.198503 0.563803
0.0120082 0.885995
0.645655 -0.443178
0.210757 0.471039
0.192167 0.608444
0.204778 0.51685
0.230563 0.330939
0.441878 -0.0923129
0.246117 0.259609
0.00282305 0.946618
0.421298 0.0896097
0.410852 0.221649
0.836843 -0.681162
0.238819 0.287141
0.649446 -0.45523
0.23443 0.308883
0.0703899 0.678254
0.414199 0.177719
0.42926 0.00349866
0.254587 0.243485
0.244341 0.265202
0.00906157 0.902263
0.248057 0.254352
0.410104 0.231608
0.621891 -0.183361
0.414892 0.168782
0.200601 0.548325
0.242798 0.270644
0.618729 -0.129994
0.825483 -0.501053
0.428717 0.00883398
0.626542 -0.255434
0.0312107 0.797405
0.0602825 0.697315
0.233517 0.313861
0.830701 -0.594065
0.842728 -0.738835
0.222689 0.382473
0.227603 0.349374
0.00711483 0.914077
0.642855 -0.428508
0.193107 0.602049
0.241321 0.276452
0.436409 -0.0578399
0.0379177 0.770057
0.206726 0.501968
0.000465258 0.978423
0.209591 0.47999
0.624127 -0.219075
0.251547 0.247206
0.829672 -0.57702
0.633347 -0.343807
0.240152 0.281678
0.00789157 0.90937
0.446594 -0.112316
0.6273 -0.266445
0.00377697 0.940077
0.0475558 0.734511
0.412337 0.202028
0.423606 0.0630197
0.211985 0.461636
0.00472126 0.930591
0.447935 -0.116272
0.0630669 0.692548
0.19705 0.574345
0.213873 0.450662
0.423989 0.0587219
0.190502 0.619542
0.831249 -0.602875
0.0326589 0.791411
0.424742 0.0503857
0.213127 0.452923
0.838914 -0.704187
0.625851 -0.24533
0.621574 -0.178168
0.0367791 0.774569
0.0352845 0.780581
0.837303 -0.686612
0.214689 0.44116
0.825116 -0.493924
0.195542 0.585155
0.232227 0.321144
0.220367 0.398991
0.411887 0.207945
0.0168459 0.861703
0.190961 0.616509
0.625223 -0.235897
0.416832 0.144177
0.848417 -0.768463
0.828193 -0.551373
0.250013 0.249974
0.22822 0.345431
0.0151077 0.870184
0.0585508 0.702613
0.425398 0.04324
0.18538 0.651623
0.0459821 0.739959
0.836011 -0.670907
0.630568 -0.310753
0.440344 -0.0838246
0.0105647 0.893773
0.824804 -0.487809
0.622539 -0.193766
0.205708 0.509757
0.0131462 0.880067
0.0139496 0.876058
0.196247 0.580087
0.633833 -0.349957
0.219521 0.405129
0.194024 0.595734
7.491e-05 0.991346
0.194645 0.591403
0.000806231 0.971624
0.000179582 0.986598
0.422106 0.080161
0.215232 0.438737
0.0779115 0.671044
0.19812 0.568946
0.826053 -0.511986
0.0289555 0.806983
0.221495 0.390905
0.185072 0.654206
0.623896 -0.215464
0.231636 0.32457
0.22503 0.366357
0.416139 0.152845
0.0223041 0.836278
0.644063 -0.43543
0.0670154 0.684035
0.622825 -0.198496
0.435223 -0.0488673
0.415376 0.162565
0.827599 -0.540709
0.0686576 0.680777
0.0741276 0.673903
0.844955 -0.753579
0.626882 -0.260444
0.835624 -0.665959
0.43219 -0.0236934
0.188132 0.634823
0.8465 -0.761444
0.830199 -0.585838
0.0652229 0.686714
0.825931 -0.509661
0.831789 -0.611299
0.0159773 0.865911
0.849616 -0.7713
0.0793155 0.67038
0.218443 0.413015
0.211534 0.465089
0.647544 -0.450319
0.82767 -0.54199
0.432327 -0.024903
0.834296 -0.6482
0.21825 0.414445
0.208807 0.486011
0.441343 -0.0864017
