178433 330.031
0.852147 -0.771279
5.24067e-08 1.029
0.823397 -0.456422
0.652586 -0.45636
0.618429 -0.121929
0.454705 -0.121923
0.257723 0.245172
0.409304 0.245063
0.182299 0.672989
0.0842259 0.67326
0.425007 0.0531682
0.631822 -0.322628
0.190836 0.622145
0.423397 0.0707297
0.844159 -0.742146
0.846314 -0.756504
0.64036 -0.404865
0.628087 -0.272769
0.434507 -0.0367973
0.0450313 0.749536
0.246066 0.265236
0.0702365 0.683814
0.202866 0.538738
0.204388 0.526203
0.627084 -0.257002
1.22186e-07 1.01244
0.827576 -0.529833
0.2437 0.275599
0.440127 -0.0767949
0.827954 -0.542818
0.0414426 0.762307
0.214282 0.453534
0.212561 0.463307
0.632789 -0.333556
0.825655 -0.499902
0.438409 -0.0636273
0.248631 0.258545
0.630696 -0.305554
0.635891 -0.367221
0.636494 -0.373084
0.449154 -0.115195
0.0130648 0.88573
0.622632 -0.189883
0.0593874 0.707917
0.223631 0.381236
0.445386 -0.103043
0.188665 0.638003
0.421698 0.0893921
0.199625 0.561362
0.198431 0.570168
0.0293309 0.811226
0.0148053 0.877761
0.826829 -0.51943
0.645225 -0.437967
0.833008 -0.624473
0.828445 -0.553204
0.624197 -0.215412
0.638022 -0.386288
0.642565 -0.418463
0.0347143 0.790123
0.0501724 0.731866
0.240216 0.288333
0.826217 -0.510299
0.443667 -0.0953195
0.00546391 0.933689
0.418052 0.134318
0.193864 0.60248
0.0243126 0.833826
0.00640161 0.925515
3.37969e-05 1.00318
0.644296 -0.430282
0.221992 0.392561
0.00272869 0.955552
0.0323201 0.798741
0.205378 0.517292
0.83774 -0.686382
0.620196 -0.147506
0.832348 -0.614986
0.253262 0.248505
0.211363 0.471994
0.420902 0.099635
0.0685012 0.690496
0.000473049 0.992016
0.052163 0.724704
0.431839 -0.0135049
0.229366 0.345755
0.634957 -0.352719
0.841488 -0.722948
0.649303 -0.448607
0.831256 -0.599688
0.622059 -0.180632
0.425879 0.0434709
0.830673 -0.588354
0.447729 -0.109729
0.241842 0.282
0.416865 0.149959
0.207735 0.499733
0.209075 0.491146
0.833836 -0.634104
0.0756165 0.678305
0.251421 0.252599
0.23447 0.312868
0.215125 0.444021
0.633733 -0.34312
0.03671 0.783634
0.629667 -0.293234
0.835456 -0.658274
0.430695 -0.00516866
0.647747 -0.44528
0.433288 -0.0280924
0.834557 -0.647285
0.011674 0.894555
0.414256 0.182427
0.842715 -0.735025
0.0648669 0.693126
0.184459 0.663029
0.427804 0.0239644
0.000524256 0.983596
0.620581 -0.155977
0.0795963 0.676169
0.235823 0.308527
0.454026 -0.119956
0.428396 0.0168694
0.829275 -0.562286
0.238268 0.296547
0.429246 0.00870563
0.417483 0.141932
0.838973 -0.701191
0.418944 0.123238
0.0613712 0.700913
0.0389121 0.772154
0.195501 0.591411
0.220361 0.406906
0.22145 0.397812
0.63935 -0.396388
0.00746276 0.916403
0.43606 -0.0501329
0.619119 -0.132613
0.43265 -0.021568
0.832148 -0.605492
0.215802 0.436962
0.4433 -0.0855191
0.624734 -0.22295
0.415051 0.17538
0.216932 0.430287
0.00104586 0.974616
0.838543 -0.695816
0.22629 0.363817
0.43719 -0.0588488
0.00860398 0.912444
0.187377 0.648792
0.619516 -0.137316
0.0563554 0.713585
0.237386 0.300546
0.849398 -0.76547
0.413521 0.191128
0.0100374 0.904571
0.430027 0.0021586
0.823872 -0.463192
0.020499 0.851777
0.41622 0.15923
0.00427091 0.942833
0.219567 0.411645
0.626728 -0.249009
0.836135 -0.663541
0.836887 -0.67832
0.22781 0.353836
0.0280883 0.816521
0.836656 -0.672247
0.410885 0.227558
0.824461 -0.476345
0.0381726 0.777699
0.233014 0.322378
0.196982 0.580046
0.00390047 0.947023
0.0233756 0.842368
0.623486 -0.203335
0.232572 0.324976
0.218338 0.419247
0.41215 0.209529
0.192745 0.610683
0.210421 0.479481
0.192258 0.614605
0.0220875 0.845092
0.848552 -0.761807
0.643474 -0.420425
0.441159 -0.0830837
0.625455 -0.230231
0.00173533 0.963628
0.840203 -0.711376
0.623221 -0.201508
0.420259 0.107032
0.201604 0.547189
0.0409918 0.765756
0.0629059 0.697341
0.825209 -0.48827
0.621455 -0.172217
0.4273 0.0331867
0.0541809 0.719737
0.0165148 0.870605
0.626174 -0.242321
0.0477021 0.747952
0.834143 -0.641933
0.652375 -0.455854
0.841964 -0.728016
0.830281 -0.581635
0.225228 0.370764
0.19532 0.594373
0.183442 0.669954
0.209936 0.484476
0.630286 -0.302121
0.412627 0.20292
0.231096 0.334215
0.628911 -0.281273
0.824238 -0.471534
0.829391 -0.569435
0.20094 0.552685
0.185784 0.656265
0.830053 -0.575038
0.0265254 0.825488
0.206672 0.510031
0.217774 0.423686
0.419901 0.11274
0.224831 0.375355
0.410394 0.233734
0.0481279 0.738299
0.413177 0.197214
0.0327456 0.797379
0.410155 0.239809
0.625576 -0.236561
0.629007 -0.285233
0.188456 0.640097
0.824887 -0.486354
0.0108481 0.900158
0.42667 0.0365342
0.227767 0.358773
0.230093 0.33814
0.0189131 0.858524
0.0182175 0.866729
0.0262419 0.826691
0.197221 0.578996
0.638578 -0.390846
0.839971 -0.710892
0.620965 -0.164434
0.422672 0.0804854
0.411407 0.219585
0.0833826 0.673272
0.415544 0.167702
0.207035 0.506768
0.419771 0.119888
