135847 160.01
0.851814 -0.773349
6.65748e-37 1
0.652542 -0.45822
0.823604 -0.463058
0.453389 -0.123928
0.618785 -0.129661
0.259681 0.245282
0.410059 0.240294
0.182972 0.665534
0.0838303 0.669689
0.000991678 0.968485
0.000136085 0.988334
0.416909 0.156627
0.232083 0.322085
0.238273 0.292304
0.412484 0.209177
0.22523 0.365795
0.41123 0.224733
0.234832 0.310005
0.223372 0.37771
0.41743 0.136659
0.226651 0.357676
0.23561 0.303722
0.626898 -0.260679
0.184897 0.657154
0.83415 -0.645207
0.424758 0.0507058
0.420764 0.095954
0.198171 0.56625
0.00179184 0.957569
0.418927 0.120294
0.192559 0.605817
0.843939 -0.747329
0.842775 -0.738165
0.0113451 0.891447
0.423929 0.062752
0.195607 0.589837
0.446318 -0.111381
0.631348 -0.318323
0.00268776 0.94793
0.414275 0.177934
0.64115 -0.413679
0.0374759 0.771801
0.194734 0.599946
0.438808 -0.0686993
0.830009 -0.582382
0.4219 0.0867106
0.00368889 0.938917
0.839965 -0.713619
0.834828 -0.655453
0.426031 0.0429437
0.191342 0.616368
0.826296 -0.515844
0.0049718 0.930587
0.829433 -0.571306
0.199597 0.555819
0.00971934 0.898655
0.253408 0.246065
0.0083343 0.90655
0.0129149 0.882385
0.213838 0.447545
0.0546406 0.712784
0.845408 -0.756065
0.846762 -0.762577
0.22822 0.347101
0.414229 0.190592
0.838938 -0.704658
0.0524738 0.718689
0.0271766 0.814752
0.204309 0.520422
0.437452 -0.0601125
0.207437 0.496657
0.833481 -0.633921
0.0356177 0.779256
0.848939 -0.769825
0.622114 -0.180606
0.64223 -0.422845
0.445023 -0.102679
0.00592431 0.921938
0.222502 0.385239
0.0506097 0.725271
0.838639 -0.695484
0.0285826 0.80866
0.00706248 0.914408
0.436043 -0.0536726
0.208446 0.488789
0.62231 -0.190175
0.434848 -0.0451989
0.632341 -0.327974
0.0226504 0.834724
0.835636 -0.664039
0.0703695 0.680896
0.630645 -0.308791
0.0666732 0.684559
0.639667 -0.405766
0.0186976 0.854931
0.419891 0.106648
0.626085 -0.247404
0.433138 -0.0293165
0.206489 0.505371
0.205915 0.513225
0.249317 0.254999
0.417801 0.133403
0.830535 -0.591281
0.841559 -0.729243
0.434483 -0.0366859
0.216442 0.427872
0.426574 0.0326112
0.0351298 0.78753
0.827276 -0.532919
0.832516 -0.615098
0.836313 -0.672514
0.422407 0.0771748
0.826995 -0.524695
0.0258131 0.82369
0.624682 -0.219576
0.43055 -0.00823876
0.841003 -0.722411
0.218524 0.413763
0.188499 0.635607
0.2037 0.529401
0.635941 -0.367955
0.0427084 0.754327
0.825777 -0.50559
0.0199484 0.84743
0.636612 -0.376951
0.824973 -0.491068
0.837559 -0.687105
0.222434 0.396228
0.831517 -0.60523
0.429855 -0.00154887
0.21731 0.422196
0.209775 0.481249
0.190417 0.623046
0.628158 -0.27573
0.449315 -0.116514
0.0582989 0.70965
0.0211754 0.841441
0.648587 -0.44971
0.219684 0.408215
0.196398 0.580589
0.210499 0.47466
0.638037 -0.391964
0.0653309 0.690311
0.197157 0.574839
0.439427 -0.0782934
0.619394 -0.135109
0.230792 0.330837
0.410361 0.230679
0.637319 -0.383689
0.0583392 0.702137
0.625297 -0.235062
0.220333 0.399237
0.621676 -0.170906
0.62785 -0.268581
0.0244345 0.828069
0.828524 -0.55673
0.423156 0.070195
0.241285 0.2882
0.0305004 0.801257
0.241922 0.282315
0.252124 0.250836
0.0721728 0.676023
0.0171238 0.861419
0.0405046 0.760898
0.623903 -0.21029
0.0394478 0.764855
0.032491 0.792051
0.638976 -0.398317
0.837064 -0.680235
0.212774 0.455612
0.24679 0.259297
0.415551 0.164541
0.619847 -0.145475
0.623144 -0.198724
0.211478 0.466572
0.632874 -0.335335
0.186324 0.647785
0.431477 -0.0171518
0.0607027 0.696739
0.625037 -0.226931
0.65008 -0.455382
0.427677 0.0193995
0.186664 0.643931
0.243099 0.274441
0.824528 -0.48232
0.646589 -0.444329
0.1899 0.631759
0.245213 0.263516
0.829042 -0.562787
0.620367 -0.157381
0.428922 0.00683819
0.635156 -0.361118
0.621183 -0.164832
0.0750455 0.673222
0.825441 -0.498964
0.643206 -0.429966
0.0623253 0.693556
0.41507 0.169844
0.82828 -0.546767
0.831498 -0.598737
0.824213 -0.47606
0.82771 -0.542403
0.451345 -0.119275
0.419423 0.113009
0.432343 -0.0213979
0.634998 -0.353646
0.427055 0.025701
0.244243 0.270501
0.0459598 0.740346
0.428428 0.0118323
0.0486566 0.731169
0.0435792 0.748557
0.229385 0.342335
0.628648 -0.285289
0.633335 -0.34283
0.0140353 0.875795
0.44387 -0.0959362
0.048104 0.735191
0.0159549 0.866587
0.0781302 0.672178
0.230541 0.336885
0.645134 -0.440311
0.644184 -0.434962
0.0809697 0.671074
0.629787 -0.296766
0.633796 -0.348421
0.824102 -0.467218
0.201 0.545387
0.215493 0.437805
0.412656 0.200644
0.44175 -0.0872115
0.626003 -0.242777
0.629738 -0.287465
0.630176 -0.300835
0.441027 -0.0821071
0.21276 0.462392
0.832924 -0.62714
0.200503 0.549688
0.0315808 0.797346
0.412908 0.19605
0.0148501 0.87146
0.214971 0.438938
0.0448978 0.743787
0.623704 -0.204302
0.442215 -0.0936425
0.620078 -0.150713
0.202088 0.538783
0.83291 -0.621512
0.202537 0.535597
