356484 530.074
0.85147 -0.769257
1.4868e-09 1.0044
0.415137 0.207953
0.823338 -0.45535
0.257514 0.246933
0.652228 -0.454542
0.618485 -0.121223
0.453361 -0.120798
0.182432 0.673966
0.0823529 0.674233
0.425132 0.121795
0.830508 -0.586018
0.426999 0.0304466
0.840344 -0.702584
0.827597 -0.533242
0.834097 -0.63936
0.00400675 0.945693
0.826179 -0.511647
0.000137132 0.996564
0.435579 -0.0343771
0.417768 0.160497
0.0106302 0.90324
0.833838 -0.639138
0.429699 0.00660979
0.00532787 0.934663
0.417816 0.148538
0.437698 -0.0434032
0.439996 -0.0781106
0.0208825 0.850532
0.0157558 0.894134
0.446959 -0.0963662
0.841004 -0.718457
0.026519 0.825317
0.452119 -0.116849
0.846948 -0.759367
0.844781 -0.739561
0.429295 0.0127253
0.842973 -0.737338
0.0198168 0.858086
0.0168346 0.872137
0.0287617 0.813694
0.826517 -0.516292
0.04701 0.745597
0.0443004 0.754645
0.441899 -0.0868984
0.0168719 0.870898
0.444412 -0.0893007
0.0333767 0.796945
0.0353368 0.79022
0.848872 -0.767396
0.0308583 0.807623
0.0268701 0.823995
0.0359127 0.782791
0.0313996 0.801836
0.249726 0.256322
0.214978 0.445606
0.0612957 0.702913
0.63843 -0.389313
0.20385 0.53124
0.0502708 0.733306
0.222375 0.390576
0.62461 -0.220569
0.221858 0.396434
0.618922 -0.127312
0.183751 0.669073
0.648744 -0.448705
0.226405 0.363812
0.215842 0.439931
0.248137 0.261032
0.217061 0.429804
0.630619 -0.305794
0.213702 0.45585
0.205687 0.517513
0.626686 -0.253807
0.254948 0.248493
0.188886 0.635201
0.209725 0.485729
0.186888 0.649989
0.642612 -0.421897
0.18769 0.645119
0.219122 0.414339
0.619282 -0.133361
0.227242 0.358267
0.641858 -0.416745
0.037657 0.778987
0.636736 -0.374588
0.625719 -0.23836
0.194597 0.599459
0.650214 -0.453252
0.242449 0.278843
0.209113 0.490922
0.0541306 0.7206
0.627239 -0.26066
0.241431 0.28291
0.184352 0.66425
0.217761 0.424216
0.195248 0.594172
0.620925 -0.161255
0.0686607 0.684861
0.0623536 0.697587
0.623397 -0.201291
0.619592 -0.139131
0.214094 0.451028
0.225102 0.373223
0.231679 0.33176
0.203099 0.536491
0.240388 0.287577
0.185083 0.658822
0.189996 0.629885
0.218471 0.419745
0.204761 0.525754
0.216386 0.434921
0.185858 0.654621
0.619982 -0.144823
0.193676 0.603995
0.195882 0.58914
0.646875 -0.440957
0.232317 0.32629
0.193126 0.608964
0.202397 0.541006
0.645422 -0.436991
0.206628 0.510913
0.234092 0.318211
0.197272 0.579697
0.0710559 0.682486
0.212965 0.462169
0.188382 0.63986
0.243884 0.27494
0.230943 0.336263
0.196553 0.584322
0.620532 -0.155492
0.641115 -0.411845
0.6212 -0.167074
0.251493 0.252619
0.0754203 0.67987
0.622413 -0.185943
0.634132 -0.34727
0.225738 0.368759
0.227906 0.353755
0.626167 -0.244874
0.0597857 0.706646
0.208368 0.49597
0.229885 0.340381
0.625505 -0.233151
0.223313 0.385447
0.221083 0.401722
0.636165 -0.369414
0.631864 -0.321098
0.620287 -0.150262
0.640017 -0.40314
0.63577 -0.364647
0.22844 0.348645
0.233259 0.322515
0.24543 0.266624
0.0734818 0.682451
0.634482 -0.35301
0.0434288 0.759178
0.64758 -0.445064
0.622093 -0.1807
0.219876 0.40943
0.63263 -0.33053
0.199651 0.562577
0.239453 0.291561
0.622699 -0.191605
0.244257 0.270221
0.637704 -0.383815
0.0487978 0.739024
0.0549616 0.71603
0.201797 0.546303
0.627689 -0.264757
0.0395398 0.771736
0.200185 0.557884
0.253008 0.250913
0.0677717 0.68859
0.229217 0.344703
0.623673 -0.207792
0.23495 0.313543
0.637333 -0.380089
0.246682 0.263556
0.235499 0.309889
0.238563 0.295324
0.0385578 0.775148
0.192523 0.614126
0.623029 -0.196209
0.19789 0.574637
0.0420554 0.761649
0.628919 -0.282809
0.224304 0.378643
0.632163 -0.325073
0.630183 -0.300157
0.640416 -0.407459
0.210409 0.480291
0.627879 -0.270767
0.199066 0.567107
0.631397 -0.314844
0.0658834 0.690365
0.236381 0.305322
0.631079 -0.311791
0.633687 -0.342527
0.644649 -0.433082
0.624216 -0.213945
0.639008 -0.395315
0.0527173 0.724409
0.629249 -0.287715
0.0512986 0.73008
0.643491 -0.426647
0.0481277 0.740342
0.0812302 0.676676
0.220387 0.405352
0.0586616 0.709496
0.205055 0.521078
0.237611 0.298926
0.21146 0.472535
0.200728 0.553394
0.626505 -0.248812
0.19856 0.57126
0.210867 0.47713
0.639334 -0.397903
0.629565 -0.291815
0.207905 0.500465
0.0770961 0.67777
0.621575 -0.172158
0.0788329 0.677186
0.628622 -0.277947
0.629991 -0.296083
0.621774 -0.175637
0.0404673 0.767687
0.0645149 0.696689
0.0408809 0.76499
0.201285 0.550136
0.0572838 0.715671
0.633077 -0.334744
0.212422 0.465593
0.0658418 0.695452
0.207398 0.50383
0.63513 -0.359765
0.633328 -0.338289
0.0573621 0.711774
0.190593 0.62602
0.237067 0.302374
0.212035 0.469433
0.223837 0.381635
0.644002 -0.429311
0.628326 -0.274398
0.207058 0.507863
0.191856 0.617463
0.0523732 0.727339
0.635003 -0.357141
0.624944 -0.226315
0.625018 -0.227819
