178869 580.126
0.852798 -0.770599
1.66533e-16 1.00358
0.627643 -0.18269
0.647098 -0.370482
0.453255 -0.121094
0.819639 -0.375757
0.25621 0.245551
0.409427 0.244801
0.0776541 0.675425
0.182319 0.672781
0.0670862 0.688791
0.822343 -0.432753
0.821543 -0.416966
0.192191 0.612299
0.190804 0.621997
0.829726 -0.574319
0.0282316 0.814982
0.824924 -0.485914
0.416566 0.153251
0.419848 0.110655
0.419193 0.119494
0.201654 0.544029
0.836573 -0.675212
0.418531 0.127991
0.00702142 0.920678
0.439173 -0.0730092
0.00387697 0.942355
0.417092 0.144138
0.246385 0.262869
0.443618 -0.0973639
0.421815 0.0870271
0.183666 0.665422
0.435108 -0.0443987
0.417848 0.136443
0.223073 0.383205
0.415752 0.162144
0.0300355 0.807214
0.24866 0.256998
0.0584633 0.706418
0.0560943 0.712747
0.420643 0.102295
0.824483 -0.477575
0.831721 -0.606063
0.426904 0.0307221
0.424762 0.0547542
0.252994 0.248505
0.41199 0.209991
0.43412 -0.0357104
0.825425 -0.496462
0.022318 0.840351
0.438051 -0.0646075
0.828344 -0.550063
0.212638 0.460487
0.436034 -0.0509159
0.186044 0.652316
0.83042 -0.584812
0.238015 0.29504
0.193777 0.604608
0.036791 0.780855
0.00507868 0.933218
0.849017 -0.767616
0.239579 0.287792
0.425468 0.0454499
0.206081 0.512605
0.184919 0.658945
0.414 0.183585
0.0532546 0.721309
0.218387 0.417856
0.437211 -0.0585113
0.0511615 0.728143
0.0429989 0.75512
0.429779 0.00298485
0.826534 -0.518101
0.426183 0.0394997
0.421158 0.0944819
0.187278 0.645373
0.213682 0.453058
0.221158 0.396472
0.824014 -0.468927
0.220312 0.404446
0.2511 0.253649
0.831063 -0.596305
0.828905 -0.560045
0.219297 0.410116
0.837438 -0.685193
0.822946 -0.447079
0.0266397 0.821747
0.411362 0.218436
0.225954 0.364287
0.206901 0.504609
0.222087 0.390568
0.00189149 0.962639
0.821002 -0.402044
0.210151 0.4807
0.0448489 0.748846
0.188218 0.639155
0.0205817 0.848284
0.229816 0.340488
0.196061 0.585472
0.826078 -0.508757
0.412595 0.202293
0.423573 0.0679631
0.442377 -0.0906685
0.228485 0.347571
0.244601 0.268006
0.430622 -0.00629548
0.440259 -0.07965
0.197978 0.573107
0.00575831 0.927966
0.414574 0.176109
0.195265 0.592302
0.202896 0.534529
0.205155 0.519047
0.210983 0.473253
0.216025 0.435067
0.00266767 0.954182
0.0639218 0.695267
0.844296 -0.74223
0.415153 0.169412
0.433439 -0.0291691
0.00814334 0.913233
0.197046 0.579081
0.224257 0.375954
0.00088094 0.976618
0.211826 0.467699
0.833804 -0.638556
0.450635 -0.118569
0.820494 -0.394875
0.823415 -0.456065
0.0014294 0.968822
0.821213 -0.410472
0.240651 0.282291
0.829188 -0.565731
0.209481 0.487202
0.000250979 0.989068
0.204406 0.525615
0.0387661 0.774296
0.424113 0.0613866
0.41085 0.224958
0.233307 0.318652
0.410339 0.231978
0.822608 -0.440388
0.832087 -0.613041
0.441279 -0.0853593
0.194269 0.59826
0.445313 -0.103888
0.839595 -0.707666
0.0407052 0.765379
0.208365 0.492897
0.224921 0.370755
0.842964 -0.735802
0.217438 0.42415
5.51829e-05 0.998032
0.83254 -0.61986
0.226908 0.357608
0.0416618 0.76004
0.200127 0.555793
0.834318 -0.645303
0.201141 0.550651
0.215154 0.44272
0.431175 -0.0108705
0.0615257 0.699011
0.207938 0.499212
0.409978 0.238759
0.840167 -0.713445
0.827234 -0.530527
0.23229 0.324275
0.0256264 0.826907
0.432032 -0.0181212
0.835093 -0.655778
0.835777 -0.663963
0.841345 -0.72507
0.827657 -0.537911
0.0544448 0.716999
0.230557 0.334935
0.00324041 0.948996
0.00921206 0.908866
0.00980592 0.902371
0.231478 0.329496
0.0355295 0.78592
0.846547 -0.758631
0.847632 -0.763051
0.82367 -0.4617
0.842158 -0.73152
0.820149 -0.387657
0.0476048 0.740946
0.840844 -0.719758
0.198742 0.566002
0.833362 -0.631117
0.432645 -0.0223774
0.826939 -0.524729
0.429157 0.0084713
0.845543 -0.753248
0.216966 0.430024
0.428562 0.0143269
0.0610977 0.70415
0.000485023 0.983087
0.413421 0.191764
0.189513 0.629595
0.825753 -0.502819
0.0460434 0.744391
0.844718 -0.748578
0.827956 -0.54351
0.0491782 0.736827
0.837927 -0.689768
0.42264 0.0783006
0.0310337 0.801759
0.838879 -0.700852
0.214468 0.446625
0.0106693 0.897593
0.227992 0.353496
0.0345599 0.790459
0.234471 0.313194
0.0244866 0.831914
0.0134436 0.883749
0.427622 0.0236747
0.235223 0.309345
0.199566 0.562339
0.448695 -0.114409
0.838438 -0.696667
0.0659179 0.691705
0.0181844 0.861776
0.0146029 0.879526
0.0188668 0.85668
0.0116514 0.892831
0.83308 -0.626009
0.819925 -0.381971
0.0391814 0.770128
0.0234044 0.835543
0.836106 -0.66819
0.0171917 0.866245
0.830729 -0.590662
0.0126401 0.8887
0.0497099 0.731763
0.446025 -0.107682
0.0335063 0.795021
0.236937 0.300683
0.0152968 0.874568
0.242275 0.277403
0.447705 -0.1116
0.422806 0.0755449
0.0162669 0.870634
0.189139 0.6322
0.413179 0.19558
0.236272 0.303842
0.834856 -0.651324
0.203377 0.531111
0.0201811 0.852909
0.0322813 0.798366
0.427998 0.0198827
