145493 230.02
0.85186 -0.773369
0 1
0.823334 -0.458308
0.652512 -0.458263
0.453882 -0.124218
0.618399 -0.124262
0.409314 0.242152
0.257764 0.242161
0.082997 0.669652
0.182229 0.669649
0.61935 -0.13831
0.22502 0.366425
0.620092 -0.153117
0.628429 -0.280692
0.627075 -0.258126
0.213991 0.446412
0.200741 0.547403
0.0324965 0.792185
0.625735 -0.242784
0.00755334 0.917224
0.63595 -0.369021
0.0470359 0.737271
0.199336 0.562923
0.212352 0.459388
0.227118 0.353874
0.62746 -0.267325
0.828438 -0.5539
0.0646337 0.687996
0.0224441 0.837051
0.203386 0.529212
0.444851 -0.105998
0.410086 0.232571
0.216775 0.425466
0.829071 -0.565392
0.629484 -0.291726
0.0159612 0.866354
0.207467 0.496791
0.00513317 0.931295
0.839781 -0.710694
0.0444619 0.745928
0.201666 0.540379
0.423278 0.0712263
0.41837 0.126169
0.0606515 0.696524
0.631337 -0.315559
0.00921473 0.901722
0.832147 -0.616645
0.0180894 0.856414
0.84073 -0.72169
0.20857 0.491788
0.835313 -0.660449
0.833241 -0.630328
0.049388 0.729973
0.837499 -0.686479
0.415982 0.159935
0.00365564 0.940604
0.230288 0.333115
0.23465 0.309906
0.62371 -0.212544
0.825379 -0.49792
0.420148 0.104342
0.836632 -0.677954
0.00119408 0.965534
0.431653 -0.0149301
0.205856 0.509991
0.621892 -0.18327
0.644647 -0.438451
0.42225 0.0790384
0.842848 -0.737807
0.43101 -0.00451239
0.0003424 0.98171
0.190494 0.624979
0.421365 0.0888163
0.42811 0.0185524
0.826847 -0.526756
0.843994 -0.746719
0.845118 -0.754032
0.636674 -0.378417
0.841754 -0.729872
0.0237867 0.829606
0.417441 0.138221
0.232782 0.319015
0.439545 -0.0789139
0.0426869 0.75193
0.829596 -0.575523
0.835962 -0.667839
0.43618 -0.0560488
0.622475 -0.192699
0.643497 -0.43073
0.00258108 0.953852
0.629914 -0.301596
0.223523 0.376753
0.194747 0.590702
0.438445 -0.0709466
0.0753231 0.672865
0.0351479 0.781518
0.428822 0.00883936
0.438173 -0.0619166
0.638413 -0.394223
0.0117707 0.887255
0.0202211 0.847211
0.196821 0.575987
0.0408653 0.758772
0.0698053 0.679383
0.441027 -0.0859115
0.637494 -0.386636
0.0667562 0.684158
0.231902 0.324536
0.204247 0.520986
0.827996 -0.542469
0.0595405 0.700936
0.0796745 0.671766
0.237642 0.297613
0.0260378 0.824118
0.027283 0.817712
0.245417 0.261949
0.00597359 0.921615
0.18669 0.643958
0.196062 0.58313
0.847007 -0.761361
0.000173078 0.991752
0.830114 -0.583547
0.219747 0.405252
0.229079 0.34092
0.435123 -0.0480283
0.624486 -0.22286
0.826482 -0.517767
0.443168 -0.0986772
0.028698 0.810507
0.646573 -0.445903
0.449511 -0.116478
0.235769 0.303041
0.448045 -0.113035
0.416719 0.14806
0.632095 -0.329754
0.21008 0.478962
0.198524 0.568766
0.620762 -0.164684
0.188661 0.631581
0.838246 -0.697085
0.827405 -0.536836
0.420725 0.0968972
0.0723332 0.676286
0.000831996 0.972037
0.191098 0.6156
0.429471 0.00170852
0.427016 0.0260811
0.192097 0.610386
0.833616 -0.636242
0.0307503 0.799455
0.185642 0.652127
0.240929 0.278945
0.640473 -0.410792
0.650058 -0.455104
0.0536207 0.715207
0.183981 0.665792
0.442463 -0.0922929
0.218489 0.41279
0.184877 0.657887
0.634815 -0.35482
0.228064 0.34737
0.211566 0.467001
0.630526 -0.309504
0.244018 0.266818
0.247677 0.255316
0.0395083 0.764797
0.838695 -0.702157
0.834744 -0.647352
0.425965 0.0374367
0.634937 -0.355661
0.0565816 0.707258
0.187983 0.637955
0.647875 -0.450374
0.633213 -0.342158
0.641735 -0.418255
0.0520606 0.725124
0.415154 0.167262
0.434294 -0.0411256
0.239047 0.290692
0.217743 0.418262
0.642618 -0.422673
0.823781 -0.467031
0.419148 0.115581
0.239379 0.284972
0.621313 -0.173509
0.625239 -0.235175
0.193633 0.602999
0.220508 0.398051
0.002988 0.949271
0.831286 -0.603193
0.215297 0.437478
0.0103293 0.895157
0.0299433 0.804579
0.831728 -0.610168
0.425116 0.0469171
0.41104 0.221276
0.0130063 0.881187
0.0145777 0.872961
0.423998 0.0590834
0.824391 -0.476024
0.221303 0.392975
0.411757 0.209666
0.193754 0.598221
0.830702 -0.592178
0.222107 0.386649
0.849855 -0.768689
0.205194 0.513687
0.632392 -0.331732
0.037163 0.77305
0.0559566 0.709973
0.413361 0.189082
0.624778 -0.229124
0.019444 0.850301
0.426887 0.0339053
0.834301 -0.645835
0.639324 -0.402421
0.424786 0.0499036
0.847973 -0.76711
0.248918 0.252328
0.0533973 0.722007
0.0385018 0.770707
0.825777 -0.506704
0.411046 0.219743
0.432197 -0.0237163
0.623358 -0.203058
0.824818 -0.486667
0.255144 0.243261
0.222798 0.381709
0.210573 0.472623
0.0365811 0.780895
0.826134 -0.509464
0.831037 -0.596162
0.419007 0.117933
0.623155 -0.200677
0.633127 -0.341932
0.412889 0.197589
0.41437 0.17661
0.250784 0.24853
0.411964 0.206935
0.215238 0.437703
0.824802 -0.486118
0.433932 -0.0342365
0.0140512 0.877189
0.4174 0.144502
0.412624 0.199572
0.414617 0.173378
0.433274 -0.0317432
0.424504 0.0589986
0.639561 -0.405192
0.432744 -0.0257383
