163624 410.058
0.8517 -0.771087
3.07486e-07 1.01305
0.823375 -0.456465
0.652661 -0.455987
0.453363 -0.122062
0.618451 -0.122087
0.409368 0.244258
0.257316 0.244612
0.0813395 0.672693
0.182261 0.672664
0.0476827 0.741285
0.00480246 0.93521
0.216183 0.434667
0.22662 0.36039
0.234397 0.318685
0.626184 -0.243264
0.224876 0.372401
0.236382 0.303114
0.190767 0.622333
0.419761 0.11417
0.442839 -0.0929498
0.624887 -0.226133
0.202025 0.545402
0.200257 0.558746
0.0514334 0.730347
0.0191881 0.85577
0.189088 0.634294
0.00655038 0.923422
0.837868 -0.688859
0.42615 0.0395218
0.017378 0.867397
0.218192 0.419789
0.417352 0.143081
0.845322 -0.751381
0.831924 -0.609789
0.847734 -0.760403
0.213718 0.453361
0.0340942 0.789278
0.223579 0.38152
0.237838 0.298416
0.450254 -0.116334
0.429217 0.0085064
0.186506 0.650163
0.629316 -0.288315
0.427402 0.0259716
0.832863 -0.619921
0.842798 -0.734365
0.624026 -0.213474
0.633674 -0.344871
0.440734 -0.0810297
0.844635 -0.743273
0.833852 -0.639332
0.632866 -0.335085
0.222216 0.389839
0.0208461 0.848906
0.619346 -0.133873
0.00369208 0.947583
0.0386418 0.771978
0.82722 -0.523029
0.230903 0.335326
0.627066 -0.26006
0.229019 0.345533
0.833502 -0.628919
0.0421793 0.759652
0.206341 0.510739
0.432203 -0.015686
0.188193 0.642312
0.0137808 0.884627
0.840213 -0.712825
0.825524 -0.49686
0.629905 -0.297645
0.00126193 0.970289
0.834628 -0.648862
0.00215012 0.959924
0.192016 0.613529
0.418322 0.128814
0.424456 0.0601091
0.247666 0.262274
0.646503 -0.443707
0.825058 -0.488224
0.412969 0.203091
0.0668192 0.687832
0.628548 -0.277667
0.423418 0.0689339
0.212391 0.462436
0.228951 0.352754
0.19666 0.580901
0.040498 0.765573
0.838829 -0.698894
0.830405 -0.585989
0.0224861 0.840629
0.448262 -0.109787
0.0539398 0.718858
0.202867 0.537753
6.02605e-05 0.998515
0.824483 -0.478823
0.623994 -0.198937
0.0772682 0.675123
0.0250891 0.829898
0.413621 0.192979
0.207418 0.501582
0.42174 0.091272
0.849321 -0.76635
0.0266093 0.821947
0.203696 0.529293
0.0100842 0.903323
0.630522 -0.306554
0.835787 -0.663621
0.239709 0.287076
0.626715 -0.249848
0.826983 -0.509734
0.836835 -0.677819
0.208266 0.495591
0.183551 0.666837
0.244869 0.268351
0.0450247 0.753687
0.414461 0.178363
0.0454604 0.748216
0.193582 0.607633
0.0279429 0.816914
0.00767712 0.91594
0.4331 -0.0245523
0.438981 -0.0691372
0.437924 -0.063087
0.195222 0.593735
0.641687 -0.41641
0.00878798 0.910238
0.418901 0.125747
0.631124 -0.31398
0.412157 0.210057
0.000459309 0.985383
0.03239 0.796717
0.841295 -0.722261
0.831391 -0.59963
0.060736 0.701101
0.835304 -0.656891
0.0124724 0.894352
0.636737 -0.376902
0.620538 -0.156114
0.41524 0.170591
0.422488 0.0830489
0.0763222 0.681554
0.839337 -0.705513
0.645413 -0.435984
0.411452 0.222294
0.829842 -0.577194
0.000874257 0.977868
0.828379 -0.550802
0.827331 -0.530623
0.622301 -0.181602
0.0519032 0.72401
0.415772 0.164131
0.232928 0.323639
0.0591785 0.704311
0.836608 -0.673016
0.413951 0.185912
0.242104 0.278007
0.634548 -0.353947
0.0315524 0.801299
0.0243657 0.83661
0.0155957 0.872653
0.62231 -0.186505
0.42286 0.0767196
0.434234 -0.0371299
0.619838 -0.144742
0.622856 -0.196516
0.826138 -0.506786
0.231705 0.329558
0.632134 -0.325827
0.0152086 0.879032
0.43091 -0.00780064
0.823981 -0.465996
0.648619 -0.449603
0.831098 -0.594264
0.0692888 0.685888
0.829589 -0.570915
0.00305917 0.953456
0.44013 -0.0762532
0.42516 0.05207
0.05597 0.712898
0.194253 0.600276
0.829117 -0.563107
0.244297 0.273567
0.211044 0.474295
0.444348 -0.10006
0.0366038 0.782409
0.205372 0.518652
0.0573212 0.710421
0.064263 0.695435
0.841698 -0.727002
0.410648 0.232635
0.621454 -0.171557
0.436837 -0.0558922
0.43353 -0.0307441
0.643326 -0.426556
0.640506 -0.406858
0.649889 -0.452342
0.428602 0.0184146
0.0374054 0.780843
0.219359 0.41116
0.430296 -0.000986538
0.635655 -0.356976
0.211611 0.468889
0.210106 0.481136
0.425497 0.0467462
0.624786 -0.219701
0.420693 0.102644
0.24904 0.256707
0.22195 0.400234
0.635706 -0.366202
0.204615 0.522453
0.620928 -0.163577
0.0109886 0.895917
0.000142008 0.993755
0.631705 -0.321718
0.638877 -0.394279
0.824224 -0.470421
0.828754 -0.55721
0.257205 0.248909
0.215152 0.445066
0.644333 -0.431425
0.41673 0.149505
0.411585 0.217786
0.618704 -0.125209
0.642222 -0.420933
0.436411 -0.0511393
0.828166 -0.541689
0.198885 0.568396
0.0298267 0.810808
0.19767 0.575853
0.0300592 0.808076
0.639507 -0.396762
0.220831 0.405466
0.0635599 0.696287
0.627812 -0.269119
0.18537 0.659322
0.636544 -0.369289
0.250964 0.254818
0.620394 -0.147698
0.446027 -0.105534
0.82768 -0.538809
0.637879 -0.386231
0.420783 0.0986001
0.215531 0.443319
0.199145 0.565488
0.209267 0.48705
0.63993 -0.40518
0.252866 0.249138
0.637557 -0.384232
0.185353 0.660738
