245850 90.0016
0.842218 -0.599929
1.48435e-09 1.77619
2.66556e-08 1.29415
0.417221 0.299561
0.82688 -0.411153
0.834 -0.494837
0.192144 0.770029
0.43 0.122418
0.0136524 1.06484
0.640094 -0.272055
0.218534 0.557953
2.01765e-07 1.20601
0.421329 0.230451
0.217392 0.613104
0.638789 -0.246587
0.638793 -0.261297
0.832138 -0.489743
5.1621e-08 1.23478
0.627947 -0.131092
1.6931e-09 1.41694
0.435588 0.0602975
0.184284 0.803501
0.837611 -0.592181
0.069181 0.832756
0.850495 -0.667292
0.233435 0.472874
0.435563 0.0657587
0.233433 0.478615
8.91072e-06 1.15551
0.226101 0.503413
1.86052e-06 1.19229
0.624784 -0.0829323
0.226105 0.492833
0.226111 0.492184
0.05987 0.849174
0.434699 0.0781625
2.2648e-06 1.17129
7.01424e-07 1.19967
0.620746 -0.0715991
2.57454e-09 1.34341
0.414009 0.309994
0.620736 -0.0602129
0.414002 0.316614
0.038081 0.955255
0.0380819 0.946595
0.0380885 0.934193
0.0380836 0.939895
0.258426 0.359864
0.0380789 0.966528
0.834041 -0.499416
0.834033 -0.495977
0.0207367 1.00045
0.245303 0.404183
0.21701 0.613889
0.652467 -0.340825
0.221532 0.536214
0.630918 -0.189626
0.846673 -0.650067
0.221526 0.550086
0.0065079 1.10393
0.20826 0.620839
0.20824 0.630313
0.843735 -0.635654
0.433902 0.0849249
1.56507e-08 1.30714
0.830224 -0.46978
0.0207014 1.02564
0.195785 0.759024
0.0206934 1.03169
0.208219 0.633601
0.844676 -0.647204
0.831905 -0.469783
0.0899831 0.822527
0.625668 -0.0852357
0.640969 -0.29612
0.640933 -0.288767
0.0173103 1.04023
0.203715 0.655815
0.62573 -0.130717
0.432053 0.0982802
0.203683 0.657398
0.418412 0.241169
0.418412 0.292805
0.618009 -0.0155736
0.642484 -0.323229
0.432043 0.109592
1.09809e-05 1.15281
0.458733 -0.0108842
0.0192181 1.03712
0.827116 -0.434856
0.83692 -0.581061
0.853512 -0.676442
0.836895 -0.564356
0.45871 0.00873979
1.21143e-08 1.32801
0.236792 0.412013
0.421545 0.21098
0.426495 0.159369
0.0108783 1.07247
0.655189 -0.36471
0.447834 0.00971874
4.85491e-08 1.25574
0.20103 0.661791
0.236776 0.457882
3.17923e-06 1.15836
0.632657 -0.238921
0.201026 0.687944
0.628782 -0.185932
0.439875 0.0350931
0.421524 0.218795
0.045996 0.866723
0.201023 0.688794
0.223543 0.511978
0.632649 -0.220859
0.632647 -0.207433
0.835591 -0.560443
0.458725 0.00168024
0.0402767 0.885771
0.20103 0.660447
0.196535 0.746436
