152191 410.044
0.851848 -0.773369
0 1
0.823341 -0.458335
0.652528 -0.458263
0.618399 -0.124247
0.453867 -0.124218
0.257763 0.242161
0.409317 0.242139
0.182231 0.669641
0.0829957 0.669652
0.62881 -0.287517
0.629893 -0.300993
0.624301 -0.218496
0.835089 -0.658601
0.632458 -0.333303
0.631025 -0.315711
0.620346 -0.155695
0.413122 0.192195
0.627806 -0.271882
0.633829 -0.347263
0.639305 -0.400904
0.00873738 0.905509
0.623228 -0.202838
0.834178 -0.645773
0.0291787 0.809082
0.060413 0.699485
0.42254 0.07554
0.240423 0.283623
0.0626686 0.69283
0.00658589 0.917819
0.0724112 0.67578
0.440635 -0.0847215
0.0312475 0.798035
0.0423697 0.753077
0.242241 0.274916
0.619221 -0.136333
0.0403167 0.761099
0.641455 -0.418503
0.420904 0.0942626
0.0240744 0.832535
0.192496 0.611634
0.833165 -0.627889
0.000895698 0.970605
0.423464 0.0650591
0.832265 -0.616138
0.445747 -0.109415
0.20489 0.516002
0.188684 0.633023
0.196789 0.576207
0.840066 -0.715917
0.442381 -0.0941415
0.443859 -0.100312
0.0657916 0.686367
0.421674 0.0860591
0.64053 -0.409155
0.450534 -0.121222
0.238107 0.290851
0.00158857 0.960088
0.62506 -0.229895
0.448028 -0.114472
0.619709 -0.145126
0.417968 0.132963
0.848707 -0.768798
0.198002 0.567563
0.0149551 0.874728
0.636446 -0.377215
0.012814 0.881795
0.0384993 0.76852
0.417045 0.142299
0.41996 0.105816
0.830035 -0.581405
0.183692 0.662227
0.829422 -0.571857
0.0521563 0.71978
0.23694 0.298245
0.631914 -0.323871
0.0507299 0.725237
0.829042 -0.562595
0.626564 -0.254799
0.221767 0.391616
0.412373 0.201676
0.000161985 0.987934
0.0351691 0.781596
0.0568929 0.70596
0.642852 -0.427663
0.426003 0.0372639
0.189599 0.625428
0.83178 -0.607933
0.036747 0.774947
0.826746 -0.52499
0.83351 -0.636528
0.831141 -0.598364
0.635493 -0.367774
0.246896 0.257968
0.191331 0.618328
0.20152 0.541481
0.841322 -0.726555
0.627196 -0.264264
0.637833 -0.388693
0.825547 -0.502143
0.43931 -0.0766106
0.82404 -0.469689
0.0224705 0.843055
0.824489 -0.480689
0.00411274 0.936424
0.0201394 0.852722
0.83054 -0.590561
0.414217 0.178872
0.625951 -0.246504
0.208839 0.489936
0.0443417 0.745782
0.235115 0.30535
0.00303454 0.944721
0.835964 -0.669941
0.0457419 0.741004
0.622782 -0.196079
0.000420215 0.980582
0.844178 -0.745812
0.219819 0.403662
0.22809 0.346828
0.0763908 0.672006
0.206163 0.506784
0.0178072 0.858328
0.214432 0.443555
0.218631 0.413531
0.193643 0.600159
0.625402 -0.238029
0.00233279 0.951769
0.187211 0.643142
0.225452 0.36758
0.411828 0.209806
0.217027 0.423507
0.210605 0.475485
0.253693 0.24436
0.209415 0.482411
0.828335 -0.553748
0.428087 0.0153685
0.643854 -0.43378
0.646515 -0.445703
0.415462 0.166092
0.0250049 0.825275
0.621078 -0.169214
0.828288 -0.546194
0.847038 -0.761875
0.645257 -0.440394
0.203979 0.525034
0.429429 0.00213603
0.199708 0.560833
0.43443 -0.0393973
0.415921 0.156939
0.837474 -0.68846
0.0545775 0.712468
0.437623 -0.0659302
0.416346 0.150654
0.838413 -0.697954
0.226627 0.357376
0.213045 0.456439
0.230254 0.334558
0.436772 -0.0561663
0.216292 0.432981
0.229356 0.340163
0.826018 -0.511232
0.621832 -0.18158
0.424269 0.0562578
0.252183 0.248687
0.0271699 0.814824
0.00973675 0.898393
0.431443 -0.0157484
0.622193 -0.186118
0.425523 0.0457886
0.00505455 0.929571
0.224576 0.371322
0.435308 -0.0469623
0.82525 -0.493217
0.433429 -0.0335843
0.0336231 0.788733
0.0788326 0.670585
0.220709 0.399223
0.428855 0.010013
0.200346 0.55031
0.839356 -0.708285
0.836385 -0.674935
0.243884 0.267217
0.195914 0.585707
0.23307 0.316687
0.837287 -0.683069
0.213951 0.452443
0.207414 0.497377
0.0115145 0.888864
0.223327 0.379404
0.234306 0.311848
0.410323 0.230027
0.244672 0.264114
0.427308 0.0247455
0.22307 0.383816
0.634553 -0.355257
0.843069 -0.736321
0.212213 0.465777
0.231863 0.328446
0.826486 -0.516926
0.426839 0.0282849
0.069375 0.681481
0.648339 -0.451632
0.202619 0.535225
0.846727 -0.755441
0.0263453 0.819725
0.00635763 0.92477
0.845083 -0.750961
0.0483749 0.732406
0.827389 -0.53504
0.418688 0.124045
0.0207946 0.845213
0.635062 -0.360146
0.215616 0.437413
0.410861 0.221831
0.649367 -0.454965
0.637321 -0.38537
0.0160213 0.867036
0.232261 0.323394
0.0325187 0.792202
0.409835 0.235218
0.438375 -0.0698137
0.430224 -0.00454032
0.824977 -0.487115
0.0477745 0.734002
0.411176 0.217387
0.419441 0.112255
0.621368 -0.171099
0.430864 -0.00904972
0.227365 0.354603
0.186311 0.646359
0.217833 0.418013
0.0113932 0.894508
0.425058 0.0517028
0.211187 0.467925
0.827497 -0.53798
0.203225 0.529962
0.185366 0.655175
0.823946 -0.462293
0.0166611 0.864005
0.0681514 0.682111
0.839014 -0.702219
0.436054 -0.0522659
0.207099 0.50206
0.19989 0.554103
0.414683 0.171966
0.194599 0.59754
0.43329 -0.0256164
0.0559899 0.710565
0.250353 0.253981
