749474 270.006
0.195329 0.717885
0.213105 0.579563
0.638565 -0.295863
0.213074 0.583519
0.022502 0.962981
0.213021 0.59342
0.839861 -0.631111
0.640448 -0.325121
0.244652 0.377883
0.0751602 0.800055
0.640407 -0.315021
0.640405 -0.30987
0.834959 -0.591145
0.245979 0.371778
0.432293 0.083758
0.0438494 0.861155
0.621262 -0.063256
0.0659025 0.809074
0.244023 0.380136
0.847211 -0.656503
3.6946e-07 1.11584
0.633424 -0.264305
0.431893 0.0958934
0.204793 0.610625
0.0415845 0.863377
0.441178 0.00227698
0.840295 -0.654906
0.625874 -0.178963
0.625866 -0.174303
0.424112 0.150664
0.840117 -0.63279
0.0115029 1.03304
0.633351 -0.26204
0.424112 0.137419
0.0369665 0.893904
0.42217 0.173019
0.411542 0.31085
0.848844 -0.694473
0.642797 -0.355691
0.097269 0.786781
0.247381 0.346922
0.831855 -0.543348
0.017265 0.976379
0.204678 0.611855
0.830745 -0.515509
0.0603783 0.821073
0.632858 -0.237442
0.437969 0.0248908
0.849142 -0.702934
0.22252 0.498627
0.222539 0.477215
0.243129 0.385702
0.00910629 1.04995
0.0603653 0.836527
0.0201393 0.975116
0.243051 0.386946
0.422137 0.188829
0.629707 -0.218917
0.621398 -0.0815506
0.215599 0.5263
0.63535 -0.266
0.0166708 1.00309
0.42203 0.192165
0.078128 0.793772
0.0781334 0.788345
0.0166553 1.01279
0.422021 0.200859
0.0166494 1.01721
0.0063568 1.06512
0.63134 -0.228418
0.42343 0.162202
0.416525 0.263885
1.47059e-07 1.15995
0.826411 -0.425026
0.82637 -0.411942
0.623032 -0.0994671
0.826363 -0.40946
0.825666 -0.407926
0.838915 -0.615338
0.838889 -0.615308
0.190244 0.760054
0.827443 -0.435413
0.829237 -0.46243
0.619302 -0.0405345
0.632496 -0.233617
0.201822 0.655803
0.230854 0.439592
0.246342 0.370581
0.20097 0.663584
2.50616e-09 1.1719
0.184933 0.776667
0.220346 0.505202
0.220309 0.50849
0.0413264 0.886749
0.637122 -0.286483
0.0413323 0.882339
0.449772 -0.0383823
0.0501328 0.855181
0.237925 0.392289
0.649337 -0.36764
0.0369387 0.911637
0.0369435 0.909004
0.637088 -0.285034
0.648657 -0.365976
0.418957 0.208131
0.63707 -0.280871
0.82459 -0.397213
0.82457 -0.389822
0.847901 -0.69005
0.621646 -0.0903042
0.621628 -0.0819733
0.212055 0.596152
0.212038 0.602587
0.193488 0.724395
0.193435 0.73952
0.636273 -0.279033
0.193449 0.731086
0.635988 -0.277948
0.829805 -0.502305
0.629001 -0.211259
0.00385234 1.08269
0.246667 0.358802
0.223664 0.475947
0.829715 -0.490566
0.831691 -0.5201
0.012138 1.02099
0.217845 0.525589
0.416144 0.274423
0.21512 0.559872
0.424615 0.129857
0.228718 0.446816
0.424607 0.137357
0.442358 -0.00271066
0.180902 0.783129
0.637477 -0.293807
0.625646 -0.143697
0.625643 -0.13729
0.0413002 0.893833
0.439287 0.0100659
0.637475 -0.288704
0.827924 -0.452952
0.428709 0.101934
0.203593 0.629912
0.625586 -0.132366
0.625586 -0.129095
0.410855 0.333216
0.187581 0.76662
0.651867 -0.376464
0.41086 0.319766
0.233592 0.413199
0.00273513 1.09884
0.209158 0.604184
0.414378 0.29144
0.0275449 0.932917
0.198486 0.669969
0.433022 0.0632457
0.833331 -0.564148
0.0274874 0.94744
8.83515e-11 1.30467
0.84406 -0.655996
0.00804362 1.05559
0.420689 0.202073
0.839535 -0.62172
0.62354 -0.107917
0.0516619 0.837776
0.417774 0.213502
0.623545 -0.128239
0.443559 -0.0198986
0.417762 0.236971
0.653747 -0.389215
0.443523 -0.0140812
0.0239663 0.95554
0.227524 0.458161
0.848176 -0.691388
0.218481 0.511606
0.417757 0.239992
0.827528 -0.449857
0.417743 0.241101
0.640915 -0.341648
0.835182 -0.605041
0.433822 0.0512847
0.433812 0.0570779
