146493 460.068
0.851795 -0.770994
6.55289e-08 1.03118
0.823366 -0.456006
0.652625 -0.45598
0.453228 -0.121803
0.618412 -0.12191
0.409413 0.244152
0.257672 0.244166
0.084547 0.672155
0.182459 0.672083
1.01337e-07 1.00455
0.219091 0.414564
0.636976 -0.379176
0.22103 0.399786
0.445388 -0.103503
0.638957 -0.395251
0.0556845 0.715408
0.0108511 0.897427
0.24081 0.282456
0.187004 0.648044
0.0516789 0.726411
0.838901 -0.700551
0.419768 0.111781
0.442625 -0.0916252
0.189265 0.634775
0.251298 0.254427
0.415255 0.169917
0.206696 0.50768
0.410596 0.23178
0.620196 -0.150397
0.417765 0.136891
0.00865901 0.909353
0.424461 0.0573099
0.636141 -0.368093
0.021974 0.84342
0.837703 -0.686206
0.448701 -0.108144
0.436623 -0.0566171
0.626785 -0.253998
0.00301871 0.949882
0.41679 0.150054
0.619432 -0.13854
0.254683 0.246622
0.0162993 0.869712
0.823944 -0.465959
0.243669 0.271737
0.431599 -0.0144822
0.625917 -0.243514
0.450099 -0.118041
0.435422 -0.0466681
0.623156 -0.199023
0.620792 -0.160929
0.621424 -0.170759
0.193767 0.603189
0.196514 0.584328
0.830023 -0.569788
0.832639 -0.6198
0.231393 0.330971
0.000446396 0.989098
0.205324 0.519259
0.423977 0.0725257
0.831958 -0.610341
0.226629 0.360496
0.0378108 0.775647
0.217554 0.426368
0.210436 0.479742
0.841778 -0.726526
0.64768 -0.446422
0.0126609 0.888701
0.0491401 0.734812
0.0362635 0.784317
0.824632 -0.476953
0.00106553 0.973332
0.840836 -0.71599
0.0461396 0.744778
0.0179062 0.862689
0.191505 0.619174
0.830222 -0.582141
0.836349 -0.670694
0.430701 -0.00438629
0.19223 0.611407
0.630909 -0.310664
0.634951 -0.358762
0.239735 0.292467
0.632361 -0.327888
0.826209 -0.510725
0.630306 -0.301744
0.190101 0.627985
0.631729 -0.3194
0.643333 -0.428231
0.622565 -0.188407
0.203124 0.533412
0.209321 0.488321
0.622054 -0.181145
0.642284 -0.419673
0.414188 0.184331
0.0806597 0.673908
0.214719 0.447828
0.00562057 0.930246
0.198153 0.572868
0.84 -0.709165
0.419247 0.123956
0.00801114 0.916556
0.0283592 0.815845
0.843551 -0.739921
0.62557 -0.233148
0.201112 0.551361
0.428295 0.0170623
0.649611 -0.452223
0.248068 0.259154
0.0267823 0.820334
0.422049 0.0843949
0.225233 0.369212
0.439573 -0.074267
0.184747 0.660929
0.829059 -0.562004
0.83068 -0.589471
0.204308 0.525001
0.834558 -0.646894
0.619103 -0.12896
0.00688317 0.924987
0.234424 0.314188
0.62762 -0.264295
0.227767 0.352722
0.844792 -0.74864
0.837226 -0.679579
0.0256266 0.829015
0.0391925 0.768707
0.834076 -0.640894
0.236012 0.306257
0.826796 -0.521062
0.0610492 0.701094
0.64583 -0.43872
0.412115 0.210426
0.0431426 0.755972
0.434577 -0.037795
0.429171 0.00826927
0.0145896 0.87932
0.185474 0.654895
0.222019 0.390866
0.0330211 0.794754
0.0451799 0.747543
0.64118 -0.412796
0.0020139 0.961896
0.83533 -0.657045
0.633338 -0.336446
0.0346733 0.790416
0.0203063 0.850896
0.0312822 0.800847
0.842518 -0.734121
0.411235 0.22185
0.000687194 0.983599
0.421623 0.0924262
0.0195053 0.855396
0.19514 0.594772
0.413127 0.196818
0.21344 0.454616
0.624723 -0.221457
0.0646149 0.692621
0.849698 -0.766616
0.212724 0.460345
0.848026 -0.762447
0.825511 -0.497094
0.418714 0.12895
0.0625876 0.696384
0.059143 0.707044
0.183113 0.668779
0.0409229 0.764002
0.422811 0.0759977
0.827886 -0.540945
0.429743 0.00236392
0.0716284 0.681612
0.228953 0.346763
0.835684 -0.661934
0.629521 -0.293163
0.827566 -0.535196
0.644917 -0.434331
0.233 0.322974
0.827093 -0.526844
0.412659 0.201119
0.207973 0.498652
0.0572598 0.709089
0.224777 0.375476
0.198588 0.569169
0.628349 -0.27532
0.433824 -0.0322773
0.00445577 0.939453
0.420926 0.100475
0.246805 0.263915
0.211331 0.47088
0.825758 -0.50281
0.44159 -0.0848353
0.0240797 0.834277
0.237966 0.296919
0.440628 -0.0808022
0.628885 -0.283626
0.413949 0.187103
0.223844 0.381801
0.415837 0.161594
0.623724 -0.209062
0.624086 -0.211607
0.828349 -0.549456
0.245899 0.269752
0.427291 0.0287549
0.215745 0.439888
0.432578 -0.0238857
0.0751776 0.678542
0.828809 -0.55348
0.639809 -0.402337
0.0679668 0.691244
0.427534 0.0238825
0.0503276 0.732212
0.438097 -0.0654887
0.0309142 0.809739
0.202555 0.541476
0.229892 0.338843
0.416498 0.157968
0.427232 0.0375939
0.625073 -0.226058
0.212457 0.468874
0.237144 0.301892
0.00397883 0.942081
0.0140102 0.882615
0.00181692 0.964771
0.846957 -0.756125
0.640301 -0.406366
0.195421 0.589842
0.411813 0.217263
0.208383 0.495514
0.216582 0.430951
0.633665 -0.342465
0.825233 -0.487761
0.831414 -0.600472
0.833373 -0.629917
0.20172 0.544192
0.222845 0.38601
0.0423173 0.75935
0.634313 -0.35132
0.0769637 0.67589
0.628037 -0.27005
0.83134 -0.598612
0.83366 -0.630582
0.199535 0.560349
0.199901 0.559512
0.0683078 0.686616
0.42514 0.0501498
0.824914 -0.485299
0.846294 -0.752693
0.0704161 0.684313
0.438355 -0.0667208
