33661 90.0096
0.85184 -0.773368
0 1
0.823339 -0.458356
0.65252 -0.458263
0.618402 -0.124302
0.453884 -0.124218
0.409319 0.242092
0.25772 0.242161
0.182233 0.669631
0.0830494 0.669652
0.443119 -0.0981952
0.194979 0.59121
0.629981 -0.303102
0.0396623 0.767611
0.0460918 0.739816
0.200488 0.549582
0.234856 0.307019
0.842405 -0.732667
0.420375 0.103204
0.197414 0.576316
0.0362504 0.777119
0.198988 0.564483
0.0528383 0.717631
0.62412 -0.218385
0.827983 -0.547526
0.421345 0.0901586
0.0443915 0.750659
0.623278 -0.203803
0.832568 -0.617809
0.828869 -0.561931
0.441055 -0.0849092
0.619369 -0.140042
0.0632142 0.692096
0.00167146 0.959825
0.639953 -0.408149
0.42826 0.0168684
0.410292 0.23105
0.426741 0.0290736
0.00265956 0.950339
0.645617 -0.440255
0.0778838 0.673415
0.0273512 0.816031
0.840788 -0.722217
0.445063 -0.106253
0.00107632 0.971403
0.620689 -0.162245
0.219968 0.401903
0.0500314 0.726395
0.632278 -0.331903
0.432803 -0.027616
0.62637 -0.249186
0.211717 0.467851
0.0250322 0.824066
0.413227 0.190678
0.415578 0.159991
0.62685 -0.259378
0.628843 -0.287831
0.82697 -0.52893
0.0313361 0.79833
0.824357 -0.474491
0.0674037 0.682906
0.410979 0.221605
0.42911 0.00977362
0.843512 -0.743312
0.218737 0.410912
0.0487308 0.731869
0.638813 -0.397107
0.831405 -0.603067
0.221237 0.393272
0.223587 0.377605
0.033348 0.79105
0.00498399 0.929125
0.187524 0.638781
0.0573597 0.70675
0.840034 -0.714535
0.825026 -0.487895
0.213415 0.458698
0.423369 0.0672835
0.836157 -0.671409
0.20912 0.484182
0.233729 0.315863
0.237318 0.296381
0.0731138 0.675611
0.82754 -0.538529
0.000119058 0.98924
0.627713 -0.268745
0.0238617 0.831271
0.239687 0.285313
0.447267 -0.112598
0.826512 -0.518662
0.424256 0.0578878
0.253639 0.244397
0.411588 0.211904
0.414979 0.170629
0.849342 -0.770321
0.437858 -0.0622303
0.0554941 0.711264
0.417446 0.136662
0.644087 -0.431763
0.0599717 0.699287
0.0345576 0.78354
0.836841 -0.681058
0.000528132 0.980416
0.0145791 0.875316
0.204448 0.521391
0.832879 -0.625212
0.429962 -0.00143056
0.201443 0.542046
0.835412 -0.66292
0.208112 0.494809
0.424826 0.049807
0.633521 -0.344629
0.19089 0.618242
0.0177762 0.858331
0.622192 -0.186934
0.62547 -0.239586
0.186179 0.647239
0.623114 -0.194898
0.635167 -0.364333
0.634471 -0.356837
0.183778 0.66392
0.192365 0.611629
0.826021 -0.510391
0.630797 -0.312681
0.834175 -0.640646
0.621426 -0.175509
0.00629865 0.920533
0.245987 0.263182
0.207052 0.499488
0.647177 -0.449011
0.824143 -0.467742
0.833476 -0.635658
0.226513 0.35857
0.825701 -0.501531
0.213922 0.451206
0.830558 -0.591141
0.431764 -0.018638
0.23049 0.331375
0.61886 -0.13089
0.83025 -0.583207
0.247413 0.256115
0.847084 -0.762897
0.216073 0.431884
0.418244 0.128213
0.206017 0.50872
0.0087818 0.904307
0.636035 -0.372613
0.416344 0.151097
0.250864 0.248369
0.422081 0.0805958
0.202647 0.534355
0.83943 -0.703771
0.0218895 0.838155
0.435984 -0.0544246
0.0070458 0.914977
0.214651 0.443204
0.628091 -0.277478
0.433771 -0.0371799
0.620118 -0.153212
0.64291 -0.425851
0.438244 -0.0700411
0.416839 0.145435
0.203237 0.528639
0.193803 0.598406
0.43442 -0.0411908
0.435409 -0.0502668
0.217321 0.423778
0.648459 -0.452605
0.0127064 0.882408
0.624651 -0.227124
0.425787 0.0415588
0.192894 0.603506
0.232171 0.322384
0.00359654 0.940032
0.238659 0.294063
0.422663 0.0757564
0.205269 0.513114
0.0105321 0.895098
0.217657 0.418825
0.189813 0.625579
0.418631 0.121705
0.636769 -0.378196
0.641074 -0.416705
0.0209992 0.842375
0.829901 -0.574894
0.834589 -0.652043
0.413985 0.180538
0.229259 0.340429
0.412676 0.200193
0.070372 0.678514
0.829685 -0.569141
0.197696 0.570276
0.041017 0.758489
0.82516 -0.494092
0.0290973 0.809049
0.637813 -0.3844
0.249057 0.252024
0.241053 0.278452
0.631372 -0.318989
0.0417756 0.756942
0.0162728 0.865073
0.631824 -0.325424
0.638108 -0.390404
0.846092 -0.759556
0.0817075 0.669962
0.426253 0.0365411
0.430825 -0.00638706
0.224963 0.368995
0.00837193 0.907849
0.215394 0.437283
0.837475 -0.688551
0.0121735 0.886582
0.227136 0.352607
0.431053 -0.0134642
0.837941 -0.693028
0.633994 -0.34782
0.625072 -0.232662
0.652118 -0.455015
0.41247 0.204238
0.0620388 0.696469
0.838785 -0.700028
0.419477 0.112891
0.00392204 0.936894
0.184675 0.655793
0.0155023 0.868437
0.831051 -0.599396
0.225104 0.366478
0.019037 0.851592
0.21038 0.474952
0.0198215 0.84913
0.439129 -0.0763884
0.244583 0.268572
0.227988 0.347429
0.621779 -0.178444
0.641916 -0.419459
0.844882 -0.752798
0.834904 -0.654342
0.440833 -0.0778788
0.231447 0.327204
0.24175 0.274723
0.844807 -0.749498
0.24298 0.270039
0.414658 0.178508
0.0112376 0.893581
0.628677 -0.283707
0.209915 0.47755
0.188769 0.631326
0.185368 0.653453
0.449949 -0.116599
0.451646 -0.122493
