122363 380.067
0.85187 -0.773359
4.72712e-17 1.00001
0.823352 -0.458668
0.65254 -0.458251
0.453767 -0.124206
0.618398 -0.124231
0.25665 0.242341
0.409338 0.241857
0.0718431 0.67641
0.181151 0.675516
0.0579824 0.719421
0.0153084 0.896352
0.0408292 0.778079
0.0358074 0.788907
0.051698 0.735884
0.0211666 0.86392
0.0464522 0.754094
0.0322672 0.811128
0.00893805 0.903254
0.0295332 0.818459
0.0231148 0.851942
0.205111 0.514345
0.0491938 0.751263
0.207371 0.497062
0.0259354 0.834868
0.00545232 0.927382
0.217724 0.418365
0.217265 0.435954
0.23651 0.29812
0.246452 0.267406
0.223486 0.376947
0.234005 0.311252
0.229621 0.336696
0.224825 0.367766
0.239283 0.285023
0.0258217 0.838884
0.192158 0.608537
0.231183 0.327248
0.00376741 0.938238
0.199298 0.558005
0.241122 0.277188
0.184246 0.658304
0.219692 0.403908
0.226118 0.359128
0.185495 0.650972
0.242746 0.270856
0.18905 0.628987
0.193545 0.599073
0.252741 0.245489
0.228292 0.345004
0.211685 0.463961
0.635086 -0.36356
0.434328 -0.0417511
0.416666 0.1462
0.186874 0.642638
0.626172 -0.250059
0.247579 0.255631
0.642159 -0.424105
0.195391 0.586192
0.63597 -0.372651
0.198245 0.565717
0.237588 0.292847
0.210408 0.473734
0.00678109 0.916765
0.433363 -0.033787
0.220848 0.395559
0.227254 0.351668
0.218572 0.4121
0.422578 0.0747218
0.621933 -0.184035
0.444448 -0.104352
0.627647 -0.271374
0.187876 0.636428
0.203665 0.525337
0.628689 -0.285851
0.823759 -0.466929
0.622434 -0.192189
0.00738878 0.912624
0.641067 -0.41664
0.417352 0.137584
0.423314 0.0663291
0.437052 -0.0624708
0.419062 0.116444
0.202507 0.534253
0.200513 0.549018
0.415504 0.160946
0.619274 -0.139398
0.84363 -0.745271
0.414822 0.169699
0.182772 0.666671
0.624673 -0.227498
0.440604 -0.0853078
0.438055 -0.0694082
0.6344 -0.3562
0.620143 -0.154239
0.431794 -0.0201641
0.826355 -0.517687
0.837379 -0.687483
0.430949 -0.012486
0.213424 0.450706
0.831852 -0.612327
0.196505 0.578275
0.435295 -0.0494089
0.827183 -0.533085
0.442894 -0.0973896
0.419688 0.108849
0.825923 -0.509497
0.643293 -0.4311
0.844822 -0.752795
0.83236 -0.620115
0.644344 -0.436893
0.639415 -0.404006
0.190329 0.620703
0.416024 0.154322
0.826759 -0.525257
0.836759 -0.680136
0.622919 -0.199994
0.620626 -0.162382
0.625191 -0.235399
0.831367 -0.604726
0.618779 -0.130857
0.825535 -0.502045
0.000125995 0.98909
0.824162 -0.475047
0.421956 0.0819232
0.432534 -0.0266948
0.212436 0.458221
0.412765 0.196431
0.441881 -0.092305
0.424525 0.0527901
0.418433 0.124168
0.208849 0.485711
0.19444 0.592908
0.436096 -0.0555046
0.411116 0.218171
0.62566 -0.242464
0.619703 -0.146755
0.426458 0.0319343
0.628151 -0.278439
0.832853 -0.627498
0.631549 -0.323064
0.830068 -0.583635
0.621438 -0.175894
0.425204 0.0453614
0.427113 0.0250939
0.629303 -0.294162
0.838036 -0.69497
0.411744 0.209854
0.83617 -0.672891
0.624176 -0.219817
0.197282 0.57269
0.222124 0.386474
0.232318 0.320648
0.640198 -0.410192
0.423919 0.059519
0.445821 -0.109663
0.427778 0.018267
0.425793 0.0389964
0.0217191 0.861821
0.19105 0.615949
0.429616 7.63503e-05
0.447296 -0.114473
0.421346 0.0890556
0.829648 -0.576589
0.838617 -0.701307
0.835642 -0.666189
0.420286 0.101639
0.824524 -0.482259
0.250394 0.249263
0.417898 0.130772
0.413297 0.189463
0.412188 0.204009
0.632635 -0.33618
0.449039 -0.118914
0.830527 -0.591218
0.414313 0.176268
0.632178 -0.330728
0.000531662 0.977397
0.645696 -0.443337
0.430244 -0.00591559
0.413797 0.182958
0.830903 -0.597313
0.214236 0.44451
0.209754 0.478764
0.621048 -0.169438
0.450962 -0.122273
0.842783 -0.739231
0.828479 -0.556428
0.62338 -0.207323
0.633299 -0.343902
0.214999 0.438743
0.649299 -0.454915
0.420807 0.0954247
0.409861 0.234867
0.828932 -0.564341
0.633731 -0.348802
0.833335 -0.634569
0.638515 -0.39646
0.208039 0.491938
0.833723 -0.640143
0.839277 -0.708204
0.62681 -0.259387
0.845797 -0.758091
0.428882 0.00721983
0.623754 -0.213226
0.825132 -0.494217
0.846833 -0.762867
0.646693 -0.447359
0.204368 0.519989
0.849257 -0.770562
0.000934658 0.96967
0.829232 -0.569509
0.62703 -0.26256
0.631032 -0.316637
0.828165 -0.550864
0.428424 0.011776
0.630164 -0.305525
0.82488 -0.489282
0.439048 -0.0758964
0.629746 -0.300062
0.00169649 0.95956
0.0322151 0.815738
0.648185 -0.452217
0.841506 -0.729037
0.630625 -0.311468
0.233241 0.315429
0.842043 -0.733484
0.00315951 0.944047
0.00213759 0.953924
0.839776 -0.713207
0.848076 -0.767423
0.840824 -0.723078
0.410655 0.224289
0.439603 -0.0793686
0.636636 -0.379225
0.835115 -0.659289
0.827611 -0.540907
0.201808 0.539403
0.000301034 0.983712
0.201181 0.54404
0.41029 0.229137
0.248711 0.252814
0.181948 0.671226
0.84035 -0.718718
0.002633 0.948718
0.83422 -0.64714
0.637034 -0.383041
0.221709 0.389422
0.00122358 0.965088
0.637668 -0.388931
