166010 500.083
0.851777 -0.771042
1.43375e-08 1.01791
0.823371 -0.456211
0.453714 -0.121687
0.652965 -0.455816
0.618432 -0.121954
0.409358 0.244448
0.258553 0.244894
0.182501 0.672631
0.0832128 0.672769
0.636825 -0.375996
0.848214 -0.764309
0.242849 0.277363
0.845233 -0.75229
0.246374 0.264681
0.031843 0.801235
0.62228 -0.185027
0.419589 0.117173
0.832971 -0.624306
0.649055 -0.450231
0.620839 -0.159862
0.623393 -0.203635
0.619862 -0.144829
0.42067 0.100924
0.209243 0.487348
0.449454 -0.114938
0.0683814 0.687357
0.20466 0.525477
0.428583 0.0151768
0.64632 -0.439179
0.824078 -0.467759
0.00442834 0.937769
0.432118 -0.0146154
0.199228 0.563071
0.0348617 0.790632
0.427587 0.0276954
0.000309758 0.98769
0.229067 0.346077
0.411598 0.216268
0.210882 0.47406
0.0156032 0.872249
0.232884 0.324268
0.825028 -0.487996
0.0173088 0.863806
0.832146 -0.612188
0.631217 -0.315062
0.00712977 0.922914
0.642093 -0.420342
0.00019582 0.999062
0.638534 -0.389755
0.836954 -0.678147
0.184789 0.662105
0.824543 -0.477678
0.0212842 0.850243
0.203179 0.534813
0.425464 0.0521042
0.0155726 0.883259
0.0195508 0.857486
0.0766629 0.678959
0.831067 -0.592454
0.410357 0.234672
0.19799 0.572729
0.202125 0.542326
0.216416 0.432836
0.632058 -0.32476
0.036764 0.782227
0.0651108 0.695183
0.000938894 0.977218
0.410897 0.225996
0.190138 0.627893
0.226572 0.360185
0.220091 0.410715
0.191138 0.618734
0.0408214 0.764852
0.840298 -0.713973
0.205499 0.515156
0.00551509 0.930852
0.433021 -0.0242407
0.02601 0.827506
0.417159 0.145384
0.839418 -0.705902
0.64368 -0.428481
0.62891 -0.28471
0.0429909 0.757828
0.430732 -0.00533697
0.225114 0.37323
0.206425 0.508521
0.436487 -0.0491781
0.192374 0.611726
0.425786 0.0425079
0.0797331 0.676234
0.62602 -0.242867
0.844156 -0.74373
0.0301041 0.809288
0.217734 0.423654
0.052103 0.725444
0.434866 -0.0425663
0.415603 0.166496
0.834908 -0.650076
0.227888 0.352083
0.0112719 0.900242
0.830564 -0.582668
0.41236 0.205821
0.0605945 0.702026
0.828413 -0.550873
3.30185e-07 1.0096
0.00310308 0.94958
0.22327 0.383622
0.630528 -0.305114
0.841328 -0.722707
0.422517 0.0799159
0.627831 -0.269757
0.626688 -0.253548
0.635553 -0.36201
0.424089 0.0610089
0.0272537 0.819137
0.249555 0.255261
0.843196 -0.736912
0.827618 -0.534059
0.207654 0.499513
0.62725 -0.259294
0.426665 0.0345945
0.827853 -0.540763
0.212895 0.462871
0.82579 -0.498127
0.00196188 0.962684
0.230718 0.334666
0.221791 0.396356
0.842022 -0.72946
0.619324 -0.136651
0.220641 0.401221
0.438413 -0.0683961
0.218498 0.417603
0.196057 0.585158
0.62571 -0.235922
0.414727 0.175684
0.421892 0.0872906
0.44411 -0.0996723
0.442694 -0.0886999
0.23414 0.315381
0.195069 0.593777
0.827016 -0.523793
0.235649 0.308087
0.186944 0.649336
0.185523 0.656651
0.632935 -0.332615
0.62834 -0.276026
0.013036 0.888783
0.238659 0.292047
0.835105 -0.654883
0.624926 -0.227414
0.829585 -0.570955
0.429357 0.00713915
0.633195 -0.339661
0.193549 0.603657
0.417932 0.135147
0.838002 -0.686419
0.825875 -0.504565
0.257314 0.248618
0.0014038 0.968954
0.0391139 0.771932
0.0241428 0.833076
0.618931 -0.128677
0.0464288 0.743026
0.418767 0.124494
0.197103 0.580233
0.833882 -0.63805
0.0627498 0.696595
0.0584412 0.706854
0.644809 -0.435037
0.421316 0.0950628
0.838587 -0.697151
0.22575 0.36857
0.248061 0.259587
0.0227289 0.841935
0.0540222 0.719238
0.629569 -0.293838
0.214663 0.44421
0.0718035 0.681426
0.416507 0.152623
0.223165 0.388326
0.029431 0.815805
0.189271 0.635808
0.416183 0.159232
0.634414 -0.3517
0.00819994 0.913663
0.826354 -0.513642
0.833778 -0.636112
0.00938167 0.906775
0.201088 0.551976
0.208612 0.494475
0.00278567 0.953542
0.211688 0.4693
0.414408 0.181724
0.430056 0.00142264
0.0500305 0.730442
0.836161 -0.667868
0.835901 -0.665078
0.0119142 0.89275
0.423503 0.0716443
0.413038 0.199966
0.215351 0.440053
0.200968 0.555405
0.640109 -0.404169
0.231105 0.332076
0.623776 -0.208742
0.240801 0.283852
0.621504 -0.168299
0.440536 -0.0817894
0.633971 -0.347288
0.829022 -0.560426
0.445997 -0.105589
0.439327 -0.074294
0.624272 -0.216683
0.0482074 0.739285
0.443023 -0.0941775
0.237161 0.298292
0.651569 -0.455145
0.830079 -0.575198
0.621897 -0.179084
0.41387 0.189252
0.629936 -0.298612
0.0451671 0.749428
0.434152 -0.0345566
0.437013 -0.0582162
0.437351 -0.0605368
0.0713926 0.683844
0.194537 0.599443
0.0442378 0.751659
0.831532 -0.602478
0.214238 0.453682
0.635263 -0.360338
0.240241 0.28674
0.433612 -0.0320005
0.0491654 0.734583
0.252667 0.250505
0.639512 -0.398492
0.413396 0.192929
0.418309 0.131012
0.0355138 0.78544
0.187617 0.643689
0.640969 -0.411593
0.624693 -0.221055
0.213745 0.455161
0.447576 -0.109859
0.0575884 0.711987
0.838268 -0.692127
0.423618 0.0671397
0.0232176 0.838213
0.252964 0.249849
