68291 130.012
0.851833 -0.773369
5.55112e-17 1
5.55112e-17 1
0.823332 -0.458266
0.652511 -0.458263
0.618397 -0.124219
0.453882 -0.124218
0.409314 0.242161
0.257763 0.242161
0.0830014 0.669652
0.182229 0.669652
0.412342 0.201964
0.624044 -0.217783
0.829762 -0.578539
0.0118307 0.887009
0.623283 -0.205801
0.188798 0.630567
0.839 -0.705364
0.411009 0.219562
0.626382 -0.253161
0.215473 0.435147
0.00174637 0.958115
0.419389 0.11245
0.634981 -0.362461
0.191642 0.611975
0.0545163 0.712546
0.625577 -0.241236
0.638014 -0.39205
0.839931 -0.714737
0.835786 -0.667933
0.646985 -0.448439
0.41004 0.232455
0.0522793 0.719742
0.201344 0.542787
0.0191468 0.850793
0.0266457 0.818023
0.42442 0.053929
0.214145 0.445181
0.226269 0.358077
0.645202 -0.441129
0.429967 -0.00330178
9.61684e-05 0.990193
0.428216 0.0138287
0.837992 -0.694489
0.843009 -0.740914
0.244086 0.266065
0.412977 0.193626
0.835049 -0.658429
0.00842155 0.906035
0.216624 0.426513
0.0136039 0.878789
0.00726922 0.913106
0.236741 0.296941
0.000423444 0.979417
0.416617 0.146798
0.429093 0.00611689
0.832527 -0.622638
0.41605 0.15398
0.635892 -0.371883
0.00401696 0.936115
0.417466 0.136153
0.628263 -0.280009
0.426167 0.0349962
0.0659561 0.685339
0.619706 -0.146818
0.0634596 0.690218
0.017668 0.85824
0.829095 -0.567176
0.218948 0.409311
0.621846 -0.182564
0.224905 0.3672
0.0161906 0.864873
0.240163 0.281184
0.231752 0.323895
0.203849 0.523919
0.620924 -0.167377
0.827155 -0.532587
0.63886 -0.399293
0.209976 0.477031
0.034399 0.784182
0.826019 -0.511337
0.631567 -0.323311
0.846642 -0.762004
0.00595479 0.921725
0.629883 -0.301869
0.641358 -0.418714
0.0147096 0.872159
0.198545 0.563487
0.211277 0.467058
0.228669 0.342724
0.209232 0.482742
0.0314819 0.796266
0.435783 -0.0531751
0.82756 -0.539973
0.19534 0.586523
0.443652 -0.100439
0.0253363 0.822722
0.434229 -0.0409757
0.196777 0.576292
0.432489 -0.0263217
0.834413 -0.649819
0.415222 0.164539
0.642427 -0.425845
0.00504916 0.928145
0.020856 0.842881
0.433114 -0.0316999
0.18372 0.661297
0.0326718 0.791298
0.235074 0.305459
0.831977 -0.614264
0.431406 -0.0166844
0.192996 0.602811
0.842301 -0.735553
0.844684 -0.752
0.184587 0.656293
0.828711 -0.5605
0.023601 0.830435
0.187105 0.641184
0.200232 0.551068
0.442225 -0.0940982
0.823805 -0.467878
0.222991 0.380362
0.624728 -0.228354
0.423153 0.0681937
0.224573 0.374692
0.445084 -0.106933
0.418566 0.122502
0.621344 -0.174368
0.63327 -0.343576
0.0396293 0.763384
0.627527 -0.269691
0.220159 0.400492
0.186575 0.649307
0.0501515 0.725904
0.423654 0.0624745
0.830417 -0.589434
0.421473 0.0875494
0.0386214 0.767367
0.253593 0.24444
0.629284 -0.293921
0.634046 -0.352326
0.0598504 0.69835
0.0287492 0.807867
0.0368633 0.774234
0.833875 -0.642316
0.430863 -0.011711
0.204884 0.516048
0.837364 -0.687326
0.439277 -0.0768618
0.628816 -0.287532
0.825723 -0.501244
0.420216 0.102461
0.0446725 0.74478
0.825271 -0.496944
0.830696 -0.593425
0.247051 0.256965
0.041497 0.756267
0.0611984 0.695795
0.0489806 0.729792
0.449262 -0.11941
0.434937 -0.0466408
0.211946 0.461939
0.441131 -0.0882938
0.0296431 0.804066
0.618999 -0.134578
0.622671 -0.196029
0.230361 0.332314
0.440245 -0.082803
0.636788 -0.380703
0.24616 0.259485
0.632455 -0.334061
0.622437 -0.192242
0.206963 0.50017
0.194485 0.59252
0.035895 0.778112
0.0782164 0.670882
0.0719952 0.676315
0.831319 -0.603333
0.413735 0.183769
0.836581 -0.677981
0.410777 0.22265
0.649378 -0.455095
0.000863089 0.970598
0.83319 -0.632474
0.0472645 0.735507
0.0462915 0.738868
0.0101286 0.89619
0.625036 -0.233059
0.630804 -0.313763
0.840937 -0.724103
0.44643 -0.111776
0.640016 -0.407832
0.074396 0.673649
0.238017 0.29078
0.00244466 0.950399
0.826585 -0.522019
0.451737 -0.123178
0.425326 0.0440149
0.841226 -0.72665
0.0687201 0.68068
0.0574279 0.704487
0.208015 0.492088
0.0567853 0.706203
0.202559 0.533667
0.845113 -0.75447
0.238866 0.286858
0.229861 0.335267
0.436923 -0.0615701
0.206348 0.506076
0.413966 0.180735
0.630569 -0.310764
0.627 -0.262149
0.619187 -0.13792
0.222069 0.386832
0.64029 -0.410908
0.234249 0.309859
0.448943 -0.113495
0.249573 0.250876
0.0100385 0.89794
0.193668 0.598196
0.0434822 0.748902
0.421007 0.0933747
0.196541 0.577988
0.848731 -0.769304
0.217662 0.418784
0.199509 0.556416
0.427244 0.0237257
0.205553 0.51115
0.422377 0.0770265
0.190001 0.622815
0.824268 -0.477188
0.242058 0.273445
0.251957 0.246638
0.438356 -0.0706493
0.620281 -0.156591
0.632171 -0.330667
0.414656 0.17181
0.828086 -0.549467
0.82478 -0.487336
0.202812 0.531757
0.213211 0.452279
0.422189 0.0792025
0.427145 0.0247451
0.220771 0.396085
0.828183 -0.551205
0.831502 -0.606714
0.212863 0.454936
0.00304212 0.944554
0.218013 0.416223
0.221492 0.390926
