266006 290.017
0.851863 -0.773367
1.68773e-36 1
0.82359 -0.459677
0.652434 -0.458238
0.618557 -0.126118
0.453793 -0.124184
0.409564 0.238815
0.257986 0.242168
0.0830436 0.669652
0.182653 0.668114
0.202527 0.533908
0.450397 -0.120629
0.447148 -0.110926
0.0228363 0.833869
0.629807 -0.30053
0.621873 -0.181604
0.200946 0.547424
0.0780247 0.671109
0.219305 0.406881
0.636533 -0.378237
0.823935 -0.470447
0.025297 0.822896
0.232427 0.321042
0.198652 0.562708
0.243078 0.270706
0.419752 0.109747
0.218698 0.418242
0.831423 -0.603175
0.231126 0.328995
0.824674 -0.48155
0.0591362 0.700253
0.834258 -0.647634
0.00327002 0.942481
0.187063 0.646191
0.0479282 0.733287
0.410576 0.22642
0.240099 0.28681
0.241752 0.280308
0.0445373 0.745078
0.621585 -0.16918
0.834981 -0.657434
0.225835 0.367208
0.0685482 0.680951
0.0429457 0.752533
0.418788 0.11983
0.224313 0.374835
0.220888 0.398461
0.438055 -0.0693779
0.203713 0.524945
0.626412 -0.249487
0.19285 0.616363
0.0283572 0.809553
0.19754 0.57209
0.832008 -0.614534
0.435743 -0.0528437
0.185224 0.652548
0.0509838 0.724446
0.189148 0.638097
0.437156 -0.0607936
0.205273 0.517945
0.00450981 0.93308
0.835689 -0.666791
0.234182 0.311584
0.0652276 0.686723
0.211572 0.468487
0.829372 -0.571925
0.0407321 0.75916
0.1838 0.660836
0.420445 0.0997244
0.435222 -0.0433593
0.63101 -0.313451
0.237619 0.294026
0.625668 -0.239366
0.192889 0.607312
0.22361 0.384526
0.209384 0.481903
0.64007 -0.409021
0.833542 -0.637563
0.422937 0.0756255
0.000127294 0.988741
0.641182 -0.416682
0.189994 0.622923
0.244915 0.263314
0.635969 -0.364593
0.411801 0.209091
0.41543 0.161905
0.414708 0.171146
0.619277 -0.136271
0.627028 -0.258173
0.0736284 0.6744
0.212508 0.457638
0.199929 0.55331
0.418242 0.12859
0.0176744 0.860687
0.432148 -0.0196787
0.411097 0.219619
0.620213 -0.153442
0.639351 -0.399762
0.0215822 0.841154
0.421994 0.0840019
0.00257647 0.9519
0.432814 -0.0291344
0.633691 -0.341226
0.00755688 0.911876
0.0267397 0.818004
0.445253 -0.105259
0.000391604 0.980216
0.642616 -0.42425
0.622456 -0.192405
0.828911 -0.562706
0.222213 0.391246
0.037475 0.771804
0.215117 0.439401
0.0391675 0.765613
0.648572 -0.453258
0.836394 -0.675566
0.193773 0.59747
0.226491 0.357242
0.824982 -0.491312
0.413369 0.193551
0.22951 0.33808
0.426802 0.0283454
0.627537 -0.267401
0.43392 -0.0357385
0.629139 -0.291772
0.0159042 0.86752
0.441259 -0.0889972
0.216811 0.425129
0.619674 -0.14411
0.842168 -0.733719
0.840126 -0.712083
0.428032 0.0222643
0.421121 0.0916918
0.831104 -0.593279
0.0465837 0.737852
0.205911 0.508319
0.428361 0.0125836
0.412353 0.201811
0.425959 0.0372144
0.0133026 0.880311
0.0301318 0.803507
0.628599 -0.283815
0.628107 -0.275173
0.228152 0.352718
0.423333 0.0661341
0.62065 -0.161942
0.249424 0.254323
0.843084 -0.741455
0.247272 0.258913
0.0118875 0.886633
0.208653 0.491334
0.0064514 0.919672
0.0571031 0.706918
0.6376 -0.385336
0.196339 0.579428
0.632442 -0.333865
0.0144884 0.873263
0.0202857 0.848408
0.425708 0.0448642
0.638142 -0.39318
0.844475 -0.747309
0.210462 0.474357
0.631858 -0.326827
0.42457 0.0524138
0.0620323 0.694205
0.0107694 0.893402
0.837367 -0.682672
0.215971 0.431739
0.000979313 0.970825
0.838896 -0.704275
0.019098 0.854178
0.0314366 0.797215
0.84522 -0.755067
0.228601 0.343018
0.0053848 0.925712
0.837889 -0.690275
0.833134 -0.629299
0.841188 -0.726325
0.82838 -0.554385
0.0712154 0.677164
0.832585 -0.62228
0.431041 -0.0128759
0.825542 -0.499026
0.189284 0.629467
0.443615 -0.0985704
0.236228 0.299613
0.625215 -0.231135
0.849135 -0.770306
0.0539663 0.715902
0.643432 -0.431666
0.829947 -0.581521
0.840767 -0.719436
0.00866882 0.904562
0.645831 -0.44263
0.646938 -0.448248
0.214417 0.447958
0.423954 0.0591355
0.414315 0.179921
0.825881 -0.506483
0.235062 0.30552
0.838812 -0.697092
0.0358696 0.778214
0.429052 0.00556423
0.827158 -0.526264
0.644408 -0.437171
0.195915 0.586971
0.62477 -0.22454
0.623483 -0.20471
0.414065 0.186091
0.0095784 0.899677
0.055548 0.7111
0.82834 -0.546721
0.251141 0.248531
0.207199 0.50312
0.847987 -0.763591
0.827302 -0.534209
0.418208 0.13866
0.631206 -0.318498
0.00167696 0.958961
0.440265 -0.0795586
0.4303 -0.00645695
0.195072 0.592502
0.635189 -0.360581
0.207469 0.496281
0.439875 -0.0768208
0.0525174 0.721459
0.826219 -0.513899
0.827679 -0.540333
0.417056 0.141267
0.429807 -0.000413305
0.0326831 0.791255
0.255045 0.243132
0.442632 -0.0938104
0.622866 -0.199151
0.41609 0.153599
0.623736 -0.212967
0.416434 0.149626
0.826545 -0.519791
0.846597 -0.76039
0.830302 -0.586569
0.0636469 0.691747
0.624714 -0.216511
0.213347 0.452045
0.0348431 0.78237
0.253271 0.246875
0.0336692 0.78726
0.00160745 0.964955
0.634006 -0.350357
0.652391 -0.456293
0.634219 -0.353399
