242759 540.066
0.852114 -0.771466
4.76458e-08 1.02994
0.823391 -0.456273
0.653051 -0.456062
0.618433 -0.122255
0.453737 -0.121974
0.409374 0.244623
0.257554 0.244744
0.182377 0.672346
0.0820984 0.672627
3.14279e-07 1.00762
0.624636 -0.223286
0.824933 -0.483792
0.23541 0.308846
0.844196 -0.74579
0.627581 -0.26547
0.0482062 0.73689
0.83612 -0.668339
0.626291 -0.248257
0.193823 0.60173
0.237849 0.295768
0.830515 -0.587087
0.831566 -0.6001
0.416457 0.153144
0.631163 -0.313399
0.0345989 0.788363
0.827057 -0.526207
0.418732 0.124802
0.195934 0.586527
0.825422 -0.494815
0.203665 0.531285
0.842499 -0.733504
0.0513136 0.730612
0.837957 -0.687143
0.63001 -0.299353
0.0373759 0.778696
0.827659 -0.53563
0.228593 0.347201
0.646724 -0.443935
0.623421 -0.204632
0.418389 0.136132
0.649649 -0.449869
0.210334 0.479796
0.230129 0.337482
0.233896 0.31735
0.835063 -0.652077
0.244281 0.270583
0.220481 0.403439
0.191414 0.621852
0.836784 -0.67721
0.432838 -0.0256228
0.413458 0.194906
0.414002 0.184267
0.43442 -0.0357604
0.0531783 0.722922
0.441863 -0.0887517
0.0312249 0.803081
0.209164 0.488901
0.419651 0.113275
0.0331628 0.796539
0.0780419 0.675957
0.241934 0.277706
0.208098 0.49694
0.826282 -0.512257
0.838641 -0.697758
0.213985 0.452115
0.633608 -0.343317
0.411546 0.231221
0.027901 0.817114
0.41736 0.145265
0.0297559 0.811244
0.425518 0.0462617
0.83424 -0.643366
0.00643953 0.928665
0.00517751 0.936055
0.830041 -0.575627
0.430333 -0.00126049
0.824012 -0.467587
0.22341 0.381171
0.622203 -0.182945
0.833303 -0.630407
0.411567 0.217356
0.0153205 0.877042
0.211366 0.470468
0.84593 -0.755493
0.828966 -0.558027
0.185471 0.656113
0.422845 0.0754994
0.422203 0.0858253
0.215416 0.441583
0.0571709 0.712729
0.443558 -0.0956753
0.829461 -0.568399
0.221746 0.394246
0.197628 0.575364
0.0110504 0.896691
0.62529 -0.232145
0.841543 -0.726698
0.0432921 0.755318
0.619046 -0.131996
0.440984 -0.079188
0.424751 0.0556945
0.227342 0.355112
0.216837 0.42851
0.200726 0.552945
0.826015 -0.506688
0.226281 0.361646
0.444893 -0.102255
0.246139 0.263733
0.0222595 0.842359
0.202284 0.542366
0.426386 0.0381225
0.429527 0.00575559
0.188177 0.638715
0.0595169 0.705923
0.0695937 0.684997
0.0239455 0.835913
0.204743 0.522429
0.0550953 0.71661
0.640952 -0.41219
0.198894 0.567318
0.620094 -0.147907
0.00153069 0.967263
0.219212 0.411686
0.414743 0.175115
0.0270437 0.826656
0.435054 -0.0430229
0.6425 -0.419735
0.833211 -0.624921
0.0201326 0.855724
0.199817 0.56139
0.625793 -0.240479
0.621552 -0.173573
0.0739036 0.67766
0.619724 -0.138976
0.639195 -0.399236
0.410286 0.235796
0.232594 0.325802
0.205813 0.517102
0.0134293 0.884434
0.643106 -0.42603
0.415376 0.168116
0.0206519 0.847933
0.839928 -0.704694
0.635784 -0.365264
0.449719 -0.114465
0.0125447 0.889118
0.840685 -0.717703
0.0452765 0.746672
0.629362 -0.285874
0.239486 0.289242
0.231425 0.330118
0.240607 0.284643
0.640142 -0.406113
0.222637 0.388174
0.00381052 0.94408
0.0716391 0.680548
0.420354 0.106372
0.00727872 0.919484
0.421739 0.0933133
0.00919006 0.907443
0.828214 -0.547432
0.0181515 0.860922
0.192415 0.61224
0.638475 -0.391574
0.427058 0.0305627
0.248076 0.259611
0.832311 -0.614115
0.00766994 0.914849
0.215901 0.436112
0.0624012 0.698131
0.451834 -0.117752
0.420844 0.0993608
0.212401 0.463905
0.0250448 0.829505
0.634622 -0.354359
0.85084 -0.766998
0.00103363 0.97563
0.25323 0.249953
0.832113 -0.611124
0.42349 0.0683852
0.427558 0.0243231
0.424112 0.062689
0.000104593 0.997784
0.438072 -0.0636496
0.189773 0.629429
0.645731 -0.434666
0.0418782 0.760214
0.432106 -0.0181102
0.184209 0.664974
0.213207 0.45854
0.224818 0.372048
0.628685 -0.277273
0.0164755 0.870523
0.0656015 0.695664
0.848201 -0.764023
0.629499 -0.292636
0.632813 -0.3336
0.620518 -0.155877
0.196541 0.582076
0.439674 -0.0739762
0.0100152 0.903422
0.840041 -0.71264
0.206887 0.505817
0.428717 0.0142214
0.431416 -0.0110471
0.00255962 0.960393
0.255121 0.246269
0.0412205 0.766137
0.218036 0.421313
0.636707 -0.376598
0.644569 -0.433285
0.628115 -0.273376
0.621104 -0.167136
0.061233 0.702489
0.201767 0.546243
0.437096 -0.0574102
0.438889 -0.0688943
0.000509695 0.993377
0.0386961 0.773333
0.411975 0.211739
0.00356287 0.94918
0.206865 0.508939
0.22546 0.370369
0.192905 0.608681
0.652071 -0.455808
0.634788 -0.356596
0.00262351 0.955138
0.846904 -0.760316
0.436007 -0.0508051
0.636282 -0.371044
0.63209 -0.323611
0.0671043 0.689718
0.0171649 0.865814
0.0452255 0.747675
0.412522 0.203677
0.187106 0.647028
0.446987 -0.107586
0.189552 0.633182
0.447119 -0.110246
0.622663 -0.191851
0.823965 -0.465046
0.249877 0.255395
0.000531552 0.984994
0.428367 0.0178847
0.0397039 0.769941
0.25109 0.253375
0.620779 -0.161207
0.62284 -0.194234
0.828721 -0.54976
