22323 20.0008
0.851665 -0.772657
4.74904e-35 1
0.823734 -0.461884
0.256505 0.242394
0.619592 -0.128872
0.654673 -0.455631
0.45235 -0.123053
0.411223 0.216793
0.0850689 0.669904
0.182592 0.669124
0.201397 0.546236
0.621181 -0.155796
0.216399 0.449735
0.218166 0.415825
0.415615 0.165558
0.626841 -0.251818
0.624569 -0.215438
0.199418 0.564094
0.424946 0.069663
0.44009 -0.0756262
0.248949 0.271503
0.42568 0.0555311
0.223639 0.401016
0.438006 -0.0529057
0.414866 0.187552
0.224722 0.378408
0.421308 0.0916411
0.204081 0.52523
0.620695 -0.135038
0.64228 -0.421724
0.621759 -0.181082
0.2386 0.292467
0.424514 0.0877675
0.442392 -0.0779539
0.214252 0.453614
0.413867 0.194499
0.623812 -0.195787
0.4259 0.0383848
0.251761 0.254637
0.634464 -0.351495
0.641539 -0.406816
0.411745 0.209928
0.633353 -0.336488
0.185402 0.651619
0.432529 -0.0178462
0.212102 0.469712
0.243963 0.272126
0.444249 -0.096321
0.83547 -0.663841
0.625587 -0.230084
0.207768 0.497272
0.826831 -0.511471
0.827187 -0.529046
0.420585 0.111437
0.416574 0.153061
0.448971 -0.110693
0.19896 0.57704
0.238596 0.310534
0.0330434 0.794234
0.433853 -0.0367117
0.18272 0.667371
0.189742 0.629597
0.055884 0.708802
0.195204 0.59427
0.0631277 0.690913
0.0628643 0.701962
0.234503 0.321737
0.253572 0.252424
0.0755494 0.673833
0.0351959 0.782992
0.0716213 0.678484
0.631508 -0.310508
0.630097 -0.300491
0.188641 0.639375
0.0680845 0.69064
0.231033 0.349637
0.632698 -0.3276
0.0443986 0.745644
0.0299822 0.808308
0.627737 -0.26332
0.445978 -0.109387
0.0315704 0.799241
0.231248 0.335515
0.00891438 0.903164
0.0166049 0.86358
0.643619 -0.432635
0.241246 0.281518
0.835358 -0.651689
0.191125 0.621239
0.637994 -0.375603
0.227845 0.366317
0.632697 -0.316579
0.0686875 0.68108
0.62873 -0.277329
0.452132 -0.121051
0.0481751 0.736171
0.431454 -0.00459098
0.417164 0.144051
0.0240121 0.841116
0.844127 -0.747829
0.0253994 0.834107
0.83286 -0.627499
0.209125 0.485706
0.00761248 0.911216
0.194224 0.601146
0.211683 0.474468
0.825826 -0.499448
0.836373 -0.675335
0.192441 0.606734
0.834452 -0.646102
0.640193 -0.398044
0.848018 -0.763355
0.824227 -0.469682
0.825342 -0.48968
0.839136 -0.69677
0.629325 -0.286764
0.830715 -0.591579
0.0459642 0.741041
0.00243668 0.954402
0.635062 -0.361165
0.191946 0.614384
0.827598 -0.534941
0.841295 -0.720835
0.829511 -0.569033
0.647826 -0.446441
0.435258 -0.0475816
0.849353 -0.769687
0.0408155 0.76303
0.0539282 0.718748
0.625494 -0.228864
0.444452 -0.0995735
0.843026 -0.739285
0.228752 0.354591
0.0209589 0.843932
0.210287 0.484101
0.240903 0.285679
0.828641 -0.557451
0.830239 -0.580523
0.000757532 0.98021
0.205648 0.514852
0.64637 -0.441273
0.0280587 0.812854
0.84191 -0.730028
0.628214 -0.26962
0.000810058 0.972121
0.221666 0.405173
0.62335 -0.189131
0.0375743 0.776798
0.0101346 0.896414
0.638241 -0.385755
0.432018 -0.0142942
0.429229 0.0190931
0.430623 0.0077984
0.846336 -0.758054
0.427306 0.0301046
0.629505 -0.293267
0.824464 -0.478274
0.00164324 0.966108
0.0109716 0.891722
0.00336581 0.944926
0.427533 0.0264066
0.0809593 0.670918
0.833781 -0.637005
0.232959 0.332269
0.207184 0.50708
0.0420851 0.754063
0.019785 0.848899
0.197264 0.58514
0.837462 -0.67781
0.644966 -0.436067
0.828499 -0.546367
0.831892 -0.606569
0.430251 0.0166229
0.832848 -0.61594
0.636273 -0.370092
0.0179349 0.856695
0.0784412 0.671028
0.0126338 0.886569
0.43135 0.0034762
0.825896 -0.506643
0.0386106 0.768543
0.0163108 0.87331
0.434212 -0.0379647
0.00016672 0.987171
0.025615 0.825861
0.417496 0.135837
0.204802 0.52222
0.187575 0.646494
0.221347 0.41218
0.236561 0.317629
0.828877 -0.562009
0.00226201 0.959938
0.00447699 0.934118
0.0497862 0.729672
0.828255 -0.543975
0.052334 0.725311
0.824747 -0.483848
5.70029e-05 0.992496
0.0274997 0.819387
0.00355584 0.941698
0.830163 -0.57631
0.00696761 0.917343
0.837667 -0.687039
0.83832 -0.688846
0.00564157 0.924607
0.225144 0.371952
0.0590467 0.704578
0.654465 -0.453704
0.649759 -0.453336
0.839907 -0.713478
0.831639 -0.601585
0.00509091 0.931544
0.831124 -0.596064
0.0136164 0.878395
0.0186979 0.853754
0.197698 0.58497
0.0419606 0.755211
0.842256 -0.735068
0.635843 -0.365887
0.833477 -0.633217
0.42028 0.114361
0.639051 -0.394035
0.622077 -0.183606
0.832388 -0.614288
0.238346 0.316336
0.419884 0.131059
0.227618 0.371874
0.420222 0.122081
0.0363497 0.779565
0.437236 -0.0485832
0.206326 0.509018
0.649286 -0.452162
0.0589206 0.706293
0.0156996 0.875502
0.0260386 0.821782
0.839823 -0.705219
0.218938 0.412935
0.840882 -0.715129
0.0128702 0.881541
0.0390225 0.765925
0.00675579 0.922428
0.638806 -0.389539
0.0538778 0.721427
0.83945 -0.704052
0.419271 0.134791
0.230002 0.354221
0.419917 0.124807
0.0499795 0.726613
0.186428 0.648285
0.845289 -0.754813
