212499 410.041
0.85212 -0.770998
3.29524e-10 1.04233
0.823377 -0.455337
0.653029 -0.455325
0.618452 -0.121585
0.453738 -0.121037
0.257901 0.245499
0.409389 0.244575
0.182341 0.673253
0.0838947 0.673812
2.03593e-07 1.01046
0.41188 0.214078
0.410292 0.235918
0.847055 -0.759144
0.823974 -0.465757
0.646976 -0.443782
0.226531 0.362691
0.824969 -0.483692
0.216887 0.432507
0.830667 -0.588091
0.643992 -0.429922
0.229184 0.349996
0.00678838 0.9233
0.621482 -0.170787
0.00937571 0.910544
0.84077 -0.717601
0.829591 -0.572411
0.205465 0.518313
0.622573 -0.188009
0.0588424 0.70784
0.198983 0.56687
0.845018 -0.747351
0.200676 0.556708
0.419946 0.111624
0.82828 -0.546233
0.22334 0.383811
0.211726 0.469328
0.623527 -0.204364
0.825997 -0.499849
0.195426 0.593371
0.203766 0.530865
0.839527 -0.706329
0.0523817 0.726358
0.0137871 0.88736
0.0154419 0.876642
0.18369 0.666728
0.450246 -0.116348
0.833184 -0.626001
0.85048 -0.769723
0.00283638 0.954148
0.421233 0.095971
0.833845 -0.636514
0.416641 0.154105
0.208502 0.49764
0.831273 -0.597895
0.412626 0.204758
0.624219 -0.214525
0.637183 -0.367828
0.201659 0.547251
0.250022 0.256077
0.193494 0.609934
0.0211643 0.848194
0.83211 -0.607001
0.428415 0.0162485
0.0306493 0.806683
0.628305 -0.276272
0.0561502 0.714239
0.0230645 0.841011
0.826346 -0.513801
0.414652 0.17838
0.827477 -0.532532
0.832812 -0.616065
0.0291514 0.815507
0.836457 -0.662535
0.835211 -0.653226
0.625706 -0.237366
0.220702 0.403823
0.209496 0.489117
0.41876 0.125375
0.0320727 0.800291
0.0370434 0.779728
0.841879 -0.727772
0.438794 -0.0695534
0.034262 0.793407
0.828644 -0.554442
0.194057 0.601881
0.231507 0.331919
5.5201e-05 0.998861
0.423341 0.0743274
0.215302 0.442813
0.0543212 0.719578
0.0498858 0.733514
0.422679 0.0820786
0.427649 0.0251466
0.00562911 0.930423
0.829582 -0.564159
0.435003 -0.0399562
0.185534 0.656926
0.41383 0.187881
0.424303 0.0650237
0.620026 -0.147136
0.834517 -0.645491
0.83767 -0.683775
0.0355118 0.786855
0.413249 0.19513
0.0244816 0.833906
0.630907 -0.309973
0.641575 -0.415836
0.00386123 0.945842
0.643721 -0.422153
0.00482919 0.939117
0.187673 0.643119
0.426096 0.0484147
0.418076 0.134783
0.0259125 0.827672
0.214558 0.448037
0.028101 0.822533
0.00212464 0.964611
0.000812495 0.980303
0.0817638 0.674096
0.189219 0.635981
0.619091 -0.13155
0.620672 -0.155336
0.22023 0.412477
0.00157161 0.970495
0.416191 0.164556
0.622823 -0.193832
0.82534 -0.492386
0.432309 -0.0156528
0.440344 -0.0782536
0.2186 0.420538
0.639704 -0.402327
0.247891 0.262509
0.19883 0.578331
0.190338 0.629792
0.843893 -0.740476
0.433819 -0.0321411
0.630212 -0.302205
0.429663 0.00799145
0.234519 0.314546
0.236553 0.303279
0.0444718 0.7541
0.0426139 0.760326
0.61957 -0.138055
0.640786 -0.409067
0.634146 -0.34801
0.627645 -0.265861
0.0680522 0.68926
0.629761 -0.294595
0.632564 -0.322683
0.621276 -0.163297
0.207061 0.505982
0.192239 0.619512
0.415259 0.16963
0.838402 -0.694202
0.426403 0.0375248
0.842746 -0.73426
0.0471366 0.74355
0.0650339 0.6955
0.626424 -0.246294
0.441462 -0.0821511
0.0763468 0.676774
0.254558 0.249371
0.041566 0.765552
0.447924 -0.110097
0.01206 0.89272
0.430024 0.0019056
0.626721 -0.252094
0.225135 0.371897
0.253586 0.253124
0.246745 0.267263
0.419536 0.116866
0.631663 -0.318471
0.0172741 0.866372
0.0454535 0.748714
0.0190071 0.859071
0.836558 -0.671558
0.0706555 0.682981
0.436645 -0.0510789
0.196603 0.583748
0.635173 -0.356484
0.0110071 0.905413
0.0488727 0.739018
0.625131 -0.227921
0.63882 -0.390323
0.445125 -0.101766
0.224708 0.375306
0.627303 -0.260977
0.0620872 0.70119
0.20641 0.510338
0.23811 0.296157
0.0723662 0.682249
0.244688 0.272021
0.635272 -0.361561
0.235555 0.308386
0.0196079 0.855125
0.633015 -0.332835
0.649612 -0.449436
0.625054 -0.222948
0.826814 -0.519424
0.444184 -0.0968169
0.213065 0.459847
0.43073 -0.00631716
0.426806 0.0329143
0.213233 0.457482
0.0111348 0.898353
0.637431 -0.378597
0.63755 -0.381897
0.435807 -0.0478866
0.837215 -0.67713
0.0388574 0.773054
0.838801 -0.698402
0.827289 -0.527055
0.233052 0.324152
0.191011 0.621786
0.446598 -0.107456
0.241186 0.285316
0.437431 -0.0605354
0.242743 0.281081
0.222352 0.394617
0.0163133 0.869568
0.21084 0.47907
0.417116 0.144443
0.0753666 0.677304
0.638854 -0.394927
0.202721 0.539494
0.229849 0.341493
0.0396549 0.770761
0.633631 -0.342308
0.243919 0.276881
0.650578 -0.451454
0.230338 0.338949
0.421933 0.0914309
0.210374 0.480597
0.424603 0.0572823
0.233515 0.321768
0.221875 0.394883
0.431456 -0.0101006
0.0673398 0.693286
0.628973 -0.284435
0.000309485 0.99057
0.442915 -0.0896664
0.186677 0.649746
0.432883 -0.0253867
0.453719 -0.120558
0.240052 0.289639
0.425022 0.0537224
0.0627483 0.700421
0.437807 -0.0628827
0.629226 -0.286963
