52907 30.0015
0.224944 0.604893
0.0249179 1.13804
0.206904 0.736441
3.50246e-07 1.30301
0.42931 0.193141
0.0248948 1.15393
0.429275 0.24711
0.435792 0.14923
0.42902 0.256109
0.0522844 0.990604
0.834249 -0.391147
0.41518 0.421359
0.20687 0.741963
0.0522711 1.01143
0.838957 -0.564992
0.206861 0.778136
0.423895 0.271542
0.630041 -0.0643615
0.630043 -0.092649
0.6236 -0.0585838
0.0239493 1.15802
0.630056 -0.119809
0.246836 0.467156
0.623598 -0.0190135
0.22485 0.627491
0.429393 0.165381
0.623595 -0.0179032
4.09093e-07 1.29672
0.828333 -0.366275
0.0294009 1.05463
0.845102 -0.604545
0.643793 -0.28749
0.623575 -0.0119242
0.224541 0.639162
1.5595e-06 1.24137
2.8532e-08 1.38818
0.0649015 0.893388
0.623554 0.010216
0.845797 -0.604689
0.427062 0.262621
0.42382 0.285965
0.0649068 0.887608
0.20947 0.661739
0.840139 -0.573531
6.34757e-07 1.28557
5.27712e-09 1.59461
0.655013 -0.318155
0.0500038 1.045
0.835445 -0.456844
0.227396 0.550156
0.641664 -0.277092
0.227396 0.529467
0.0148378 1.17697
0.838124 -0.553356
0.641663 -0.210165
0.838102 -0.519275
0.631704 -0.175786
0.838068 -0.509088
1.77751e-07 1.30662
0.209428 0.666677
0.416966 0.352686
0.416973 0.297746
0.0534556 0.926016
0.455632 0.0279624
0.0534469 0.927388
1.00288e-06 1.25971
0.209418 0.691487
2.04544e-08 1.50717
0.442869 0.0929614
0.244521 0.526368
0.244526 0.516604
0.209396 0.721026
0.830251 -0.389879
0.214656 0.654584
0.415786 0.377171
3.70515e-10 2.03461
1.74509e-09 1.59992
0.830244 -0.381784
0.63157 -0.175184
