137626 390.056
0.852214 -0.767629
5.00212e-08 1.10523
0.652613 -0.452675
0.823387 -0.453146
0.618475 -0.11789
0.45419 -0.117712
0.257574 0.249123
0.409542 0.249071
0.0832415 0.676973
0.182756 0.676834
8.57179e-08 1.06448
7.0281e-07 1.01629
0.620903 -0.156216
0.619735 -0.137616
0.416383 0.162916
0.205388 0.523889
0.415712 0.174375
0.413853 0.196926
0.0316593 0.808528
0.241282 0.288061
0.41438 0.186335
0.00861794 0.916509
0.0654957 0.698902
0.418706 0.131994
0.212518 0.471576
0.412682 0.209874
0.419781 0.117447
0.23889 0.298805
0.0344384 0.799589
0.629184 -0.283441
0.0693202 0.69317
0.00482379 0.94309
0.199443 0.575345
0.83082 -0.581193
0.0622169 0.703801
0.04396 0.760587
0.833485 -0.623291
0.210997 0.482724
0.829888 -0.571548
0.192052 0.622147
0.233561 0.328364
0.0552102 0.722967
0.824881 -0.481401
0.42187 0.102182
0.43605 -0.0422315
0.253695 0.252235
0.82465 -0.470633
0.623223 -0.191229
0.645122 -0.43185
0.22346 0.39283
0.411352 0.226287
0.625249 -0.226586
0.030372 0.817492
0.207125 0.510644
0.447845 -0.107469
0.0178078 0.866477
0.204382 0.534289
0.227052 0.364217
0.619279 -0.128144
0.633645 -0.335436
0.446104 -0.0997462
0.451172 -0.111292
0.220779 0.41073
0.0467971 0.748712
0.425186 0.0572773
0.424185 0.0670419
0.219384 0.419423
0.0017126 0.970909
0.635076 -0.353675
0.850177 -0.76213
0.228625 0.355449
0.0153509 0.88549
0.00831092 0.93027
0.0713171 0.687129
0.0214125 0.853927
0.835468 -0.65045
0.623745 -0.201626
0.634272 -0.344798
0.425983 0.0488394
0.638127 -0.384804
0.22615 0.372624
0.0115087 0.910854
0.410585 0.238147
0.433243 -0.0206235
0.637697 -0.37649
0.0534765 0.731047
0.0281516 0.823627
0.0134481 0.893664
0.00709278 0.934662
0.000895666 0.987629
0.0209141 0.86155
0.650219 -0.447225
0.828211 -0.538156
0.630794 -0.303544
0.427714 0.0327516
0.841321 -0.718988
0.437012 -0.051551
0.823983 -0.460177
0.0369889 0.785199
0.214676 0.456322
0.0795776 0.680426
0.632784 -0.325572
0.247998 0.266528
0.0419577 0.77235
0.0357846 0.792687
0.213498 0.46269
0.200157 0.562552
0.426871 0.0397446
0.430084 0.00621133
0.0229961 0.84465
0.0392062 0.780035
0.420975 0.111824
0.627343 -0.258806
0.644082 -0.423124
0.2182 0.427023
0.642566 -0.417676
0.000355376 1.00004
0.838399 -0.684065
0.00359927 0.951488
0.839539 -0.697262
0.825435 -0.492211
0.438285 -0.0576045
0.411825 0.217806
0.217079 0.434143
0.829467 -0.560568
0.625892 -0.236344
0.845045 -0.745801
0.190616 0.632257
0.0572151 0.715725
0.429304 0.0159222
0.00101984 0.981032
0.243513 0.282226
0.826347 -0.508626
0.826036 -0.498273
0.234642 0.318686
0.417978 0.139492
0.048893 0.741561
0.844533 -0.739169
0.238131 0.306084
0.1931 0.614124
0.0450944 0.755378
0.631842 -0.313216
0.42356 0.0757597
0.828603 -0.549488
0.627223 -0.251364
0.626826 -0.24194
0.827277 -0.523038
0.215499 0.447006
0.837459 -0.675973
0.64161 -0.40886
0.246118 0.27117
0.188626 0.645669
0.184208 0.668815
0.834206 -0.636459
0.417568 0.147965
0.636457 -0.367842
0.832748 -0.615853
0.435217 -0.0322389
0.840144 -0.709035
0.636104 -0.362637
0.827525 -0.531406
0.185994 0.66625
0.207674 0.506128
0.831462 -0.592248
0.432195 -0.0128285
0.000189926 1.00569
0.186771 0.657333
0.203398 0.542157
0.2444 0.276433
0.834637 -0.638448
0.210302 0.490488
0.640969 -0.403339
0.430979 -0.000283108
0.842381 -0.72852
0.198049 0.582109
0.0249748 0.841881
0.847385 -0.756399
0.628499 -0.271322
0.440603 -0.0770579
0.229525 0.347933
0.42194 0.0906557
0.826673 -0.515342
0.216594 0.442618
0.0742433 0.68249
0.195693 0.596844
0.83665 -0.670044
0.442358 -0.0832746
0.434466 -0.0284901
0.0594692 0.709654
0.187505 0.65266
0.847072 -0.752343
0.0277653 0.832298
0.0265879 0.835913
0.838809 -0.692559
0.622539 -0.181091
0.251114 0.258164
0.843083 -0.731777
0.2243 0.383549
0.621499 -0.165866
0.00323089 0.964013
0.629858 -0.292928
0.431872 -0.00658138
0.250406 0.260532
0.0165644 0.874638
0.201567 0.553032
0.628317 -0.268775
0.194628 0.60494
0.225046 0.380952
0.639283 -0.394171
0.202527 0.547116
0.230472 0.343024
0.836186 -0.6628
0.632041 -0.318894
0.64706 -0.439649
0.624672 -0.216121
0.196947 0.586518
0.439905 -0.0677852
0.0514384 0.735301
0.208757 0.497156
0.835938 -0.657057
0.624341 -0.210242
0.236018 0.310796
0.444049 -0.091195
0.075741 0.680571
0.831468 -0.59684
0.231778 0.335958
0.439255 -0.0660088
0.0411471 0.774465
0.423028 0.0825302
0.621676 -0.169819
0.832034 -0.604759
0.0164204 0.878569
0.221877 0.40129
0.00329484 0.959153
0.0118132 0.902797
0.410011 0.24406
0.428477 0.0229749
0.622168 -0.177951
0.196095 0.591932
0.444309 -0.092882
0.453594 -0.117072
0.828854 -0.554755
0.639756 -0.396212
0.0122473 0.899203
0.630255 -0.296308
0.832177 -0.608831
0.200893 0.558596
0.194047 0.608255
0.84085 -0.711599
0.189621 0.639522
