47191 70.0048
0.852051 -0.773306
5.19955e-18 1
0.618961 -0.130257
0.452508 -0.121482
0.823567 -0.45872
0.6534 -0.457824
0.256992 0.245964
0.409412 0.244494
0.086714 0.670383
0.182772 0.666667
0.41392 0.182104
0.412431 0.210174
0.416664 0.152629
0.430477 -0.00440462
0.247683 0.255331
0.6217 -0.177083
0.435357 -0.0497758
0.433179 -0.0322197
0.432041 -0.0222166
0.253262 0.246811
0.200241 0.552966
0.224351 0.372468
0.246632 0.270117
0.207232 0.502537
0.229276 0.344659
0.411316 0.2164
0.234596 0.312981
0.0788314 0.670639
0.410941 0.232798
0.83565 -0.666229
0.424912 0.0564638
0.429332 0.00927704
0.62497 -0.231797
0.623455 -0.207977
0.0491529 0.729171
0.441615 -0.0906589
0.239215 0.285357
0.41554 0.169903
0.443528 -0.100136
0.210969 0.46942
0.0348024 0.787063
0.621406 -0.159398
0.622716 -0.192088
0.205773 0.51194
0.417534 0.136819
0.627831 -0.270737
0.829651 -0.576473
0.825123 -0.490622
0.0472761 0.738223
0.0275756 0.81361
0.449349 -0.115252
0.018936 0.851844
0.0259453 0.820832
0.223344 0.38675
0.230198 0.333154
0.649605 -0.455368
0.0327152 0.792819
0.017263 0.859726
0.424255 0.0756076
0.426526 0.0317221
0.209904 0.480598
0.000523256 0.980963
0.825776 -0.500855
0.240816 0.278419
0.836803 -0.677805
0.199583 0.566685
0.422334 0.0833609
0.233087 0.323326
0.198601 0.570724
0.436957 -0.0590738
0.205131 0.520687
0.229264 0.357165
0.215825 0.442057
0.83511 -0.657177
0.427856 0.0258064
0.633279 -0.34358
0.630772 -0.307007
0.0220386 0.839644
0.424688 0.0666016
0.238454 0.296777
0.244192 0.274341
0.0576114 0.70646
0.196311 0.580846
0.6474 -0.448609
0.0306633 0.800148
7.85606e-05 0.991137
0.619522 -0.143472
0.0647024 0.692405
0.0292533 0.805768
0.218629 0.414412
0.214092 0.449473
0.428232 0.0146325
0.83033 -0.585798
0.208619 0.491765
0.829183 -0.566056
0.196159 0.58601
0.193501 0.607262
0.00539735 0.92659
0.630118 -0.297485
0.0403318 0.76411
0.824255 -0.468997
0.636885 -0.380587
0.640076 -0.405816
0.221005 0.400475
0.220038 0.404188
0.420594 0.0984751
0.829163 -0.55805
0.625933 -0.245387
0.421902 0.0917785
0.828093 -0.549497
0.636027 -0.371147
0.84128 -0.727031
0.0213847 0.846435
0.185557 0.663171
0.19504 0.597551
0.222093 0.389541
0.0513183 0.723315
0.188244 0.638909
0.0598504 0.698352
0.00674046 0.916483
0.420071 0.106804
0.0767276 0.674562
0.641019 -0.413662
0.445375 -0.106037
0.831017 -0.593214
0.642266 -0.419455
0.634735 -0.3502
0.638021 -0.386047
0.0421827 0.757824
0.00280137 0.954006
0.642796 -0.428018
0.212086 0.462009
0.0157708 0.866935
0.826092 -0.509991
0.0382684 0.768888
0.848136 -0.767519
0.645886 -0.442761
0.00186322 0.960791
0.832204 -0.61586
0.447732 -0.109502
0.009114 0.908067
0.623238 -0.196635
0.203862 0.528863
0.00418858 0.939587
0.627102 -0.256822
0.215843 0.432402
0.00298094 0.94529
0.226401 0.366343
0.0454822 0.743491
0.217092 0.427361
0.0124662 0.884275
0.189443 0.626441
0.0667606 0.687104
0.072609 0.675928
0.441249 -0.0815628
0.633089 -0.332993
0.20135 0.54346
0.0140152 0.87763
0.237028 0.306485
0.0367383 0.7781
0.834832 -0.64724
0.213274 0.456414
0.843794 -0.74473
0.628066 -0.277064
0.19136 0.618608
0.628675 -0.28554
0.0684563 0.683202
0.419942 0.115411
0.635092 -0.357748
0.217931 0.419542
0.0611721 0.695451
0.186624 0.644226
0.825005 -0.480426
0.438773 -0.0711409
0.84664 -0.761555
0.0708452 0.679333
0.831519 -0.606938
0.844615 -0.751446
0.438405 -0.0643843
0.231309 0.327156
0.191457 0.614164
0.0235901 0.830501
0.827475 -0.535927
0.0100729 0.90054
0.62592 -0.238616
0.833671 -0.635065
0.439437 -0.0782305
0.415265 0.172951
0.00475958 0.931632
0.631435 -0.315341
0.624319 -0.218452
0.632178 -0.328932
0.635478 -0.364829
0.827159 -0.52783
0.837651 -0.683245
0.62014 -0.147781
0.0115069 0.889563
0.425395 0.0440589
0.631549 -0.320816
0.228448 0.363695
0.83295 -0.62157
0.0542279 0.721248
0.833069 -0.629114
0.838222 -0.696431
0.189072 0.630896
0.629402 -0.290611
0.0560368 0.710817
0.41091 0.239766
0.8277 -0.542365
0.638928 -0.394244
0.203473 0.53465
0.831288 -0.601868
0.842291 -0.735142
0.42548 0.0425013
0.838866 -0.703697
0.840517 -0.720154
0.834125 -0.6425
0.0247806 0.829607
0.837853 -0.690838
0.419641 0.12822
0.0148513 0.872439
0.845598 -0.756828
0.621261 -0.155052
0.0542377 0.714344
0.000825159 0.971272
0.0103874 0.895121
0.63903 -0.398793
0.850094 -0.772078
0.626982 -0.255148
0.209251 0.487269
0.840069 -0.714922
0.186532 0.655879
0.839337 -0.708771
0.826507 -0.517048
0.419734 0.122304
0.0440332 0.748727
0.00738149 0.912389
0.202332 0.540513
0.645673 -0.43455
0.824437 -0.476025
0.417767 0.132569
0.0429814 0.75172
0.194489 0.601148
0.842748 -0.738729
0.237563 0.302383
0.0010272 0.967936
0.643894 -0.433884
0.0373035 0.77552
0.624298 -0.217774
0.82663 -0.522382
