207178 380.034
0.8511 -0.77123
1.58732e-07 1.02646
0.652501 -0.456406
0.823406 -0.456927
0.618446 -0.121914
0.453922 -0.12174
0.258784 0.245126
0.409364 0.24473
0.0818001 0.672526
0.182313 0.672507
0.239541 0.291444
0.245738 0.265777
0.243396 0.274783
0.433752 -0.0334837
0.251498 0.251531
0.0338099 0.796267
0.825367 -0.493319
0.0298221 0.808271
0.826225 -0.511553
0.203921 0.531324
0.00170474 0.965067
0.620731 -0.15946
0.830401 -0.579259
0.632463 -0.33051
0.436028 -0.0502372
0.419231 0.121345
0.0685643 0.685449
0.636907 -0.377769
0.828102 -0.546067
0.829491 -0.56615
0.624203 -0.215962
0.647983 -0.448517
0.0779367 0.675472
0.201306 0.546979
0.0642431 0.693575
0.000791435 0.980659
0.421873 0.0874084
0.619694 -0.142532
0.224167 0.378456
0.6315 -0.319015
0.205685 0.516048
0.836119 -0.669191
0.426896 0.0333142
0.427695 0.0224147
0.443895 -0.0979812
0.623353 -0.202614
0.410514 0.232261
0.055196 0.71766
0.186484 0.652616
0.828801 -0.557255
0.22245 0.390777
0.00621188 0.927454
0.18765 0.643903
3.56008e-07 1.01017
0.0569734 0.71059
0.234066 0.315291
0.425861 0.0422398
0.420941 0.0987919
0.439695 -0.0734001
0.225745 0.365533
0.442111 -0.09011
0.625344 -0.234488
0.0046682 0.936172
0.00788551 0.92005
0.429152 0.0143815
0.417876 0.137162
0.638212 -0.389933
0.441026 -0.0817967
0.626919 -0.257931
0.00878468 0.91083
0.415657 0.164512
0.830797 -0.590188
0.00984632 0.902601
0.192836 0.608994
0.824947 -0.484462
0.0733926 0.679658
0.194297 0.60184
0.622288 -0.184189
0.0036031 0.944013
0.624726 -0.224959
0.432873 -0.0250638
0.445956 -0.105662
0.191817 0.617919
0.41516 0.172824
0.215352 0.440048
0.62287 -0.195297
0.412711 0.202556
0.236057 0.307265
0.824881 -0.473246
0.841685 -0.723978
0.229436 0.344598
0.0140118 0.880393
0.425012 0.0518467
0.195533 0.59365
0.633497 -0.341476
0.0125219 0.888291
0.842319 -0.732179
0.0403399 0.766525
0.0114754 0.895081
0.233202 0.323746
0.227655 0.355266
0.621796 -0.176587
0.837804 -0.689622
0.190773 0.625432
0.20693 0.504351
0.635955 -0.368797
0.635209 -0.361759
0.214361 0.449501
0.823858 -0.466127
0.621398 -0.166287
0.0283889 0.814448
0.0187126 0.858705
0.0231272 0.837529
0.23078 0.3359
0.0444505 0.74999
0.027131 0.821905
0.430161 -0.0013861
0.629264 -0.289941
0.431231 -0.0112054
0.423715 0.0653149
0.0523284 0.723806
0.845098 -0.75072
0.420344 0.106649
0.209377 0.485848
0.640379 -0.404468
0.451041 -0.118146
0.630793 -0.310115
0.438231 -0.0653264
0.196351 0.586059
0.0152991 0.873988
0.0348048 0.78731
0.220042 0.409288
0.835722 -0.660322
0.200402 0.558858
0.416427 0.153931
0.036505 0.783736
0.839886 -0.710083
0.619102 -0.132234
0.833867 -0.638398
0.429523 0.0042663
0.000175357 0.994074
0.849778 -0.768704
0.847392 -0.761276
0.840823 -0.714871
0.646753 -0.443513
0.414205 0.182217
0.832412 -0.613768
0.213618 0.455828
0.641219 -0.413849
0.412016 0.211826
0.0217497 0.846018
0.431941 -0.0164184
0.216276 0.432872
0.413343 0.193973
0.231583 0.329949
0.831849 -0.602143
0.837116 -0.681173
0.419572 0.11457
0.0630797 0.698523
0.208089 0.496652
0.634429 -0.35254
0.411033 0.222912
0.210741 0.476794
0.218836 0.414625
0.220843 0.400642
0.197938 0.57421
0.41669 0.148524
1.41214e-05 1.00376
0.627655 -0.266338
0.0255974 0.827686
0.225135 0.372315
0.424308 0.0590998
0.198774 0.565697
0.0715204 0.682968
0.843817 -0.73947
0.827498 -0.534258
0.645334 -0.436423
0.218028 0.421571
0.626309 -0.24739
0.630075 -0.299726
0.84667 -0.757563
0.0595299 0.704129
0.0515059 0.728605
0.1971 0.578694
0.0423701 0.759352
0.188904 0.634922
0.0242804 0.832148
0.217232 0.426736
0.437327 -0.06009
0.62603 -0.244317
0.0485077 0.736826
0.423084 0.0752792
0.409832 0.243526
0.832976 -0.626016
0.237994 0.297021
0.000360537 0.986707
0.64283 -0.422307
0.422807 0.0783033
0.0493904 0.73284
0.447853 -0.110421
0.448781 -0.114196
0.228109 0.350712
0.185123 0.661586
0.237106 0.301064
0.206259 0.512435
0.183738 0.665603
0.833335 -0.631395
0.835471 -0.652338
0.831296 -0.598916
0.843971 -0.744549
0.244548 0.270113
0.417644 0.139975
0.643731 -0.429495
0.042649 0.756259
0.0379015 0.77575
0.211889 0.474255
0.628861 -0.283362
0.838951 -0.700047
0.41391 0.187809
0.208669 0.491052
0.832488 -0.61833
0.19033 0.634455
0.212758 0.463646
0.628217 -0.271582
0.826714 -0.521823
0.0171585 0.866566
0.00296256 0.95352
0.221723 0.396303
0.254903 0.247306
0.411589 0.217572
0.0196773 0.852661
0.628327 -0.278296
0.06042 0.702502
0.634092 -0.347159
0.0473066 0.743369
0.0466376 0.745548
0.436629 -0.0537701
0.202478 0.538536
0.211956 0.465696
0.639201 -0.399485
0.838977 -0.700736
0.630289 -0.303181
0.641991 -0.41847
0.00244191 0.956532
0.63879 -0.395737
0.834578 -0.646767
0.0387826 0.77174
0.61959 -0.137511
0.25329 0.250179
0.0169398 0.868318
