82465 50.0018
1.93239e-08 1.34185
0.838219 -0.51619
0.0326944 1.07372
0.638861 -0.22759
0.63885 -0.22062
2.18399e-10 1.71346
0.448105 0.0816723
0.648939 -0.294747
7.94711e-08 1.3227
0.0169727 1.07571
0.435858 0.0857343
0.187586 0.795725
0.249794 0.404721
0.24979 0.406282
0.6231 -0.0608324
0.838962 -0.59145
0.623095 -0.0395036
0.65397 -0.336592
0.653968 -0.32121
5.41612e-06 1.16885
0.838928 -0.572119
0.18757 0.797487
0.843228 -0.602926
0.0481336 0.936228
0.632385 -0.203702
0.0476196 0.944576
0.632384 -0.201761
2.3977e-06 1.21483
0.844134 -0.608697
0.0475672 0.966142
0.216749 0.611164
0.828027 -0.411792
0.216752 0.593487
0.0283958 1.07557
0.431015 0.119194
0.239139 0.432623
0.214979 0.620061
0.651562 -0.311811
0.632391 -0.214383
0.831905 -0.501611
0.0481629 0.913825
0.0675618 0.885586
0.454974 0.00921331
0.454965 0.0560837
2.55163e-06 1.20243
0.205802 0.66355
0.0405767 0.968244
1.3202e-06 1.21815
0.621337 -0.0382004
0.418345 0.33037
1.14846e-07 1.26171
5.12315e-06 1.18902
1.55205e-08 1.56637
0.0338146 0.987185
0.41835 0.25444
0.237079 0.434668
0.0081574 1.08095
0.418335 0.344936
0.430981 0.1374
0.626605 -0.12393
0.0081554 1.09503
0.224229 0.549557
0.84643 -0.645603
0.626608 -0.138406
0.100979 0.869509
0.624292 -0.0903625
0.430973 0.14959
0.225662 0.538724
0.430955 0.171822
0.626601 -0.120404
0.222555 0.57055
0.62429 -0.0833735
0.257553 0.403237
0.0447698 0.966471
