121199 370.056
0.851544 -0.771022
3.95041e-07 1.03004
0.823371 -0.456321
0.652314 -0.456138
0.45358 -0.122001
0.618469 -0.122441
0.409328 0.244708
0.25774 0.244871
0.0840846 0.672832
0.182262 0.672567
0.193582 0.604989
4.57056e-07 1.00837
0.624319 -0.217598
0.188824 0.635573
0.191304 0.619873
0.0205273 0.849625
0.0734433 0.678857
0.621273 -0.165854
0.4321 -0.018523
0.0181573 0.861498
0.631408 -0.315888
0.827715 -0.538989
0.186679 0.649842
0.836748 -0.674381
0.413519 0.193087
0.414158 0.184044
0.43341 -0.0295147
0.826957 -0.52381
0.19493 0.593329
0.838834 -0.70075
0.199915 0.565385
0.624984 -0.228843
0.840108 -0.711038
0.449385 -0.115283
0.00047779 0.984558
0.637063 -0.379174
0.0484184 0.735723
0.420741 0.100096
0.623506 -0.200869
0.415028 0.171463
0.417348 0.144471
0.00226839 0.9587
0.202478 0.539865
0.416475 0.15424
0.841757 -0.727784
0.428524 0.0197395
0.63799 -0.387533
0.437836 -0.0638246
0.441017 -0.07912
0.825944 -0.505428
0.621845 -0.177269
0.00986663 0.910329
0.0436674 0.753507
0.412637 0.205684
0.634274 -0.349387
0.235311 0.310788
0.62225 -0.186248
0.644 -0.430783
0.439103 -0.0727067
0.630383 -0.304541
0.843336 -0.73844
0.228311 0.350491
0.00612672 0.928929
0.642348 -0.422095
0.0010696 0.974048
0.42005 0.110976
0.205671 0.515237
0.231889 0.327809
0.427198 0.0299011
0.0105795 0.898859
0.190289 0.627679
0.447126 -0.11151
0.00510189 0.936578
0.0696167 0.683855
0.632188 -0.326695
0.0128297 0.886441
0.0801647 0.67791
0.826598 -0.516638
0.645502 -0.437548
0.419336 0.118528
0.20948 0.491778
0.247174 0.262327
0.0325664 0.798002
0.828701 -0.557166
0.625694 -0.238984
0.415731 0.164087
0.254891 0.248693
0.828121 -0.546961
0.0307045 0.804491
0.840982 -0.720439
0.20397 0.528703
0.185345 0.662622
0.422189 0.0832517
0.243406 0.274068
0.636501 -0.367139
0.0143518 0.878069
0.421555 0.0907419
0.0278915 0.817477
0.227466 0.356692
0.245346 0.26777
0.431075 -0.00777959
0.845231 -0.750419
0.249456 0.256094
0.214137 0.45495
0.620333 -0.153337
0.647854 -0.448395
0.442201 -0.088815
0.619059 -0.132021
0.42901 0.0108366
0.837776 -0.68529
0.619458 -0.139568
0.200494 0.554378
0.445362 -0.102937
0.029404 0.811558
0.251692 0.252354
0.633317 -0.340891
0.418152 0.13461
0.832428 -0.614657
0.201227 0.549072
0.848876 -0.765809
0.628744 -0.281615
0.066109 0.691281
0.418461 0.12803
0.424149 0.0626709
0.217471 0.4309
0.210712 0.478503
0.211888 0.467499
0.0420855 0.761765
0.629217 -0.289314
0.20755 0.504475
0.831109 -0.595491
0.215443 0.44067
0.628204 -0.272802
0.00187184 0.966101
0.832836 -0.624618
0.230085 0.340434
0.823816 -0.464903
0.833377 -0.630488
0.225801 0.364923
0.838163 -0.690489
0.629887 -0.297212
0.218226 0.420552
0.834014 -0.639876
0.212338 0.46387
0.623476 -0.195992
0.0120216 0.893813
0.652147 -0.453373
0.00352334 0.946465
0.00718425 0.919544
0.0467083 0.744323
0.214446 0.448819
0.220141 0.405999
0.830461 -0.585389
0.0606804 0.707819
0.836326 -0.663189
0.0529471 0.723786
0.20801 0.497865
0.411196 0.223467
0.241641 0.279973
0.0634262 0.697117
0.639308 -0.397303
0.0249684 0.832705
0.835108 -0.653125
0.240387 0.284451
0.223161 0.386371
0.632852 -0.333559
0.062497 0.700408
0.183264 0.669328
0.230404 0.337087
0.239026 0.29112
0.425452 0.0488176
0.627086 -0.25219
0.0171369 0.868836
0.429877 0.00339341
0.0548678 0.716963
0.626411 -0.24615
0.058422 0.708727
0.84436 -0.744106
0.0227728 0.842786
0.209962 0.481611
0.82492 -0.486632
0.647015 -0.444883
0.824544 -0.471629
0.824731 -0.478779
0.0559889 0.714043
0.63509 -0.359483
0.620054 -0.149009
0.0458917 0.747427
0.185936 0.65486
0.834449 -0.645642
0.0507421 0.729412
0.22141 0.396874
0.434564 -0.0380779
0.831958 -0.607723
0.234103 0.318243
0.426838 0.0374016
0.847259 -0.757581
0.640894 -0.41197
0.196533 0.585227
0.0159833 0.873171
0.0343606 0.79188
0.0266045 0.825471
0.627259 -0.26065
0.410182 0.235345
0.00803642 0.915891
0.224454 0.375886
0.0681344 0.688448
0.206429 0.512506
0.0231675 0.839256
0.0351685 0.788407
0.197876 0.574256
0.0386498 0.773747
0.436675 -0.0551299
0.425916 0.0425696
0.411836 0.211892
0.203799 0.531417
0.233728 0.322854
0.221894 0.394198
0.627567 -0.266198
0.216287 0.434806
0.831867 -0.600389
0.410457 0.232177
0.639912 -0.40285
0.43555 -0.0460576
0.225215 0.369662
0.430615 -0.00203352
0.000187488 0.995897
0.0406461 0.765173
0.423238 0.0721905
0.830087 -0.580678
0.219331 0.417151
0.82547 -0.496376
0.0808082 0.673832
0.829866 -0.573209
0.423005 0.0737438
0.00391974 0.945115
0.223618 0.381167
0.641548 -0.414558
0.197985 0.573724
0.0370516 0.782905
0.82932 -0.564763
0.237063 0.302284
0.411564 0.217737
0.000105302 0.997325
0.219551 0.409959
0.0396119 0.770079
0.835482 -0.660163
0.037063 0.779248
0.847279 -0.761333
0.196268 0.585992
