4170 10.0009
0.850995 -0.770039
4.53998e-13 1.005
0.626481 -0.245428
0.452517 -0.118488
0.419286 0.173215
0.259382 0.246525
0.649614 -0.427451
0.822157 -0.429913
0.0815239 0.674984
0.182536 0.674924
0.638021 -0.371447
0.628187 -0.270143
0.442075 0.00121041
0.44938 -0.112043
0.419998 0.138638
0.425101 0.0578629
0.422738 0.0831555
0.431755 0.00973222
0.642215 -0.40163
0.644085 -0.419228
0.435873 0.00470687
0.196955 0.581299
0.193473 0.607062
0.19885 0.567364
0.184194 0.664302
0.190686 0.62574
0.20189 0.544621
0.193246 0.611477
0.195937 0.590326
0.200338 0.558168
0.185946 0.654437
0.0289717 0.812009
0.214056 0.452565
0.000959505 0.975793
0.204259 0.526401
0.838426 -0.694882
0.188945 0.636661
0.00175935 0.969214
0.82637 -0.513375
0.000549603 0.984332
0.187546 0.645581
0.20943 0.485585
0.833808 -0.635595
0.0129999 0.88958
0.0306675 0.804704
0.205279 0.518753
0.00864287 0.912392
0.210637 0.480024
0.203451 0.532496
0.202621 0.538391
0.839065 -0.703341
0.21529 0.445016
0.828798 -0.557303
0.218557 0.418088
0.827004 -0.52652
0.83002 -0.577082
0.00230023 0.961546
0.829291 -0.564395
0.240193 0.28791
0.8259 -0.503847
0.834822 -0.649974
0.00021948 0.991094
0.830294 -0.584269
0.848135 -0.762981
0.826654 -0.519128
0.0438981 0.752678
5.35488e-05 0.99817
0.822591 -0.436325
0.0751798 0.680468
0.0641033 0.694156
0.0121068 0.895032
0.82952 -0.570805
0.234804 0.314202
0.242877 0.276438
0.844483 -0.745917
0.00324022 0.949564
0.182799 0.672838
0.0209838 0.849191
0.845292 -0.751144
0.0026304 0.955988
0.842351 -0.730422
0.00391174 0.944558
0.0528385 0.723127
0.0491385 0.735493
0.219849 0.40938
0.0625681 0.698691
0.207905 0.499476
0.0172576 0.866706
0.238865 0.293054
0.24677 0.263884
0.220886 0.401742
0.832057 -0.610039
0.8247 -0.481576
0.206466 0.509341
0.00771799 0.91872
0.828421 -0.550939
0.226549 0.362358
0.245258 0.268265
0.843499 -0.740765
0.0044928 0.938374
0.212565 0.465508
0.243877 0.271096
0.217735 0.426006
0.850071 -0.766382
0.830749 -0.590133
0.0476319 0.73879
0.232545 0.327329
0.235549 0.307841
0.835236 -0.657208
0.207164 0.503413
0.227853 0.353444
0.0181212 0.861892
0.0516606 0.728018
0.0724418 0.682
0.842917 -0.735997
0.0507274 0.7315
0.211206 0.473879
0.833396 -0.628718
0.216822 0.431254
0.00959275 0.907171
0.837827 -0.688479
0.8244 -0.475192
0.0691115 0.686921
0.841469 -0.725204
0.0197066 0.853545
0.824116 -0.470209
0.0137512 0.882678
0.199949 0.561499
0.836081 -0.667042
0.22312 0.385274
0.186978 0.649335
0.225583 0.368469
0.248194 0.260961
0.0107253 0.899045
0.0398813 0.76784
0.205939 0.514155
0.070588 0.683661
0.00519355 0.934046
0.21617 0.435449
0.046851 0.743681
0.024437 0.834804
0.0410561 0.764569
0.042877 0.756744
0.0543153 0.719769
0.058827 0.707975
0.0281613 0.818404
0.831593 -0.604775
0.0783131 0.676008
0.823863 -0.463948
0.0189344 0.857391
0.0058046 0.929257
0.226988 0.358149
0.0423273 0.761171
0.835625 -0.661179
0.233019 0.321203
0.0655434 0.690672
0.215804 0.440928
0.840445 -0.717117
0.822793 -0.442887
0.211776 0.469681
0.0670465 0.68886
0.231412 0.330799
0.0608042 0.700997
0.0253667 0.830056
0.237198 0.30041
0.196154 0.589993
0.251818 0.252173
0.82495 -0.487369
0.0597914 0.70407
0.840064 -0.711283
0.0553381 0.716591
0.0769452 0.6771
0.832513 -0.616192
0.831078 -0.595606
0.229759 0.340967
0.0221248 0.844554
0.236354 0.304514
0.222444 0.389584
0.238045 0.296886
0.253132 0.250312
0.827887 -0.54225
0.233911 0.318584
0.0236688 0.838294
0.846253 -0.756257
0.846975 -0.758323
0.228899 0.349317
0.256516 0.247346
0.0375283 0.779451
0.827603 -0.53577
0.836674 -0.676146
0.0389801 0.772165
0.827339 -0.532805
0.010565 0.903761
0.832906 -0.624762
0.0145124 0.880422
0.241136 0.282791
0.0344359 0.789799
0.836418 -0.671743
0.038208 0.774862
0.221449 0.397051
0.250247 0.255429
0.831308 -0.599927
0.84113 -0.720449
0.0573532 0.710712
0.22903 0.34528
0.0563632 0.713014
0.0160887 0.871284
0.839779 -0.707436
0.255426 0.248891
0.241576 0.280422
0.0459973 0.748869
0.033573 0.793077
0.249147 0.25686
0.828139 -0.545417
0.220059 0.407488
0.837125 -0.680828
0.0327426 0.796084
0.834197 -0.642853
0.218131 0.420919
0.823421 -0.455577
0.823177 -0.450892
0.222182 0.394159
0.00667382 0.925497
0.0229934 0.842498
0.825658 -0.499872
0.0265361 0.823443
0.832722 -0.619645
0.0155746 0.876098
0.0355412 0.786835
0.823605 -0.459619
0.189491 0.632368
0.825423 -0.495374
0.189792 0.629166
0.83759 -0.684004
0.224028 0.380678
0.0260269 0.826964
0.825259 -0.491519
0.224489 0.374493
0.00688205 0.921981
0.208804 0.49291
0.82306 -0.446725
0.213239 0.458553
0.231031 0.335343
0.208758 0.493103
0.0271671 0.819934
0.834302 -0.644212
0.213115 0.459321
0.225028 0.371219
0.230579 0.337559
0.0322448 0.800044
