98489 330.06
0.851833 -0.773369
1.80709e-16 1
0.652512 -0.458263
0.823332 -0.458263
0.453882 -0.124218
0.618397 -0.124219
0.409314 0.24216
0.257762 0.242161
0.0830011 0.669652
0.182229 0.669652
0.020962 0.842389
0.0243758 0.826978
0.184168 0.658726
0.834461 -0.650478
0.839276 -0.70821
0.44794 -0.116286
0.445197 -0.106551
0.223624 0.375989
0.631731 -0.325328
0.186692 0.64372
0.2273 0.351336
0.4109 0.222649
0.0508491 0.723902
0.0551687 0.710677
0.635622 -0.369133
0.835469 -0.663959
0.420328 0.101119
0.836965 -0.679934
0.621328 -0.174104
0.633118 -0.34183
0.41007 0.232061
0.638893 -0.399697
0.443288 -0.0992689
0.841689 -0.730594
4.30863e-05 0.99395
0.0525303 0.718462
0.000455323 0.978655
0.832284 -0.618975
0.842753 -0.739019
0.215736 0.43317
0.847341 -0.764897
0.225312 0.364454
0.218097 0.41591
0.62533 -0.237518
0.413399 0.188172
0.430049 -0.00408694
0.411689 0.210563
0.0611277 0.69533
0.234898 0.306392
0.837845 -0.692837
0.245438 0.261661
0.198507 0.563763
0.0129332 0.881164
0.645468 -0.442346
0.831192 -0.601968
0.00472411 0.930576
0.824647 -0.484721
0.0115405 0.88848
0.01437 0.873856
0.450686 -0.121912
0.229013 0.340436
0.221025 0.394377
0.00780196 0.909891
0.199558 0.556054
0.233414 0.314434
0.827941 -0.54687
0.414072 0.17936
0.43211 -0.0229941
0.0677501 0.682228
0.191364 0.613835
0.421244 0.0902489
0.621814 -0.182112
0.830646 -0.593173
0.424615 0.0517782
0.830067 -0.583556
0.634318 -0.355162
0.0377009 0.770921
0.209964 0.477122
0.422405 0.0767081
0.188344 0.633451
0.649022 -0.454101
0.239347 0.28856
0.647884 -0.4487
0.829354 -0.571616
0.214612 0.441644
0.637125 -0.38391
0.836011 -0.67089
0.628034 -0.276816
0.00938338 0.90043
0.619643 -0.145742
0.415881 0.15612
0.0478969 0.733354
0.242074 0.273385
0.194106 0.595163
0.206256 0.505575
0.840608 -0.721125
0.00565238 0.923895
0.412663 0.197746
0.426474 0.0334855
0.243441 0.268313
0.0310973 0.797883
0.202105 0.537081
0.62282 -0.198426
0.204646 0.517861
0.197371 0.572017
0.622389 -0.191467
0.0444749 0.745303
0.211192 0.469316
0.433201 -0.0324359
0.232261 0.320947
0.623411 -0.207813
0.434847 -0.0459062
0.437117 -0.0629502
0.0404211 0.760345
0.849642 -0.771347
0.637861 -0.390698
0.0261048 0.819534
0.0573783 0.704619
0.23722 0.294603
0.0702691 0.678419
0.64416 -0.435946
0.627311 -0.2666
0.441678 -0.0912556
0.415185 0.165021
0.231096 0.32775
0.833752 -0.64057
0.226076 0.359452
0.248711 0.252784
0.623831 -0.214442
0.640031 -0.408911
0.0297853 0.803438
0.826375 -0.518084
0.643074 -0.429832
0.0283934 0.809397
0.058887 0.700733
0.827518 -0.539221
0.416465 0.148718
0.619025 -0.135135
0.0728408 0.675231
0.219209 0.407419
0.433825 -0.037663
0.219861 0.402656
0.251479 0.247316
0.0177181 0.85753
0.00212997 0.953937
0.825301 -0.497532
0.635458 -0.363516
0.415014 0.171637
0.236205 0.299622
0.624746 -0.22863
0.630241 -0.306544
0.0101849 0.895876
0.419563 0.110341
0.0192551 0.850287
0.828612 -0.558771
0.82585 -0.508107
0.629038 -0.290485
0.62058 -0.16163
0.0389548 0.766243
0.0786131 0.670686
0.0636913 0.689967
0.0649914 0.68715
0.00164498 0.959357
0.624379 -0.222983
0.630935 -0.315421
0.429204 0.00404964
0.421739 0.0844308
0.2073 0.497572
0.832949 -0.62893
0.628492 -0.283176
0.00103347 0.967824
0.247621 0.256491
0.839999 -0.715243
0.205361 0.512406
0.0327559 0.79096
0.033597 0.787472
0.423157 0.0681352
0.189587 0.625551
0.190168 0.621726
0.435628 -0.0519967
0.196527 0.578094
0.203491 0.526967
0.41816 0.12751
0.431018 -0.0131475
0.200649 0.548165
0.826886 -0.527626
0.182951 0.666036
0.0043763 0.941731
0.824135 -0.47453
0.0271077 0.814962
0.412177 0.204452
0.620013 -0.152051
0.195304 0.586777
0.427007 0.0261765
0.0357179 0.778826
0.837676 -0.690923
0.212551 0.457618
0.211841 0.462745
0.418967 0.117596
0.438414 -0.0718182
0.209299 0.484633
0.626964 -0.261632
0.222359 0.384821
0.0424482 0.752711
0.823838 -0.468546
0.428043 0.0155687
0.84399 -0.747678
0.82507 -0.493022
0.201135 0.544346
0.626441 -0.25403
0.436615 -0.0576269
0.423794 0.0609036
0.42869 0.00909468
0.438748 -0.0739624
0.64203 -0.423275
0.00295677 0.94535
0.187298 0.639993
0.193216 0.601314
0.425543 0.0418746
0.641004 -0.412458
0.829604 -0.575855
0.625989 -0.24737
0.833451 -0.635285
0.828516 -0.557084
0.016087 0.865378
0.0352929 0.78066
0.20308 0.529736
0.641453 -0.419377
0.827098 -0.53155
0.417296 0.138285
0.42752 0.0208889
0.25405 0.243973
0.84575 -0.757776
0.418032 0.130713
0.629534 -0.29726
0.22205 0.387
0.213752 0.448168
0.618763 -0.130598
0.633646 -0.347837
0.417041 0.141464
0.24028 0.280652
0.431525 -0.0160647
0.440082 -0.0822604
0.0158031 0.866762
0.000718818 0.973174
0.213411 0.45138
0.425282 0.0444893
0.207894 0.493081
0.844345 -0.7499
0.631325 -0.32031
