42582 120.015
0.850863 -0.76316
9.14368e-07 1.13729
0.651756 -0.448759
0.823476 -0.449572
0.618515 -0.113421
0.455382 -0.113047
0.409467 0.254094
0.258293 0.254743
0.0834975 0.682623
0.182833 0.680989
1.44592e-06 1.03209
1.41898e-06 1.1253
0.244612 0.280717
0.624314 -0.207675
0.241402 0.292243
0.0112618 0.913341
0.0434802 0.768049
0.623357 -0.188959
0.0454813 0.759462
0.00629599 0.942903
0.00712946 0.927371
0.211059 0.484968
0.629004 -0.27659
0.413999 0.193648
0.0482277 0.750986
0.422222 0.095303
0.209349 0.49861
0.0326213 0.806911
0.63173 -0.310958
0.844321 -0.737332
0.0308057 0.81604
0.832742 -0.616273
0.423753 0.0810618
0.825237 -0.484829
0.619023 -0.124205
0.239833 0.300402
0.000599365 0.999267
0.640904 -0.401509
0.0405901 0.777945
0.0687237 0.694188
0.620639 -0.146152
0.237354 0.307596
0.825935 -0.495558
0.829578 -0.559445
0.00913747 0.921743
0.0769549 0.68568
0.195982 0.59601
0.432941 -0.0132341
0.0584437 0.720052
0.191779 0.623918
0.44922 -0.104841
0.828669 -0.54769
0.0613895 0.715548
0.835178 -0.644855
0.234136 0.329304
0.633197 -0.329823
0.848322 -0.757019
0.431804 -0.00444906
0.253662 0.255266
0.646815 -0.432689
0.62804 -0.258287
0.63059 -0.298548
0.430784 0.00449974
0.82489 -0.473405
1.62205e-05 1.01891
0.634284 -0.34152
0.413251 0.207262
0.428251 0.0312339
0.839313 -0.690955
0.414747 0.183758
0.82649 -0.505401
0.0295188 0.824782
0.410445 0.243481
0.419974 0.126449
0.0718967 0.689435
0.425435 0.0592437
0.207739 0.52232
0.442897 -0.0801177
0.429526 0.0199279
0.626738 -0.244251
0.625295 -0.215856
0.00118056 0.988301
0.625706 -0.225862
0.416956 0.160561
0.840623 -0.70799
0.000139523 1.01021
0.640079 -0.391698
0.418767 0.136006
0.626057 -0.235231
0.834105 -0.633337
0.0208717 0.866803
0.622147 -0.173441
0.199747 0.575937
0.0345833 0.799357
0.0249084 0.849218
0.204608 0.535064
0.437109 -0.0513359
0.436615 -0.0402824
0.203965 0.542389
0.417771 0.151366
0.839594 -0.700039
0.0557224 0.725845
0.21377 0.465117
0.205857 0.526332
0.197433 0.586666
0.421578 0.102555
0.446644 -0.0989764
0.00465739 0.949357
0.830732 -0.575251
0.220244 0.419101
0.216393 0.44357
0.0660424 0.700192
0.00352235 0.956064
0.232762 0.337659
0.185644 0.668236
0.251839 0.262857
0.194012 0.617116
0.228921 0.355895
0.207793 0.509276
0.246726 0.27198
0.642021 -0.411592
0.0510507 0.745352
0.842989 -0.727794
0.184317 0.676508
0.225073 0.386109
0.230374 0.348333
0.187736 0.655204
0.038675 0.791587
0.0193958 0.873202
0.226096 0.381021
0.63007 -0.292348
0.438079 -0.0572166
0.425033 0.0688289
0.0128262 0.900168
0.0278026 0.830876
0.832237 -0.60501
0.841692 -0.716328
0.827446 -0.524552
0.200406 0.565838
0.0639067 0.7096
0.829917 -0.568225
0.451887 -0.110169
0.420536 0.111201
0.429942 0.0136757
0.62275 -0.183138
0.195402 0.605125
0.410877 0.235751
0.629549 -0.282115
0.235233 0.320574
0.416208 0.168929
0.415579 0.175605
0.0212972 0.856961
0.426032 0.0496602
0.0396902 0.783435
0.824367 -0.464554
0.845742 -0.74652
0.23605 0.31546
0.186535 0.662269
0.636879 -0.370832
0.41847 0.143864
0.217782 0.43786
0.20271 0.551007
0.412673 0.222354
0.441506 -0.0736882
0.41143 0.227538
0.215486 0.452067
0.649125 -0.438537
0.827951 -0.534856
0.824031 -0.457419
0.643147 -0.415572
0.0367343 0.79574
0.214753 0.457259
0.0510648 0.738255
0.636095 -0.361737
0.837588 -0.678315
0.420158 0.117629
0.838466 -0.680894
0.412752 0.213013
0.427799 0.0380057
0.227984 0.362119
0.221001 0.413253
0.846546 -0.750212
0.439343 -0.0650963
0.835878 -0.658393
0.212378 0.477945
0.0257039 0.839238
0.649387 -0.444278
0.190158 0.645327
0.231418 0.342504
0.0168589 0.881127
0.621719 -0.164969
0.212566 0.472196
0.1983 0.581507
0.638818 -0.385347
0.02359 0.854854
0.426672 0.0440321
0.219332 0.428879
0.00338712 0.965818
0.188579 0.6479
0.226817 0.371215
0.191049 0.633425
0.835705 -0.652411
0.19512 0.612255
0.423935 0.0746246
0.0759492 0.688888
0.434108 -0.0222725
0.445057 -0.0945009
0.627498 -0.253346
0.249736 0.265656
0.645181 -0.424912
0.0529135 0.732682
0.621187 -0.156992
0.434762 -0.0241817
0.0156942 0.89006
0.831719 -0.59492
0.0150728 0.891727
0.828581 -0.539002
0.842938 -0.721359
0.826784 -0.515227
0.0647619 0.704672
0.208711 0.505374
0.223224 0.396045
0.619992 -0.134559
0.223295 0.393756
0.00275421 0.969849
0.83698 -0.66766
0.200848 0.559985
0.190195 0.635486
0.644185 -0.423702
0.632526 -0.319237
0.0175039 0.878127
0.0133265 0.899227
0.833682 -0.626511
0.222126 0.405277
0.440381 -0.0682849
0.00151361 0.980131
0.635023 -0.347933
0.201961 0.555408
0.0544885 0.731137
0.00217311 0.97711
0.0261886 0.835968
0.248496 0.270274
0.620376 -0.135291
0.830748 -0.58572
0.218587 0.430941
0.444252 -0.0889322
0.435401 -0.0340189
0.637817 -0.375547
0.632629 -0.322622
0.638363 -0.37967
