118493 360.058
0.852006 -0.771228
6.37168e-08 1.02032
0.823364 -0.455962
0.652372 -0.455882
0.618474 -0.122349
0.453981 -0.121905
0.409386 0.244928
0.257068 0.244956
0.18241 0.672571
0.0815325 0.672649
0.625667 -0.238979
0.226097 0.365931
0.626934 -0.25712
0.448022 -0.112819
0.228601 0.347149
0.623677 -0.208529
0.830075 -0.578629
0.622669 -0.189189
0.828531 -0.553521
0.831106 -0.596351
0.832949 -0.625375
0.423332 0.0700397
0.185248 0.661576
0.41044 0.231523
0.431544 -0.0130219
0.437535 -0.0585552
0.000380252 0.986275
0.191241 0.619431
0.217725 0.422868
0.834311 -0.644588
0.842278 -0.729243
0.438944 -0.0703819
0.418466 0.127769
0.419534 0.114983
0.421051 0.098684
0.224367 0.375367
0.625126 -0.222872
0.216496 0.433741
0.00255014 0.956801
0.836761 -0.675882
0.000122355 1.00012
0.445734 -0.104322
0.635541 -0.363071
0.0280489 0.816122
0.187114 0.645996
0.188405 0.637067
0.0299208 0.807247
0.843674 -0.741878
0.234466 0.312626
0.425722 0.0448137
0.838709 -0.695082
0.453217 -0.121487
0.016379 0.869222
0.193188 0.607947
0.63866 -0.393772
0.0100338 0.902818
0.2192 0.41451
0.620579 -0.157871
0.00490188 0.934922
0.649626 -0.449382
0.421995 0.0866971
0.846976 -0.760258
0.417624 0.145392
0.645299 -0.438248
0.63382 -0.341793
0.223099 0.383588
1.36249e-07 1.00893
0.824342 -0.472349
0.0251923 0.829001
0.426512 0.0349081
0.647214 -0.444682
0.639686 -0.401776
0.631182 -0.31411
0.0750255 0.677398
0.0371352 0.779698
0.213345 0.45496
0.424796 0.0584995
0.220078 0.406463
0.0539014 0.719538
0.825726 -0.502059
0.436031 -0.0510578
0.202402 0.541735
0.63282 -0.333309
0.221051 0.398434
0.0413021 0.76214
0.42817 0.0193361
0.413146 0.195377
0.185697 0.653717
0.432898 -0.025491
0.420221 0.107185
0.422332 0.0803604
0.629065 -0.285422
0.418069 0.136413
0.197376 0.577651
0.627661 -0.267792
0.411226 0.223035
0.0571076 0.713942
0.222044 0.390955
0.00150755 0.966836
0.84625 -0.750844
0.430639 -0.00455934
0.018772 0.862293
0.0265733 0.8226
0.644213 -0.430225
0.205887 0.515402
0.0065789 0.922416
0.637665 -0.384555
0.0213319 0.847364
0.211243 0.476648
0.636381 -0.372487
0.207435 0.502574
0.823839 -0.465577
0.0787826 0.675339
0.835513 -0.660278
0.621154 -0.167242
0.827769 -0.538097
0.0593378 0.705119
0.0673048 0.687169
0.210064 0.481515
0.411777 0.215087
0.0658994 0.691402
0.835979 -0.662281
0.832611 -0.620229
0.834533 -0.646918
0.416387 0.15386
0.443324 -0.0936662
0.199048 0.567505
0.84879 -0.76651
0.200631 0.553362
0.233167 0.320886
0.831928 -0.609296
0.21527 0.441548
0.829156 -0.564725
0.199104 0.563277
0.214593 0.447551
0.203295 0.534328
0.624386 -0.217768
0.0155315 0.877079
0.622054 -0.181766
0.232224 0.325795
0.0316375 0.801395
0.243312 0.281499
0.229604 0.340653
0.236049 0.305079
0.441419 -0.0860807
0.247038 0.262057
0.641993 -0.419996
0.841398 -0.721935
0.00825811 0.912638
0.039662 0.768712
0.6306 -0.306435
0.0350014 0.785847
0.0327759 0.796005
0.0139458 0.881472
0.062037 0.699092
0.629703 -0.295981
0.621841 -0.173622
0.824791 -0.484038
0.208903 0.490003
0.0431235 0.756364
0.435061 -0.043955
0.839348 -0.705713
0.0383724 0.772845
0.825382 -0.49548
0.204599 0.523699
0.237792 0.296787
0.840563 -0.715884
0.00333474 0.946958
0.206461 0.50883
0.211828 0.466557
0.00591714 0.926482
0.429211 0.010333
0.241192 0.28164
0.0498798 0.732491
0.829483 -0.569024
0.0708537 0.683514
0.249207 0.255766
0.0627732 0.69587
0.826497 -0.513027
0.826967 -0.524513
0.444115 -0.0984892
0.208407 0.494402
0.424845 0.0532019
0.414018 0.184657
0.620051 -0.148212
0.194987 0.593716
0.41598 0.160116
0.196131 0.585157
0.44035 -0.0772485
0.0235666 0.838933
0.415443 0.167329
0.20105 0.549398
0.25333 0.248436
0.00387901 0.943449
0.00101097 0.976589
0.837627 -0.687597
0.634528 -0.353973
0.643381 -0.423476
0.0127159 0.887709
0.0722734 0.681803
0.0344112 0.790644
0.212565 0.463358
0.0483459 0.743907
0.637039 -0.378461
0.0191042 0.856065
0.244188 0.270764
0.0115405 0.894508
0.831601 -0.604479
0.0490493 0.734811
0.844428 -0.746687
0.827321 -0.530153
0.189736 0.629214
0.0519963 0.725167
0.634277 -0.350774
0.00851761 0.909608
0.83729 -0.683034
0.628697 -0.278663
0.0573831 0.707662
0.632066 -0.32354
0.193715 0.603148
0.413111 0.206523
0.0203272 0.850834
0.204068 0.527808
0.0236133 0.836776
0.414795 0.17489
0.429866 0.00235316
0.628196 -0.273735
0.640959 -0.411547
0.190108 0.626789
0.839707 -0.709304
0.825124 -0.487083
0.0471708 0.745647
0.413649 0.188082
0.245638 0.265343
0.0451805 0.74982
0.8266 -0.515948
0.640729 -0.409613
0.619441 -0.137501
0.630039 -0.299837
0.434411 -0.0381291
0.652051 -0.455648
0.194596 0.597431
0.618981 -0.127814
0.250405 0.253323
0.619797 -0.143961
0.236948 0.300737
0.239491 0.289335
0.231513 0.334689
0.434243 -0.0333612
0.851293 -0.769175
