245700 530.064
0.851833 -0.773369
5.55112e-17 1
5.55112e-17 1
0.652512 -0.458263
0.823332 -0.458264
0.618397 -0.124219
0.453882 -0.124218
0.409314 0.242161
0.257762 0.242161
0.0830014 0.669652
0.182229 0.669652
0.845177 -0.754824
0.842775 -0.739186
0.0221983 0.836832
0.642425 -0.425821
0.419044 0.116649
0.217221 0.422082
0.0246698 0.825672
0.635748 -0.370421
0.826404 -0.51862
0.215284 0.43657
0.210984 0.469299
0.0327409 0.791011
0.232065 0.322074
0.434621 -0.0441282
0.423981 0.0588117
0.18402 0.659573
0.433184 -0.0322958
0.424915 0.0484884
0.627898 -0.274923
0.23332 0.314955
0.053863 0.714449
0.846844 -0.762635
0.235064 0.305519
0.634339 -0.355558
0.209783 0.478516
0.207283 0.497703
0.0199541 0.847036
0.417769 0.132365
0.430508 -0.00841658
0.644756 -0.438992
0.185652 0.650004
0.63857 -0.39683
0.236379 0.298747
0.224838 0.368407
0.192359 0.607145
0.627198 -0.265004
0.837677 -0.690841
0.199129 0.559208
0.82491 -0.489898
0.630436 -0.309059
0.625496 -0.240016
0.409921 0.234039
0.848905 -0.769764
0.428296 0.0132276
0.629741 -0.300001
0.191193 0.614973
0.202862 0.53464
0.230176 0.333276
0.251283 0.247646
0.00846463 0.905772
0.0518332 0.720584
0.193634 0.598428
0.825653 -0.504341
0.044124 0.746569
0.226029 0.359663
0.435631 -0.0520151
0.186739 0.643431
0.0596214 0.698908
0.824447 -0.480724
0.425751 0.0394338
0.637407 -0.386548
0.412952 0.193953
0.431483 -0.0173812
0.0123141 0.884385
0.440984 -0.0872428
0.413511 0.186662
0.42737 0.0224232
0.000675072 0.974006
0.62129 -0.173461
0.0634478 0.690246
0.411073 0.218719
0.0749329 0.673164
0.836101 -0.672043
0.189972 0.623009
0.00997903 0.897032
0.20361 0.525726
0.254197 0.24383
0.206123 0.506588
0.0386831 0.767056
0.223584 0.376241
0.0137158 0.877157
0.239715 0.283081
0.841696 -0.730621
0.0160864 0.8655
0.220197 0.40023
0.626584 -0.256116
0.8354 -0.663056
0.449862 -0.120575
0.442105 -0.093484
0.62862 -0.284935
0.432292 -0.0245969
0.444814 -0.105862
0.626078 -0.248697
0.228518 0.343543
0.036754 0.774669
0.243456 0.268257
0.212399 0.45847
0.219034 0.408678
0.00030295 0.982592
0.421508 0.0871388
8.39034e-05 0.990846
0.0346287 0.783243
0.443548 -0.10046
0.823992 -0.471644
0.416087 0.153507
0.622216 -0.188556
0.423045 0.069369
0.635231 -0.365066
0.0305684 0.800117
0.410683 0.223892
0.201023 0.548075
0.64914 -0.454585
0.624837 -0.230031
0.0487974 0.730338
0.438158 -0.0701214
0.631169 -0.318278
0.629067 -0.291007
0.197564 0.570625
0.0176648 0.857796
0.414259 0.176943
0.218254 0.414413
0.411941 0.207235
0.830374 -0.588717
0.831667 -0.609454
0.0058352 0.922548
0.63357 -0.345972
0.829529 -0.574597
0.0264943 0.817638
0.204494 0.519013
0.833895 -0.642595
0.00411745 0.935302
0.0617215 0.694067
0.0149499 0.870964
0.0563736 0.707322
0.0781922 0.670907
0.439543 -0.079019
0.619872 -0.149644
0.214073 0.445729
0.0047419 0.930435
0.212859 0.454962
0.632415 -0.333578
0.049876 0.726795
0.446626 -0.112421
0.622946 -0.200438
0.22267 0.382808
0.245325 0.262013
0.825429 -0.500012
0.196594 0.577605
0.82998 -0.582188
0.205338 0.512587
0.624484 -0.224597
0.422407 0.0766786
0.834545 -0.651628
0.647689 -0.450775
0.00739169 0.912324
0.412194 0.203901
0.828481 -0.556463
0.238133 0.290235
0.82688 -0.527516
0.0572423 0.704979
0.246501 0.258559
0.620617 -0.162118
0.046654 0.737608
0.221043 0.394133
0.44776 -0.115801
0.633086 -0.341332
0.823634 -0.464417
0.00122852 0.964903
0.201446 0.542024
0.221818 0.388611
0.420814 0.0953198
0.198461 0.564106
0.195843 0.582968
0.827496 -0.538827
0.241551 0.275432
0.414658 0.1718
0.0031299 0.943747
0.619197 -0.138096
0.00212935 0.953713
0.0460664 0.739677
0.646173 -0.445358
0.189032 0.629602
0.416618 0.14678
0.829098 -0.567232
0.0665619 0.684785
0.182531 0.667983
0.641103 -0.416915
0.639864 -0.407612
0.229496 0.337438
0.831019 -0.599195
0.208417 0.489001
0.0717014 0.676556
0.623093 -0.202787
0.0404847 0.760103
0.63947 -0.404466
0.429555 0.000639571
0.00661254 0.917319
0.0696306 0.67932
0.836934 -0.682252
0.208684 0.48695
0.831975 -0.614235
0.188144 0.634711
0.834872 -0.655971
0.832429 -0.621165
0.417403 0.14234
0.839621 -0.71169
0.0356597 0.779061
0.619748 -0.147533
0.436942 -0.0617034
0.833152 -0.631914
0.415406 0.162182
0.429096 0.00510104
0.838539 -0.700335
0.620666 -0.163055
0.637447 -0.386919
0.420047 0.104495
0.0289547 0.806986
0.827139 -0.532265
0.621707 -0.18035
0.828034 -0.548532
0.436736 -0.060227
0.624001 -0.216069
0.194661 0.591292
0.419823 0.107312
0.623707 -0.212507
0.83274 -0.625834
0.833506 -0.637057
0.839225 -0.707696
0.828809 -0.562216
0.00278702 0.946964
0.452768 -0.123937
0.227314 0.351241
0.836704 -0.679486
0.640876 -0.415277
0.0669274 0.683612
0.840942 -0.724153
0.426481 0.0316801
0.830903 -0.597344
0.438916 -0.0750812
