371034 550.049
0.851916 -0.772549
0.000250873 1.06052
0.409728 0.238406
0.823347 -0.4571
0.652331 -0.45695
0.618409 -0.122787
0.452618 -0.122478
0.26045 0.244954
0.18736 0.645841
0.0832615 0.671404
0.415587 0.161143
0.196867 0.581313
0.228299 0.348108
0.000877647 0.973511
0.427531 0.0222104
0.188157 0.63693
0.234804 0.308479
0.429659 0.00135957
0.210172 0.477376
0.214429 0.447171
0.434162 -0.0386451
0.204455 0.539934
0.422829 0.0733173
0.223369 0.382587
0.217456 0.422341
0.200845 0.564979
0.416994 0.143454
0.419841 0.108388
0.436047 -0.053786
0.20728 0.503212
0.206093 0.512685
0.422752 0.0744528
0.419228 0.116323
0.438903 -0.0734688
0.220492 0.400232
0.443254 -0.0973292
0.440338 -0.0821022
0.23853 0.293469
0.25712 0.246486
0.445487 -0.106491
0.222039 0.395202
0.251369 0.250172
0.447459 -0.112732
0.24879 0.258773
0.245584 0.262911
0.240631 0.281739
0.449322 -0.117998
0.243407 0.276361
0.239514 0.285874
0.63755 -0.3858
0.644485 -0.43548
0.0243798 0.829664
0.832087 -0.614356
0.0266326 0.819887
0.623455 -0.206759
0.0254278 0.82484
0.0184692 0.85626
0.0129463 0.883738
0.0231465 0.835658
0.623876 -0.213657
0.0595426 0.701363
0.618781 -0.129165
0.00611536 0.923901
0.0702402 0.680688
0.0172679 0.861977
0.0119478 0.888962
0.824323 -0.477029
0.00204519 0.957347
0.0210115 0.844932
0.0045547 0.93471
0.00529023 0.929005
0.84618 -0.758212
0.0614776 0.697644
0.250004 0.253339
0.0386646 0.769831
0.0419006 0.757695
0.619133 -0.135694
0.0109761 0.893785
0.621585 -0.177093
0.824646 -0.48346
0.00150958 0.964072
0.627066 -0.261425
0.638349 -0.393056
0.0222408 0.839643
0.8325 -0.620837
0.628656 -0.283982
0.834452 -0.648944
0.0100262 0.898796
0.845113 -0.753153
0.621967 -0.183048
0.824996 -0.489533
0.046125 0.742613
0.0374988 0.774329
0.629105 -0.289616
0.62623 -0.249607
0.643425 -0.429568
0.641862 -0.420351
0.633317 -0.342733
0.62304 -0.200766
0.626637 -0.255502
0.632809 -0.33685
0.634889 -0.359534
0.619482 -0.14163
0.0683913 0.68375
0.639384 -0.402185
0.634377 -0.353816
0.620543 -0.15954
0.0332914 0.790781
0.627478 -0.267615
0.831692 -0.607545
0.00851358 0.908615
0.834049 -0.642889
0.645501 -0.440996
0.0321073 0.795799
0.051777 0.723625
0.633805 -0.348397
0.0502524 0.727306
0.619891 -0.147618
0.620186 -0.153441
0.00691829 0.91807
0.629556 -0.295789
0.622357 -0.189255
0.0139158 0.878611
0.836677 -0.677836
0.621205 -0.170738
0.6369 -0.380238
0.0529677 0.719769
0.630393 -0.306597
0.0364578 0.778842
0.0723863 0.677933
0.650264 -0.455021
0.00923236 0.903873
0.632399 -0.331098
0.8267 -0.522644
0.0277155 0.815031
0.0541273 0.715503
0.847205 -0.762814
0.622691 -0.19477
0.0579956 0.704679
0.00756722 0.913711
0.0554842 0.712145
0.631885 -0.325794
0.0568298 0.708439
0.035372 0.782877
0.835809 -0.667186
0.635452 -0.36511
0.625815 -0.243549
0.83364 -0.637273
0.244356 0.267301
0.640132 -0.407626
0.826378 -0.516832
0.84835 -0.766543
0.0398343 0.765321
0.620909 -0.165344
0.0762821 0.67411
0.629968 -0.301069
0.0666971 0.686551
0.642651 -0.425733
0.827474 -0.537124
0.832874 -0.62653
0.628195 -0.277719
0.836265 -0.672608
0.0148928 0.874664
0.648755 -0.45156
0.839285 -0.706613
0.828068 -0.547666
0.631451 -0.320261
0.624258 -0.219594
0.833217 -0.631857
0.826096 -0.511221
0.828425 -0.553818
0.0343573 0.787191
0.0491646 0.731356
0.849871 -0.76977
0.0305324 0.803302
0.838782 -0.701196
0.0741031 0.675877
0.63637 -0.375136
0.0431153 0.752745
0.830693 -0.592479
0.825799 -0.505689
0.0407546 0.76168
0.0447371 0.746407
0.635907 -0.370188
0.830343 -0.586673
0.825282 -0.495884
0.0292205 0.807714
0.0473116 0.738157
0.647472 -0.448567
0.0629531 0.694542
0.827781 -0.542789
0.646349 -0.444882
0.0157382 0.87003
0.842235 -0.733482
0.831352 -0.602516
0.627939 -0.272977
0.829189 -0.567788
0.0783373 0.672375
0.840665 -0.720409
0.451346 -0.12113
0.0806723 0.671936
0.00342648 0.943497
0.830964 -0.597456
0.843842 -0.745019
0.638781 -0.397052
0.016495 0.866333
0.839741 -0.711566
0.837983 -0.692806
0.00384244 0.940058
0.625212 -0.234086
0.834908 -0.654889
0.82368 -0.463889
0.243802 0.271895
0.830079 -0.581803
0.825543 -0.500306
0.624841 -0.228607
0.824015 -0.470565
0.0312932 0.799875
0.844394 -0.748224
0.837171 -0.683865
0.840206 -0.715958
0.00113157 0.969325
0.0481568 0.735097
0.625476 -0.238401
0.641154 -0.415261
0.837473 -0.686974
0.0286955 0.811286
0.0195572 0.852285
0.0651538 0.68938
0.0201253 0.849315
0.00277699 0.949256
0.841219 -0.725395
0.829527 -0.572712
0.829771 -0.576838
0.841622 -0.728681
0.624575 -0.224548
0.828894 -0.562435
0.838261 -0.696579
0.835413 -0.661582
0.630806 -0.312417
0.827016 -0.528502
0.0640356 0.69131
0.64065 -0.412232
0.0438725 0.749769
0.0025997 0.952179
0.828676 -0.558744
0.827164 -0.531547
0.843103 -0.739608
0.631069 -0.315145
0.842785 -0.737905
