119297 400.069
0.851833 -0.773369
1.80709e-16 1
0.823332 -0.458263
0.652512 -0.458263
0.618397 -0.124219
0.453882 -0.124218
0.409314 0.24216
0.257762 0.242161
0.182229 0.669652
0.0830011 0.669652
0.837126 -0.684531
0.415452 0.161598
0.833662 -0.637576
0.42813 0.0148401
0.848586 -0.768935
0.429495 0.00122728
0.0742656 0.673778
0.621689 -0.180049
0.845831 -0.758279
0.0446291 0.744749
0.0123364 0.884269
0.628056 -0.277128
0.832684 -0.624989
0.827973 -0.547439
0.634042 -0.347414
0.425456 0.0426116
0.0423497 0.753077
0.435445 -0.0505909
0.433237 -0.0327418
0.629396 -0.29543
0.411574 0.212087
0.434285 -0.0414255
0.236077 0.300271
0.0805488 0.669974
0.228468 0.343976
0.42095 0.0937111
0.0663221 0.684677
0.249112 0.251876
0.0553799 0.71008
0.645525 -0.442599
0.20693 0.500431
0.188712 0.631119
0.827297 -0.535111
0.42696 0.0266625
0.619973 -0.151368
0.839782 -0.713276
0.232603 0.318989
0.197411 0.571729
0.639925 -0.408091
0.423961 0.0592459
0.641081 -0.416755
0.421942 0.0820713
0.835228 -0.660095
0.622593 -0.194766
0.216517 0.427307
0.0106879 0.893096
0.623974 -0.216682
0.628808 -0.287344
0.44537 -0.108028
0.412292 0.202614
0.0406884 0.759327
0.412957 0.193886
0.630275 -0.306978
0.201309 0.543046
0.417152 0.14007
0.223549 0.376483
0.826888 -0.527646
0.198659 0.562654
0.0179688 0.856339
0.194394 0.593156
0.00479792 0.930013
0.205336 0.512599
0.843563 -0.744828
0.639197 -0.399157
0.227181 0.352105
0.222479 0.383944
0.413678 0.18448
0.824605 -0.483878
0.0578348 0.703421
0.631641 -0.323907
0.0330636 0.789673
0.623306 -0.206179
0.184439 0.657153
0.231136 0.327582
0.647535 -0.45022
0.630794 -0.313329
0.187488 0.638814
0.0194127 0.849552
0.619163 -0.1375
0.217639 0.418955
0.242739 0.270862
0.838415 -0.699149
0.211424 0.465934
0.634785 -0.360023
0.430368 -0.00709975
0.000400959 0.981205
0.214141 0.445214
0.0375308 0.771594
0.410815 0.222145
0.0387819 0.76667
0.625949 -0.24665
0.4518 -0.122968
0.208878 0.485555
0.244728 0.263922
0.823799 -0.46775
0.828442 -0.555772
0.627338 -0.266999
0.636383 -0.37677
0.0208916 0.842715
0.0232513 0.832003
0.649235 -0.454799
0.620826 -0.165742
0.644053 -0.435365
0.190199 0.622388
0.844841 -0.75292
0.0250071 0.824177
0.438377 -0.0715777
0.192423 0.606712
0.82417 -0.475222
0.193378 0.600191
0.448268 -0.117131
0.19564 0.584409
0.41827 0.126235
0.624501 -0.224863
0.825096 -0.493525
0.00175211 0.958076
0.213083 0.453293
0.442684 -0.0963881
0.414357 0.175673
0.443693 -0.101115
0.635155 -0.364287
0.183024 0.665243
0.826295 -0.516573
0.0356479 0.779108
0.842526 -0.737303
0.831216 -0.602344
0.237543 0.293031
0.838609 -0.700942
0.63774 -0.389608
0.0596456 0.698848
0.21036 0.474083
0.82892 -0.564151
0.642261 -0.424635
0.829307 -0.570822
0.432139 -0.0231882
0.625312 -0.237241
0.0146076 0.872668
0.836151 -0.672642
0.0307187 0.799481
0.196324 0.579538
0.0138939 0.876254
0.226078 0.359345
0.200016 0.552669
0.0289104 0.807187
0.62642 -0.253718
0.417869 0.131121
0.436613 -0.0593335
0.620308 -0.15704
0.621282 -0.173336
0.212371 0.459006
0.00952374 0.899603
0.20219 0.536447
0.825413 -0.499698
0.424747 0.0503246
0.0347288 0.782836
0.437152 -0.0631965
0.240526 0.279615
0.410014 0.232808
0.234427 0.308896
0.186335 0.645894
0.000962112 0.968953
0.22478 0.368052
0.830436 -0.589744
0.254193 0.243834
0.0222374 0.83684
0.0477314 0.733915
0.202978 0.530508
0.185568 0.650529
0.626909 -0.260836
0.834393 -0.649536
0.0500853 0.726149
0.0533063 0.7161
0.447338 -0.114609
0.431157 -0.0144154
0.636138 -0.374342
0.000365521 0.986797
0.618949 -0.133811
0.416308 0.151514
0.439205 -0.076916
0.0315532 0.796312
0.00286968 0.946172
0.210324 0.480511
0.633022 -0.340722
0.0615825 0.694293
0.643025 -0.429528
0.00578195 0.922916
0.831683 -0.609711
0.218585 0.411972
0.0690978 0.680106
0.0523626 0.718953
0.427197 0.0242061
0.00229397 0.951939
0.830738 -0.594661
0.215413 0.4356
0.422501 0.0755949
0.624974 -0.232111
0.204825 0.516492
0.632164 -0.330578
0.000296314 0.995899
0.00788215 0.909287
0.825843 -0.507977
0.440146 -0.0826556
0.836283 -0.674308
0.191358 0.613873
0.234227 0.31219
0.840898 -0.723761
0.0269616 0.815598
0.229838 0.335333
0.0633539 0.690438
0.246547 0.258379
0.41909 0.1161
0.241322 0.276358
0.416452 0.148885
0.0717742 0.676467
0.00862491 0.904821
0.220479 0.398183
0.238828 0.28703
0.423131 0.0683849
0.622853 -0.198948
0.420336 0.101027
0.00693054 0.915256
0.199603 0.555723
0.840393 -0.719118
0.441233 -0.0888567
0.0260214 0.819708
0.0162359 0.864688
0.00366918 0.939004
0.00109098 0.966933
0.0281684 0.810367
0.219811 0.403015
0.410339 0.228472
0.207802 0.494016
0.215051 0.438396
0.829898 -0.58071
0.251707 0.246952
0.0164089 0.863814
0.0505496 0.724626
0.632609 -0.335888
0.419901 0.106254
0.221322 0.39214
