208736 560.084
0.851842 -0.773369
0 1
0.823335 -0.458283
0.65251 -0.458263
0.453881 -0.124218
0.618397 -0.124221
0.409315 0.24214
0.257762 0.242161
0.182229 0.669651
0.0830014 0.669652
0.00246498 0.952602
0.204569 0.518527
0.417712 0.133202
0.23982 0.283654
0.00405863 0.935837
0.416431 0.149292
0.245444 0.262624
0.410957 0.220436
0.829478 -0.572436
0.622018 -0.183601
0.193559 0.604826
0.624291 -0.220365
0.834184 -0.644624
0.186991 0.64333
0.82845 -0.555776
0.00134285 0.968128
0.625181 -0.234987
0.0184498 0.854333
0.628187 -0.277055
0.433113 -0.0316626
0.622888 -0.199184
0.0403018 0.761105
0.625835 -0.244207
0.833267 -0.629151
0.206944 0.504486
0.0499256 0.728888
0.213005 0.454532
0.643186 -0.430491
0.188678 0.633408
0.836861 -0.680637
0.194689 0.591105
0.030037 0.803216
0.412305 0.20323
0.0430315 0.751651
0.621336 -0.174208
0.620213 -0.154883
0.619636 -0.143985
0.629027 -0.290463
0.426225 0.0346459
0.235654 0.308784
0.0472099 0.736724
0.645105 -0.437509
0.414521 0.173557
0.0645608 0.688711
0.620736 -0.163851
0.2116 0.466864
0.201021 0.545203
0.0750497 0.673435
0.423475 0.0645113
0.836078 -0.670087
0.185146 0.653613
0.832112 -0.612328
0.196626 0.579899
0.20269 0.532744
0.444786 -0.100665
0.8377 -0.690107
0.034496 0.784332
0.233608 0.313428
0.838367 -0.69854
0.208371 0.489887
0.191591 0.612567
0.631762 -0.325166
0.839248 -0.707898
0.237523 0.294163
0.413243 0.191623
0.437753 -0.064275
0.413929 0.182768
0.0120068 0.887838
0.0516212 0.721519
0.420445 0.10043
0.0227239 0.834887
0.038467 0.767905
0.834705 -0.653776
0.438632 -0.0732457
0.013178 0.880201
0.418598 0.122957
0.829928 -0.581322
0.224992 0.367701
0.427053 0.0257025
0.232416 0.323063
0.0105659 0.895459
0.0241105 0.828159
0.0286216 0.809637
0.199309 0.560098
0.831403 -0.603909
0.63277 -0.333277
0.436454 -0.0570345
0.825129 -0.494123
0.219863 0.403653
0.242136 0.27323
0.421124 0.0917327
0.843283 -0.740383
0.83256 -0.622758
0.646356 -0.445683
0.835538 -0.662034
0.841974 -0.731774
0.251816 0.246781
0.0571845 0.705489
0.222173 0.389492
0.421972 0.0843666
0.62742 -0.26709
0.432868 -0.0182226
0.220971 0.396526
0.0708199 0.678172
0.248421 0.253504
0.626883 -0.256769
0.826356 -0.517666
0.427948 0.0181701
0.000643533 0.975896
0.000306747 0.984531
0.636092 -0.366262
0.0172043 0.862357
0.23701 0.298588
0.629488 -0.296389
0.826858 -0.526498
0.200167 0.551978
0.450436 -0.121312
0.844917 -0.752079
0.0149671 0.873811
0.419646 0.109322
0.647923 -0.450842
0.0672124 0.683185
0.223625 0.376552
0.846954 -0.758965
0.228282 0.346649
0.425583 0.0445679
0.633247 -0.341913
0.429285 0.00394346
0.189684 0.625226
0.415282 0.163816
0.225912 0.361147
0.631117 -0.315832
0.849021 -0.770022
0.424372 0.0568117
0.207339 0.4994
0.0270808 0.817007
0.0321533 0.793613
0.636127 -0.374187
0.242849 0.27063
0.0595217 0.69971
0.0208702 0.843121
0.0259872 0.821711
0.434341 -0.0413674
0.634645 -0.358745
0.825708 -0.504528
0.229574 0.340679
0.428647 0.0103874
0.63905 -0.400438
0.650554 -0.455143
0.439833 -0.080147
0.415727 0.158238
0.209443 0.482851
0.00731453 0.914595
0.214199 0.448039
0.190805 0.619981
0.824765 -0.487032
0.00885389 0.904404
0.409917 0.234183
0.827277 -0.53421
0.828067 -0.54805
0.218734 0.41132
0.015739 0.867208
4.67923e-05 0.993207
0.640633 -0.411465
0.223082 0.381851
0.202377 0.535037
0.410442 0.228013
0.419376 0.116478
0.630249 -0.306395
0.254496 0.243575
0.830517 -0.590455
0.623651 -0.21029
0.230251 0.333627
0.44105 -0.0851687
0.217572 0.41997
0.827683 -0.541142
0.19787 0.569304
0.847595 -0.764596
0.638286 -0.394314
0.830775 -0.595246
0.442705 -0.0947715
0.195706 0.585901
0.843936 -0.746918
0.00598472 0.925564
0.23145 0.328958
0.431492 -0.0160098
0.0539127 0.716511
0.214959 0.439614
0.435397 -0.0493771
0.18384 0.660625
0.61904 -0.135197
0.840051 -0.715891
0.0361945 0.777472
0.42498 0.050032
0.0619886 0.693981
0.841123 -0.725749
0.430193 -0.00427489
0.216218 0.429571
0.826129 -0.509341
0.430587 -0.00793318
0.640066 -0.407582
0.0373041 0.7754
0.00507658 0.928285
0.210085 0.476599
0.0326917 0.791215
0.824374 -0.479098
0.249446 0.252177
0.00678655 0.916761
0.044246 0.746286
0.412583 0.200725
0.445888 -0.109208
0.64169 -0.420691
0.637 -0.381875
0.422597 0.0744906
0.441763 -0.0917046
0.633914 -0.348816
0.210795 0.471494
0.623522 -0.206322
0.0554048 0.710215
0.0692083 0.680203
0.00914285 0.901881
0.0792988 0.670387
0.216649 0.42864
0.618823 -0.130741
0.198142 0.567654
0.0212894 0.842885
0.840769 -0.719605
0.0778821 0.671468
0.446287 -0.111042
0.82436 -0.473839
0.823947 -0.466849
0.634176 -0.352926
0.626916 -0.260656
0.641662 -0.420238
0.630995 -0.309069
0.637597 -0.388153
0.422557 0.0756577
0.218597 0.417146
0.0614336 0.696887
0.435081 -0.0448911
