287666 440.037
0.851961 -0.773362
9.0147e-17 1
0.823579 -0.45836
0.652518 -0.45826
0.452997 -0.124037
0.618736 -0.130096
0.257579 0.242169
0.409882 0.237108
0.0820697 0.669699
0.182544 0.667914
0.628416 -0.279276
0.206197 0.509427
0.187059 0.641469
0.839442 -0.709345
0.627876 -0.267233
0.428559 0.0104009
0.629073 -0.291091
0.244997 0.263152
0.195424 0.58594
0.833439 -0.632984
0.620944 -0.162017
0.19948 0.561333
0.830055 -0.578023
0.828158 -0.548528
0.00829388 0.906822
0.00213281 0.95831
0.00688718 0.915721
0.416181 0.152353
0.213837 0.449175
0.426774 0.0286315
0.224585 0.369375
0.226037 0.359845
0.835325 -0.66092
0.00274066 0.947413
0.1933 0.603386
0.44983 -0.120511
0.197755 0.569535
0.0667922 0.68389
0.428063 0.0211863
0.622953 -0.200532
0.424373 0.0544724
0.194084 0.59532
0.642957 -0.427988
0.441351 -0.0891136
0.429539 0.000797689
0.623604 -0.20997
0.188784 0.630657
0.247881 0.254795
0.627868 -0.256676
0.620298 -0.151837
0.839013 -0.698524
0.621258 -0.172939
0.0227451 0.834284
0.626115 -0.249237
0.196635 0.577426
0.070187 0.679341
0.830968 -0.589505
0.00969224 0.898814
0.828657 -0.559171
0.832574 -0.623312
0.622342 -0.190705
0.224327 0.378649
0.204675 0.519324
0.423683 0.0645381
0.82639 -0.511259
0.447427 -0.113599
0.834036 -0.643454
0.826861 -0.520983
0.842272 -0.733799
0.625965 -0.239329
0.411804 0.215067
0.431571 -0.0181764
0.0502629 0.725545
0.048429 0.733001
0.00413187 0.940224
0.207098 0.499434
0.214885 0.439581
0.0287037 0.808063
0.222262 0.38568
0.0430222 0.750726
0.21287 0.457846
0.425805 0.0389163
0.82392 -0.470182
0.632183 -0.3308
0.432647 -0.0276931
0.0110186 0.891293
0.191602 0.612245
0.220862 0.40092
0.825572 -0.502758
0.000631777 0.974852
0.837926 -0.690902
0.209524 0.486012
0.186158 0.649172
0.827638 -0.538543
0.834743 -0.65112
0.635441 -0.367235
0.201092 0.544672
0.0318007 0.794944
0.622157 -0.181032
0.845425 -0.75608
0.200678 0.552537
0.637918 -0.389844
0.44004 -0.0820125
0.038591 0.769833
0.414409 0.175323
0.018747 0.853236
0.836278 -0.670235
0.00563279 0.923957
0.84042 -0.719386
0.64151 -0.419763
0.00110711 0.966707
0.0339873 0.788685
0.0448291 0.744032
0.241607 0.27547
0.831507 -0.606948
0.437151 -0.0631865
0.0365234 0.776104
0.219066 0.408443
0.416898 0.143265
0.0303345 0.801139
0.0242788 0.828354
0.00468383 0.930875
0.243719 0.269365
0.82518 -0.493551
0.418167 0.127454
0.0262154 0.822098
0.410747 0.223058
0.0271083 0.814959
0.827268 -0.530217
0.012496 0.884335
0.210318 0.47723
0.638722 -0.398172
0.632981 -0.340218
0.442965 -0.0977473
0.0412848 0.757163
0.843187 -0.74204
0.639877 -0.404842
0.644182 -0.436061
0.631682 -0.32257
0.629738 -0.29996
0.0559065 0.709987
0.434253 -0.0411634
0.0641579 0.688799
0.844244 -0.748678
0.41893 0.119204
0.240975 0.283308
0.832031 -0.614733
0.831025 -0.597204
0.017155 0.860353
0.415468 0.162943
0.425198 0.0458008
0.0467318 0.738788
0.63459 -0.358282
0.230036 0.335427
0.208011 0.492621
0.624297 -0.219477
0.417513 0.135547
0.637009 -0.381806
0.640595 -0.4132
0.0397788 0.762968
0.841142 -0.725537
0.254479 0.24645
0.202596 0.536457
0.186065 0.659572
0.0783138 0.670832
0.630939 -0.314558
0.221691 0.393674
0.824912 -0.484809
0.445527 -0.108602
0.0208739 0.842795
0.0537469 0.715147
0.0349659 0.781871
0.435298 -0.0494532
0.636206 -0.375016
0.413617 0.185414
0.645368 -0.441817
0.0523431 0.720453
0.43626 -0.054837
0.23125 0.328774
0.421839 0.0857522
0.234036 0.318297
0.227149 0.352371
0.0138433 0.878074
0.647339 -0.447166
0.630385 -0.307102
0.21618 0.433498
0.412232 0.205414
0.41947 0.111475
0.190706 0.618269
0.413144 0.200863
0.433457 -0.0345765
0.0621713 0.692979
0.236593 0.300094
0.234428 0.309721
0.824293 -0.477247
0.0162989 0.866686
0.0149993 0.872422
0.413302 0.19073
0.238148 0.293289
0.189745 0.625347
0.420607 0.0978217
0.232672 0.323416
0.218348 0.41527
0.8475 -0.761917
0.444126 -0.102392
0.0729956 0.675573
0.21156 0.464893
0.420044 0.104543
0.23878 0.288233
0.410697 0.231992
0.624933 -0.230948
0.0750712 0.67335
0.184173 0.663266
0.837049 -0.682398
0.228756 0.342059
0.422679 0.0762975
0.0602941 0.697563
0.43906 -0.0739676
0.620026 -0.142307
0.211136 0.470278
0.619251 -0.139014
0.0201102 0.846693
0.217057 0.427039
0.438333 -0.0701211
0.251367 0.2475
0.849367 -0.770809
0.421474 0.0911514
0.0575761 0.704393
0.415003 0.168444
0.203686 0.525286
0.249555 0.250929
0.218018 0.422522
0.430843 -0.00662529
0.65067 -0.454359
0.235564 0.304717
0.648359 -0.452704
0.423246 0.0731932
0.83659 -0.678091
0.228264 0.347228
0.633601 -0.346916
3.2342e-05 0.994313
0.202993 0.530395
0.634127 -0.351486
0.431524 -0.00933039
0.000495132 0.98565
0.624876 -0.225775
0.848124 -0.766654
0.0596033 0.703095
0.829316 -0.569915
0.829136 -0.567684
