321953 600.002
0.851937 -0.771333
4.16646e-08 1.00909
0.823377 -0.456568
0.652586 -0.45636
0.618439 -0.122064
0.453917 -0.122001
0.409376 0.244123
0.257312 0.244262
0.0821568 0.672352
0.182371 0.672185
0.421372 0.093901
0.423355 0.0716792
0.624089 -0.2156
0.410401 0.231228
0.832598 -0.619125
0.827613 -0.53705
0.196221 0.583864
0.418207 0.133007
0.0554399 0.713992
0.638406 -0.392147
0.2191 0.412904
0.44359 -0.0967714
0.198065 0.571252
0.00992842 0.902373
0.625065 -0.225147
0.250044 0.254455
0.419106 0.119312
0.431036 -0.00988177
0.623311 -0.198503
0.82697 -0.524407
0.0601957 0.703034
0.426531 0.0350466
0.0001499 0.99324
0.82881 -0.558162
0.620821 -0.162016
0.411719 0.213147
0.829661 -0.572232
0.209557 0.486576
0.828436 -0.550251
0.835971 -0.665896
0.238918 0.290524
0.847718 -0.761749
0.84396 -0.739967
0.0259415 0.826769
0.835338 -0.655599
0.0140437 0.880392
0.639636 -0.402622
0.631722 -0.319899
0.0277341 0.816936
0.629035 -0.285895
0.635511 -0.362257
0.217521 0.424659
0.18862 0.635133
0.424783 0.056483
0.838157 -0.690871
0.619422 -0.137666
0.621751 -0.175374
0.016217 0.871321
0.824009 -0.467447
0.445446 -0.104472
0.833414 -0.632109
0.413951 0.185037
0.419884 0.110348
0.241451 0.280918
0.228032 0.351977
0.0635085 0.694496
0.625752 -0.238379
0.831877 -0.606212
0.632391 -0.329865
0.629633 -0.295879
0.244324 0.269069
0.0524143 0.723483
0.436836 -0.0529299
0.0116378 0.895983
0.191213 0.6178
0.634451 -0.352473
0.235508 0.308456
0.0578008 0.707443
0.0203318 0.848448
0.628252 -0.276277
0.22493 0.372436
0.0132484 0.888205
0.41478 0.175394
0.215669 0.438559
0.834552 -0.645734
0.627733 -0.267811
0.435487 -0.0461329
0.0359991 0.782
0.254455 0.246939
0.000663068 0.979423
0.824441 -0.476195
0.00184883 0.965649
0.437764 -0.0625391
0.223458 0.380009
0.420808 0.101199
0.620405 -0.153646
0.00308369 0.949774
0.201651 0.543482
0.626177 -0.244321
0.842814 -0.734524
0.417159 0.142972
0.646493 -0.441809
0.840009 -0.712087
0.63619 -0.371319
0.0419139 0.759
0.428742 0.0122244
0.195299 0.594223
0.0326353 0.797265
0.830187 -0.579484
0.447756 -0.109908
0.204943 0.522635
0.428002 0.0235918
0.00231212 0.958156
0.208313 0.494282
0.850699 -0.766423
0.630838 -0.310246
0.643219 -0.426582
0.439538 -0.0750524
0.423639 0.0662353
0.0404722 0.763912
0.619748 -0.144729
0.0222406 0.843179
0.836781 -0.676036
0.433964 -0.032182
0.633198 -0.338194
0.242899 0.27718
0.202844 0.535919
0.2203 0.403663
0.00786092 0.914424
0.216905 0.430656
0.831733 -0.599551
0.837268 -0.681159
0.231298 0.331843
0.20355 0.529654
0.0387817 0.770562
0.618986 -0.124223
0.826378 -0.514278
0.19247 0.610774
0.229374 0.344322
0.187343 0.644676
0.0378894 0.776181
0.412381 0.205244
0.845384 -0.752342
0.234258 0.313556
0.43431 -0.0380658
0.184511 0.662292
0.0438098 0.751837
0.432121 -0.0191972
0.210657 0.475437
0.222567 0.387087
0.633789 -0.344877
0.630404 -0.304361
0.637256 -0.380785
0.226507 0.359975
0.432619 -0.0236314
0.429866 0.00187831
0.0195242 0.85834
0.00678546 0.924196
0.649507 -0.45145
0.00396993 0.942154
0.23705 0.29846
0.230128 0.339071
0.233611 0.321666
0.44148 -0.0860621
0.00094075 0.974981
0.43852 -0.0690666
0.642331 -0.421379
0.415501 0.167686
1.89041e-05 1.00278
0.626906 -0.255379
0.834361 -0.637266
0.214586 0.446226
0.193759 0.605502
0.647818 -0.448417
0.199218 0.563752
0.226142 0.364895
0.449347 -0.114872
0.84128 -0.718111
0.4514 -0.117771
0.0245292 0.833369
0.03002 0.812441
0.0502653 0.733834
0.22179 0.39346
0.640786 -0.410043
0.825755 -0.502986
0.40992 0.238583
0.212559 0.462166
0.425668 0.0434491
0.825416 -0.494989
0.232239 0.325803
0.425586 0.0480944
0.052097 0.728317
0.0174304 0.865447
0.247937 0.259555
0.213966 0.450998
0.838926 -0.699856
0.0232104 0.836467
0.0314887 0.802719
0.641409 -0.414168
0.825103 -0.485017
0.194238 0.598506
0.839117 -0.703461
0.068407 0.686483
0.182594 0.671615
0.845595 -0.753739
0.62707 -0.258489
0.416875 0.149529
0.213127 0.457789
0.416449 0.155628
0.41576 0.161256
0.048663 0.736456
0.0794549 0.674747
0.440907 -0.0823373
0.206768 0.505233
0.21152 0.469459
0.00456278 0.936345
0.622158 -0.181283
0.199939 0.559334
0.221382 0.39988
0.0470871 0.741179
0.413158 0.195547
0.0768734 0.675261
0.622679 -0.192774
0.83087 -0.590577
0.428214 0.0200829
0.841626 -0.725446
0.0301444 0.806639
0.0701549 0.682193
0.429654 0.00405249
0.190021 0.626759
0.205803 0.512678
0.826032 -0.508748
0.622649 -0.186884
0.830701 -0.588754
0.185909 0.65363
0.644718 -0.434654
0.413352 0.194134
0.200932 0.551377
0.00781542 0.915749
0.0344573 0.790197
0.186899 0.648793
0.246251 0.262864
0.237759 0.296649
0.205407 0.515034
0.636999 -0.378205
0.0747944 0.678033
0.0182047 0.860795
0.0347625 0.789749
0.652366 -0.455449
0.189836 0.627589
