181727 590.093
0.851833 -0.773369
2.6975e-16 1
2.6975e-16 1
0.652512 -0.458263
0.823332 -0.458264
0.618397 -0.124219
0.453882 -0.124218
0.257762 0.242161
0.409314 0.242161
0.0830015 0.669652
0.182229 0.669652
0.427167 0.0248163
0.02928 0.805619
0.629152 -0.292156
0.2138 0.447803
0.237313 0.29414
0.0343866 0.784232
0.0616703 0.694095
0.00207928 0.954622
0.0651966 0.686757
0.239415 0.284403
0.626846 -0.259061
0.840872 -0.723522
0.219313 0.406643
0.188651 0.631505
0.0010467 0.967613
0.0241889 0.827809
0.235603 0.302696
0.629901 -0.302105
0.193957 0.596197
0.413338 0.188917
0.631589 -0.323574
0.0129744 0.880951
0.429875 -0.00208157
0.839902 -0.71445
0.425636 0.0407396
0.628086 -0.27744
0.0391256 0.765334
0.830024 -0.582922
0.223893 0.374108
0.414486 0.174005
0.415522 0.160705
0.833353 -0.634838
0.640511 -0.412168
0.829478 -0.573726
0.627769 -0.273102
0.190243 0.621238
0.195233 0.587329
0.198219 0.565884
0.845599 -0.75709
0.00700364 0.914784
0.0177017 0.857609
0.622381 -0.191346
0.636886 -0.381644
0.216236 0.429417
0.0162356 0.864811
0.045047 0.747759
0.192891 0.605586
0.622978 -0.200951
0.0591077 0.700175
0.0266166 0.817102
0.211345 0.466537
0.443305 -0.0992462
0.433526 -0.0351789
0.0409166 0.758527
0.438895 -0.0748811
0.837257 -0.686068
0.0491983 0.72903
0.0424868 0.752576
0.241136 0.277099
0.200882 0.546507
0.0317197 0.795269
0.226316 0.357765
0.639399 -0.403893
0.418975 0.117496
0.228145 0.346316
0.221231 0.392788
0.621859 -0.182828
0.245031 0.262941
0.0083989 0.906164
0.637846 -0.390562
0.232614 0.319079
0.835295 -0.661677
0.423028 0.0695649
0.0573067 0.704874
0.834604 -0.652418
0.625707 -0.24318
0.424355 0.0546502
0.624461 -0.224251
0.197138 0.573696
0.0679138 0.681957
0.439815 -0.0806768
0.62626 -0.251377
0.185641 0.65007
0.446004 -0.110329
0.410243 0.229746
0.00464215 0.931192
0.826781 -0.525673
0.0216402 0.839289
0.0781861 0.670898
0.434471 -0.0429321
0.220494 0.39811
0.247426 0.255962
0.201856 0.539
0.423643 0.0626648
0.417571 0.134827
0.196246 0.580095
0.825083 -0.493283
0.4281 0.0163602
0.824366 -0.479133
0.225234 0.364978
0.623926 -0.215927
0.414066 0.179446
0.416548 0.147665
0.826151 -0.513842
0.618983 -0.134409
0.623483 -0.208969
0.827017 -0.530053
0.827608 -0.540877
0.644218 -0.436244
0.210235 0.475182
0.828627 -0.558883
0.632478 -0.334337
0.0225864 0.834997
0.843221 -0.742334
0.838989 -0.705251
0.448322 -0.117267
0.444916 -0.106251
0.436004 -0.0548346
0.41974 0.108197
0.828997 -0.563726
0.638573 -0.396976
0.646238 -0.445617
0.441158 -0.0884407
0.412561 0.199075
0.63449 -0.357093
0.41167 0.210814
0.43754 -0.065913
0.0732939 0.67477
0.019884 0.847361
0.0512125 0.722523
0.823821 -0.468197
0.431238 -0.0130505
0.619623 -0.145408
0.0522825 0.719305
0.848725 -0.769134
0.250456 0.249113
0.234076 0.310794
0.641645 -0.420698
0.643184 -0.430482
0.830642 -0.593112
0.000187817 0.986294
0.204239 0.520951
0.0261822 0.819002
0.824607 -0.483918
0.421449 0.0878314
0.208649 0.48981
0.634954 -0.362168
0.00390892 0.937
0.206581 0.503081
0.242545 0.271587
0.828055 -0.548852
0.441944 -0.0926567
0.620789 -0.165131
0.205548 0.510979
0.415945 0.15531
0.429107 0.00503221
0.199423 0.557619
0.43529 -0.0493932
0.842133 -0.734221
0.212382 0.459563
0.417111 0.140586
0.432604 -0.0270627
0.630676 -0.312133
0.0372591 0.772756
0.0543497 0.71303
0.202765 0.532116
0.835823 -0.668507
0.0192118 0.850489
0.633885 -0.348002
0.217946 0.416686
0.421072 0.0923385
0.186928 0.642274
0.621352 -0.174497
0.43213 -0.0231686
0.217191 0.422283
0.410966 0.220137
0.0114546 0.88894
0.228551 0.34333
0.222564 0.383346
0.187432 0.63916
0.409862 0.23594
0.0459904 0.73992
0.0558046 0.71182
0.635711 -0.370042
0.437041 -0.0624101
0.648428 -0.452888
0.831955 -0.613925
0.184676 0.655778
0.199823 0.554096
5.35457e-05 0.992682
0.0757334 0.672501
0.636108 -0.374044
0.231258 0.328331
0.0359479 0.777899
0.229824 0.33542
0.648948 -0.454167
0.0110125 0.891325
0.243746 0.267238
0.191719 0.611462
0.836323 -0.674762
0.412257 0.203077
0.645506 -0.442517
0.425046 0.0471755
0.450587 -0.121768
0.254096 0.243931
0.428566 0.010328
0.630897 -0.314943
0.00292414 0.945663
0.847156 -0.764186
0.248715 0.252774
0.0145736 0.872837
0.0475936 0.734383
0.642224 -0.424545
0.0096322 0.898998
0.620263 -0.156283
0.420397 0.100294
0.191094 0.615631
0.252836 0.245339
0.0311525 0.79765
0.204401 0.51972
0.831263 -0.603102
0.625176 -0.235179
0.183533 0.662363
0.832791 -0.626589
0.215029 0.438489
0.633373 -0.344747
0.624975 -0.232128
0.834095 -0.64541
0.837712 -0.691334
0.619271 -0.139362
0.00578631 0.922886
0.632779 -0.337886
0.831585 -0.608168
0.620107 -0.153647
0.20939 0.481529
0.222801 0.38169
0.418327 0.125445
0.431257 -0.0153321
0.000492752 0.977794
