112246 300.043
0.851842 -0.773369
0 1
0.82334 -0.458421
0.652507 -0.458263
0.618397 -0.124221
0.453881 -0.124218
0.409315 0.24214
0.257762 0.242161
0.182229 0.669651
0.083005 0.669652
0.196453 0.583311
0.000736478 0.977895
0.214958 0.439029
0.00165147 0.96159
0.194395 0.597937
0.442736 -0.0940983
0.636688 -0.378614
0.842261 -0.733671
0.0148262 0.871823
0.834521 -0.650305
0.624955 -0.230089
0.235122 0.305576
0.835745 -0.665036
0.0130425 0.883887
0.0201004 0.846528
0.249559 0.251764
0.824136 -0.46765
0.0505706 0.728356
0.619123 -0.13676
0.825832 -0.507602
0.625712 -0.24246
0.0180233 0.857134
0.631459 -0.321946
0.83254 -0.622701
0.0335381 0.788484
0.638066 -0.392148
0.628579 -0.282743
0.824491 -0.481435
0.433919 -0.0362126
0.00012949 0.991184
0.62419 -0.219334
0.20065 0.547968
0.247169 0.260854
0.831725 -0.609931
0.217245 0.422822
0.199367 0.558571
0.44456 -0.104706
0.00867956 0.904506
0.219789 0.405911
0.434944 -0.0464557
0.00237153 0.951841
0.84065 -0.721351
0.0232832 0.831859
0.223062 0.381377
0.236761 0.297318
0.410055 0.232255
0.647658 -0.450677
0.425822 0.0396566
0.189046 0.63566
0.833166 -0.631704
0.0634171 0.69134
0.632639 -0.334131
0.0409756 0.758236
0.645444 -0.440975
0.414404 0.175815
0.00537509 0.925891
0.829589 -0.574191
0.833896 -0.641925
0.00404062 0.944055
0.418808 0.119596
0.413507 0.186889
0.0168786 0.864826
0.622634 -0.194399
0.0217789 0.839148
0.828803 -0.5621
0.212322 0.459935
0.435987 -0.0547116
0.64193 -0.422399
0.827323 -0.53093
0.00430008 0.934463
0.432766 -0.0272652
0.634584 -0.357225
0.0359453 0.778276
0.197446 0.57148
0.0250933 0.823796
0.619702 -0.146678
0.203549 0.526217
0.410872 0.223197
0.82625 -0.515697
0.412165 0.206845
0.0472473 0.736278
0.62038 -0.154711
0.626374 -0.252211
0.0429427 0.750882
0.6338 -0.347701
0.185921 0.648814
0.242691 0.277644
0.447823 -0.115732
0.218542 0.412287
0.186941 0.642193
0.0102118 0.895876
0.838651 -0.699425
0.230734 0.331988
0.41567 0.159399
0.830786 -0.594112
0.825069 -0.492996
0.83929 -0.707535
0.233681 0.317124
0.620778 -0.1645
0.0592515 0.70016
0.204921 0.519916
0.416912 0.14309
0.423151 0.0716343
0.223995 0.373722
0.414933 0.168246
0.411381 0.214644
0.627139 -0.25942
0.22518 0.366629
0.240191 0.28394
0.416462 0.151905
0.630932 -0.312891
0.423762 0.0621951
0.630317 -0.305439
0.430658 -0.00964782
0.425063 0.0501892
0.220989 0.394519
0.847309 -0.764492
0.184492 0.656918
0.211541 0.468951
0.0319011 0.79451
0.643305 -0.430819
0.029497 0.806846
0.191887 0.610328
0.0447638 0.746214
0.849732 -0.768494
0.846007 -0.757625
0.62207 -0.185525
0.209188 0.486998
0.0392248 0.764951
0.418284 0.129878
0.828425 -0.555349
0.011351 0.890427
0.244518 0.264817
0.446236 -0.110067
0.83126 -0.60183
0.203022 0.536475
0.0607218 0.697223
0.00765622 0.913525
0.826793 -0.525757
0.222045 0.3919
0.183793 0.662988
0.22656 0.360055
0.0304476 0.800626
0.00663361 0.917726
0.0577306 0.710304
0.84465 -0.751795
0.0726083 0.676874
0.62325 -0.204402
0.198216 0.566183
0.623522 -0.209497
0.421159 0.0912465
0.41954 0.111113
0.640891 -0.414727
0.840101 -0.715846
0.243003 0.270028
0.428753 0.0103795
0.836738 -0.679262
0.440877 -0.0846621
0.202038 0.540575
0.420767 0.0991202
0.0275576 0.81309
0.827818 -0.544655
0.836427 -0.67229
0.629364 -0.294995
0.627487 -0.268932
0.231782 0.323717
0.627894 -0.27404
0.417672 0.1352
0.635713 -0.369681
0.1896 0.625668
0.633038 -0.340577
0.0700093 0.679659
0.426596 0.0312921
0.213905 0.447769
0.422279 0.0782973
0.621223 -0.172299
0.213324 0.451481
0.421959 0.0847498
0.191051 0.619052
0.837749 -0.691151
0.052068 0.720955
0.0464391 0.739844
0.209899 0.48019
0.621605 -0.17834
0.0753667 0.673754
0.0773806 0.671837
0.208242 0.494836
0.228784 0.341975
0.635684 -0.364639
0.227688 0.349534
0.424303 0.0552281
0.843714 -0.742039
0.210454 0.474637
0.644218 -0.436193
0.0560057 0.710483
0.830171 -0.584598
0.420133 0.105521
0.0389349 0.772063
0.252556 0.246436
0.429968 -0.000562641
0.43756 -0.065655
0.412732 0.197337
0.437243 -0.0628082
0.253213 0.244886
0.0545705 0.71831
0.229426 0.338337
0.450301 -0.121286
0.837337 -0.687005
0.440191 -0.0828616
0.0807097 0.669933
0.432269 -0.0187762
0.205584 0.51116
0.429472 0.00236579
0.427112 0.0263764
0.0685606 0.684418
0.207632 0.498639
0.206435 0.504396
0.64043 -0.408797
0.217447 0.420705
0.238288 0.289933
0.227043 0.353079
0.638909 -0.398557
0.824925 -0.49002
0.431376 -0.016368
0.0374223 0.775718
0.630078 -0.295888
0.427883 0.0205122
0.257605 0.242877
0.413104 0.194475
0.0657829 0.685778
0.438877 -0.0737842
0.827989 -0.545849
0.428048 0.0160204
0.649346 -0.45503
0.438889 -0.0748916
0.844271 -0.744171
0.830138 -0.580901
0.232746 0.319995
0.451586 -0.121941
0.238855 0.288566
