322542 510.042
0.851833 -0.773369
0 1
0.823336 -0.458266
0.652512 -0.458263
0.618398 -0.124239
0.453885 -0.124218
0.257766 0.242161
0.409314 0.242156
0.182229 0.669652
0.0830019 0.669652
0.833618 -0.636886
0.233114 0.318572
0.223195 0.379098
0.198608 0.563903
0.625891 -0.243409
0.230343 0.333214
0.626851 -0.259371
0.846813 -0.762678
0.0290815 0.810594
0.0384454 0.767985
0.429093 0.00565712
0.22178 0.393121
0.64118 -0.413954
0.62923 -0.289206
0.0352755 0.780615
0.430428 -0.00766214
0.186329 0.645932
0.211397 0.469673
0.204264 0.522293
0.00510239 0.927756
0.620383 -0.158303
0.188345 0.63381
0.0314423 0.798562
0.197033 0.577925
0.834689 -0.650862
0.434068 -0.0380336
0.000512927 0.978911
0.623418 -0.207942
0.435397 -0.0497048
0.0435431 0.7527
0.6359 -0.370208
0.638243 -0.388212
0.0578171 0.704844
0.209614 0.479982
0.6216 -0.177536
0.00902763 0.902471
0.0164638 0.868973
0.21377 0.451748
0.832526 -0.620879
0.634728 -0.359588
0.440447 -0.0839462
0.643652 -0.430976
0.0152409 0.879114
0.840508 -0.719284
0.63678 -0.379023
0.200857 0.546653
0.21215 0.460542
0.451231 -0.122054
0.644978 -0.439934
0.00685046 0.917687
0.648858 -0.453382
0.0548148 0.712152
0.642996 -0.420906
0.447463 -0.114804
0.417792 0.138675
0.199918 0.554148
0.621145 -0.167996
0.646687 -0.447329
0.831587 -0.605217
0.825506 -0.501453
0.836986 -0.68174
0.850044 -0.771189
0.622622 -0.194817
0.632957 -0.339035
0.00238061 0.952747
0.839479 -0.709571
0.24066 0.279289
0.235151 0.311584
0.0172466 0.859924
0.618991 -0.133654
0.410609 0.225726
0.0276697 0.818227
0.0106285 0.893437
0.444218 -0.101665
0.631123 -0.31375
0.41529 0.164922
0.0451944 0.74273
0.830017 -0.57829
0.439338 -0.0758584
0.412661 0.19936
0.431663 -0.0144568
0.639667 -0.401873
0.411259 0.216508
0.185346 0.652502
0.191202 0.615332
0.423653 0.0659375
0.235954 0.303497
0.845365 -0.753194
0.412006 0.20827
0.214606 0.442316
0.829406 -0.570632
0.254202 0.243825
0.20568 0.510607
0.216673 0.427963
0.184075 0.661515
0.422702 0.0741522
0.00146931 0.965383
0.00400724 0.936333
0.00325717 0.943721
0.835609 -0.656896
0.00794165 0.911226
0.627429 -0.268292
0.828845 -0.560686
0.41652 0.148027
0.416132 0.154838
0.2206 0.39975
0.622265 -0.189225
0.409987 0.2347
0.438346 -0.0677983
0.0635072 0.690663
0.0598854 0.699135
0.432316 -0.0241677
0.418214 0.129489
0.825132 -0.491087
0.424167 0.056936
0.0225449 0.835293
0.215978 0.436293
0.6321 -0.32976
0.0698758 0.679244
0.242775 0.272155
0.21923 0.407251
0.629959 -0.302786
0.841462 -0.728447
0.194263 0.595504
0.827216 -0.531713
0.0734434 0.675426
0.842971 -0.740339
0.0412873 0.758321
0.419792 0.108155
0.631573 -0.323287
0.217604 0.419717
0.224857 0.368836
0.251027 0.248125
0.0253397 0.823623
0.844094 -0.748184
0.837654 -0.690302
0.6252 -0.233284
0.832253 -0.616439
0.0664423 0.684938
0.433538 -0.0294467
0.0243733 0.829223
0.428465 0.0148543
0.0782382 0.671503
0.22718 0.352314
0.619937 -0.14601
0.239146 0.285597
0.229784 0.341132
0.0507054 0.72446
0.828337 -0.553205
0.226372 0.359377
0.826069 -0.510595
0.422014 0.0823631
0.82663 -0.52188
0.237112 0.295464
0.426406 0.0384603
0.414236 0.177248
0.827945 -0.545496
0.63892 -0.398258
0.228449 0.346386
0.835899 -0.668092
0.830946 -0.597691
0.195027 0.588827
0.190027 0.623683
0.0484383 0.731914
0.624229 -0.21555
0.202522 0.536698
0.82408 -0.472227
0.428078 0.020958
0.0617053 0.694016
0.053202 0.717621
0.836281 -0.671989
0.442152 -0.0932157
0.218434 0.413603
0.418972 0.118281
0.420562 0.0989024
0.246388 0.259613
0.0399265 0.76327
0.0133813 0.885636
0.823646 -0.464605
0.436422 -0.0569329
0.827469 -0.538289
0.203228 0.530147
0.839127 -0.701157
0.413616 0.187029
0.628444 -0.280326
0.196166 0.583067
0.842368 -0.733638
0.0219579 0.84295
0.437499 -0.0606987
0.208633 0.48749
0.193163 0.603146
0.00165273 0.961448
0.414638 0.172346
0.425394 0.0464561
0.619483 -0.142871
0.413236 0.190337
0.426988 0.0278561
0.634312 -0.350288
0.248142 0.256256
0.628036 -0.276606
0.249799 0.252537
0.237997 0.290892
0.0345393 0.785348
0.633655 -0.34763
0.838269 -0.696843
0.075805 0.673432
0.830481 -0.58894
0.189312 0.627785
9.14948e-05 0.990679
0.624368 -0.222276
0.0118186 0.887539
0.824721 -0.484263
0.020979 0.846965
0.0187302 0.85275
0.630194 -0.305451
0.0466928 0.738639
0.824428 -0.479065
0.245118 0.265616
0.425097 0.0501453
0.44577 -0.109432
0.0681196 0.682725
0.418709 0.121752
0.443158 -0.0941598
0.624791 -0.227928
0.000304801 0.987068
0.225956 0.366827
0.652213 -0.458234
0.826303 -0.516715
0.206861 0.501211
0.207458 0.496581
0.421323 0.089369
0.0329964 0.78997
0.0529112 0.724158
0.182725 0.666907
0.206369 0.506712
0.0326283 0.793632
0.426467 0.0318666
0.0825159 0.670035
0.192232 0.608003
0.208394 0.492081
