119140 240.029
0.85165 -0.773277
1.38778e-16 1.00009
0.642342 -0.420093
0.61961 -0.145045
0.821636 -0.422776
0.453833 -0.124109
0.257619 0.242292
0.409381 0.241367
0.0830402 0.66977
0.183837 0.660813
0.633733 -0.344014
0.626613 -0.255379
0.621418 -0.175485
0.822888 -0.448346
0.824005 -0.471796
0.824841 -0.48844
0.621084 -0.169937
0.82175 -0.425191
0.825654 -0.504261
0.826625 -0.522654
0.827499 -0.53876
0.832011 -0.614478
0.835572 -0.66516
0.834412 -0.649511
0.833002 -0.6296
0.843677 -0.7454
0.829256 -0.569753
0.253658 0.244537
0.826187 -0.513784
0.187087 0.641699
0.250774 0.248695
0.204086 0.522323
0.185725 0.649764
0.234336 0.30956
0.000111485 0.989606
0.201781 0.539694
0.0138757 0.876559
0.420323 0.101383
0.837408 -0.687745
0.427414 0.0220847
0.44516 -0.107087
0.233003 0.316918
0.248396 0.253702
0.83669 -0.678629
0.200708 0.547687
0.192848 0.604011
0.194067 0.595606
0.419641 0.109508
0.198915 0.560932
0.0092466 0.901375
0.833367 -0.634419
0.443607 -0.100626
0.827952 -0.546929
0.231882 0.323308
0.222416 0.384741
0.841215 -0.726399
0.424507 0.0530768
0.00283163 0.946723
0.411308 0.215734
0.41072 0.223523
0.422195 0.0792539
0.00805705 0.908412
0.421006 0.0931812
0.197904 0.568511
0.223411 0.377599
0.834107 -0.645364
0.246547 0.258622
0.419027 0.116988
0.035451 0.780094
0.848686 -0.769012
0.436749 -0.0601975
0.437718 -0.0670158
0.438658 -0.0733023
0.189094 0.62885
0.188204 0.634767
0.439715 -0.0799239
0.00358953 0.939858
0.199851 0.554292
0.412885 0.195097
0.839291 -0.707992
0.442402 -0.0948676
0.025407 0.822582
0.215693 0.433678
0.00442342 0.93303
0.831463 -0.606172
0.446801 -0.112841
0.214648 0.441583
0.206341 0.505061
0.4266 0.0305393
0.416913 0.143213
0.828598 -0.558372
0.238876 0.286992
0.413465 0.18748
0.432652 -0.0276199
0.0174101 0.859145
0.235598 0.302926
0.435056 -0.0474584
0.00528313 0.926603
0.428753 0.00857359
0.421564 0.086602
0.433463 -0.0345192
0.190177 0.621842
0.197166 0.574644
0.844985 -0.753544
0.00208956 0.954302
0.0745522 0.673703
0.428143 0.0146681
0.212396 0.458993
0.192047 0.609748
0.435876 -0.0537365
0.434216 -0.0407575
0.430614 -0.00928953
0.216443 0.428468
0.217388 0.420997
0.00107985 0.967278
0.418438 0.124219
0.209254 0.482759
0.000351368 0.981442
0.00619475 0.92029
0.422841 0.0718372
0.413975 0.180747
0.190995 0.61643
0.230731 0.330043
0.836154 -0.671735
0.411866 0.20835
0.00710626 0.914331
0.838545 -0.70008
0.000650732 0.974653
0.0518856 0.72069
0.0340334 0.785845
0.43192 -0.0211925
0.237597 0.292943
0.211495 0.465629
0.224314 0.371386
0.240116 0.281564
0.425208 0.0454268
0.213166 0.452817
0.050387 0.725315
0.412339 0.202116
0.416393 0.149757
0.0368333 0.774518
0.0208408 0.843111
0.031727 0.795389
0.0241156 0.828271
0.221455 0.391344
0.0575038 0.704502
0.415868 0.156382
0.00157382 0.960409
0.448351 -0.117213
0.842517 -0.736723
0.0304791 0.800651
0.225153 0.365705
0.184631 0.656535
0.423853 0.0603743
0.0195768 0.848965
0.0678862 0.682162
0.840432 -0.719359
0.244868 0.263606
0.0230855 0.83296
0.410168 0.230906
0.0218628 0.838453
0.21035 0.474368
0.226019 0.359955
0.838048 -0.694894
0.0186261 0.853434
0.0719021 0.676478
0.0606279 0.696647
0.053412 0.715949
0.431235 -0.0149854
0.016222 0.864897
0.829729 -0.577744
0.227695 0.34894
0.415374 0.162721
0.22684 0.354474
0.417533 0.135413
0.0120178 0.886123
0.0590739 0.700401
0.032921 0.790475
0.830447 -0.58978
0.213972 0.446854
0.205054 0.514897
0.208705 0.487042
0.0391743 0.765342
0.0773707 0.67156
0.236595 0.29781
0.207283 0.497955
0.0463825 0.738717
0.0478264 0.733722
0.0379697 0.770016
0.0700211 0.678928
0.243698 0.267606
0.242371 0.272409
0.196132 0.581174
0.207809 0.493997
0.241309 0.276554
0.0623966 0.692672
0.414522 0.17369
0.839894 -0.714226
0.0489501 0.729986
0.0283429 0.809752
0.079744 0.670338
0.42338 0.0656802
0.0293512 0.805465
0.83002 -0.582763
0.194928 0.590018
0.220759 0.396474
0.220014 0.401798
0.219306 0.40689
0.229914 0.335013
0.055874 0.708854
0.0403534 0.760781
0.417905 0.130815
0.20299 0.530703
0.842087 -0.733683
0.828394 -0.554838
0.414895 0.168871
0.429815 -0.00172099
0.0433987 0.749444
0.20556 0.511126
0.42952 0.00112975
0.441222 -0.0886939
0.0659861 0.685457
0.0547546 0.712036
0.409757 0.236379
0.831059 -0.599686
0.845701 -0.757523
0.440742 -0.0859775
0.228568 0.343534
0.0267241 0.816833
0.202737 0.532553
0.0422212 0.75372
0.426082 0.0360369
0.195557 0.585197
0.218587 0.412172
0.0106713 0.893334
0.229108 0.339995
0.218098 0.415717
0.847394 -0.764991
0.425701 0.0401124
0.830871 -0.59533
0.210779 0.471153
0.0452955 0.742553
0.0103744 0.895003
0.846664 -0.762007
0.0414103 0.756783
0.0444093 0.745693
0.450892 -0.122081
0.0153097 0.869391
0.0272238 0.814637
0.45015 -0.12094
