175000 310.027
0.85212 -0.770998
3.29524e-10 1.04233
0.823377 -0.455337
0.618462 -0.1212
0.653029 -0.455325
0.452862 -0.120793
0.409472 0.244588
0.256754 0.245535
0.182386 0.673211
0.0838947 0.673812
2.20648e-07 1.02293
0.241001 0.284384
0.184809 0.660488
0.0154711 0.874907
0.0130927 0.887313
0.201783 0.546051
0.0398912 0.769144
0.0372561 0.780136
0.419596 0.116037
0.243858 0.271687
0.621885 -0.178147
0.1999 0.560728
0.841095 -0.719935
0.628031 -0.271221
0.00183139 0.968762
0.0790282 0.675191
0.848699 -0.761997
0.82713 -0.526719
0.195751 0.590579
0.0435819 0.75603
0.414116 0.18534
0.443598 -0.0931403
0.0320507 0.799624
0.413036 0.198072
0.0206144 0.852185
0.418524 0.130744
0.646992 -0.443854
9.4818e-07 1.01041
0.194474 0.599297
0.225998 0.366024
0.0460997 0.746896
0.446113 -0.101612
0.203952 0.529272
0.192957 0.60785
0.83924 -0.694154
0.649625 -0.451204
0.635363 -0.360304
0.41678 0.152978
0.426156 0.0478032
0.214811 0.446485
0.421146 0.0972995
0.420383 0.107049
0.0172185 0.866527
0.836561 -0.6683
0.631683 -0.317611
0.624511 -0.216743
0.431123 -0.00642497
0.830463 -0.578775
0.63625 -0.3692
0.0185626 0.859463
0.61908 -0.131547
0.188857 0.635976
0.187378 0.644748
0.202848 0.538165
0.438056 -0.0642296
0.835696 -0.661242
0.82667 -0.517607
0.213392 0.455021
0.0114909 0.895385
0.186657 0.652699
0.00246099 0.956369
0.0417042 0.761723
0.437148 -0.0549604
0.439378 -0.0715951
0.64191 -0.41653
0.837106 -0.680256
0.410263 0.236792
0.0285109 0.81871
0.623748 -0.204411
0.62745 -0.261014
0.414656 0.177414
0.620837 -0.160449
0.254349 0.248989
0.833095 -0.627407
0.00580654 0.930616
0.626803 -0.253194
0.427593 0.030737
0.251215 0.254155
0.0259554 0.825056
0.0486588 0.735419
0.625039 -0.226051
0.211233 0.478825
0.426602 0.0374283
0.209125 0.489782
0.2231 0.39126
0.025184 0.831922
0.83394 -0.63492
0.621236 -0.165305
0.826155 -0.50746
0.839661 -0.705154
0.217136 0.428598
0.831042 -0.595526
0.417568 0.142213
0.636992 -0.378531
0.0607524 0.702221
0.190306 0.629451
0.633929 -0.343332
0.835043 -0.650172
0.842542 -0.732211
0.0748111 0.679354
0.415516 0.167725
0.646024 -0.435621
0.641091 -0.410627
0.832477 -0.617653
0.410915 0.226831
0.221208 0.398107
0.643723 -0.425887
0.00945164 0.909756
0.0103257 0.90272
0.428362 0.0208471
0.00727033 0.92219
0.234308 0.314602
0.227521 0.357341
0.0220556 0.843622
0.838062 -0.685955
0.00344462 0.951026
0.0229291 0.83861
0.825623 -0.499954
0.440496 -0.0799218
0.622579 -0.188752
0.823919 -0.462071
0.0552659 0.720805
0.069212 0.684188
0.827797 -0.539913
0.411349 0.220159
0.632739 -0.331885
0.626165 -0.243414
0.846738 -0.757585
0.218202 0.421169
0.840574 -0.711123
0.0351287 0.786836
0.00139315 0.978982
0.00052674 0.983664
0.22915 0.344603
0.249044 0.257991
0.205297 0.520705
0.0302836 0.808522
0.834609 -0.64412
0.424604 0.0618082
0.434089 -0.0358875
0.831988 -0.61079
0.416067 0.161147
0.629069 -0.282807
0.430269 0.00156148
0.192337 0.617377
0.223758 0.383509
0.412427 0.211988
0.424704 0.0554983
0.639714 -0.402182
0.000342069 0.994422
0.00793599 0.916492
0.0583854 0.709116
0.843792 -0.739991
0.620118 -0.147268
0.0474264 0.741426
0.447333 -0.107973
0.207164 0.504441
0.824187 -0.471917
0.0728464 0.681389
7.93163e-05 0.999862
0.824615 -0.477375
0.00421909 0.94172
0.450868 -0.113901
0.632451 -0.328486
0.247839 0.264586
0.422034 0.0885232
0.238258 0.296437
0.191017 0.621073
0.236186 0.303221
0.212565 0.463017
0.228162 0.352071
0.429398 0.00725307
0.422466 0.0836375
0.630906 -0.309834
0.423603 0.0707143
0.435272 -0.0432827
0.429056 0.0151531
0.198399 0.570819
0.619705 -0.14012
0.0683457 0.690001
0.435914 -0.0478778
0.245377 0.266691
0.43248 -0.0154923
0.197218 0.580904
0.831677 -0.601902
0.230229 0.338825
0.0629735 0.699351
0.235629 0.307137
0.422997 0.0744278
0.829996 -0.57603
0.412841 0.205995
0.829526 -0.565463
0.433824 -0.028865
0.825377 -0.486063
0.219002 0.414703
0.637913 -0.38525
0.638364 -0.390546
0.644465 -0.429987
0.0511173 0.729049
0.634385 -0.350944
0.844969 -0.748071
0.639234 -0.397358
0.220784 0.405239
0.00514479 0.938018
0.825516 -0.490464
0.20812 0.497023
0.0522016 0.725154
0.206326 0.510067
0.224845 0.374593
0.0299426 0.812743
0.623813 -0.206893
0.211857 0.467969
0.630464 -0.304109
0.629746 -0.294501
0.417985 0.135874
0.448976 -0.11244
0.231281 0.333621
0.231882 0.328959
0.056267 0.715579
0.199073 0.566347
0.845233 -0.751436
0.220139 0.410324
0.82914 -0.562651
0.629098 -0.286321
0.82903 -0.553351
0.065483 0.691923
0.62563 -0.234575
0.0336911 0.792355
0.205798 0.515592
0.0649298 0.695685
0.216069 0.438608
0.827971 -0.543071
0.239266 0.291538
0.432905 -0.0233358
0.197325 0.578373
0.828547 -0.550941
0.216389 0.437089
0.442069 -0.0867352
0.211475 0.474633
0.233145 0.32042
