163793 440.05
0.851836 -0.773369
0 1
0.652512 -0.458263
0.823332 -0.458272
0.453882 -0.124218
0.6184 -0.124282
0.257761 0.242161
0.409314 0.242158
0.18223 0.669646
0.0830009 0.669652
0.0385346 0.770363
0.0413447 0.757025
0.0349714 0.781872
0.833948 -0.643337
0.633479 -0.345807
0.619895 -0.147682
0.635008 -0.361888
0.436923 -0.0604392
0.43898 -0.0729909
0.19046 0.619902
0.632415 -0.331846
0.0328638 0.790978
0.448809 -0.116912
0.618837 -0.131072
0.62113 -0.170146
0.631015 -0.314251
0.843459 -0.742997
0.620415 -0.156216
0.205429 0.511898
0.207175 0.501006
0.63007 -0.303324
0.18878 0.631017
0.637624 -0.385004
0.207991 0.492656
0.00917948 0.903011
0.642123 -0.420484
0.211582 0.465401
0.244831 0.264294
0.831137 -0.59719
0.828379 -0.554669
0.626567 -0.255647
0.213243 0.45463
0.0309861 0.800823
0.0195034 0.849252
0.194939 0.591214
0.203154 0.529631
0.827833 -0.543351
0.242573 0.271506
0.841319 -0.726485
0.204486 0.520366
0.193262 0.600991
0.833184 -0.629459
0.021243 0.841112
0.0609928 0.695653
0.00132809 0.964781
0.246972 0.257408
0.627544 -0.269933
0.0438012 0.747853
0.646147 -0.445198
0.828929 -0.564289
0.0678967 0.681988
0.824927 -0.489398
0.187553 0.638409
0.832604 -0.623709
0.43172 -0.0188982
0.215151 0.438304
0.417212 0.140191
0.841821 -0.731688
0.00301988 0.947793
0.0510201 0.724855
0.417871 0.131776
0.202048 0.538044
0.00483734 0.931172
0.416391 0.149688
0.0489516 0.731114
0.426817 0.030494
0.434193 -0.0399468
0.00195917 0.95608
0.210586 0.472362
0.62795 -0.274398
0.844572 -0.751238
0.00726575 0.913965
0.200939 0.545838
0.00415838 0.939794
0.000125835 0.990159
0.213984 0.447298
0.0654401 0.687491
0.057869 0.703335
0.848885 -0.769437
0.0468882 0.736994
0.837147 -0.68394
0.824506 -0.479095
0.429573 0.00642269
0.427553 0.0216598
0.196021 0.583895
0.0179409 0.857152
0.0292507 0.806519
0.052694 0.718052
0.826499 -0.51738
0.636328 -0.376226
0.0767702 0.671787
0.236058 0.30039
0.23783 0.291789
0.415075 0.166562
0.219095 0.412854
0.41575 0.157932
0.431042 -0.00795505
0.425817 0.0387288
0.829698 -0.573355
0.428307 0.0135554
0.0158015 0.866802
0.0549946 0.713376
0.440002 -0.081754
0.44259 -0.0954517
0.198149 0.569073
0.825968 -0.509094
0.196913 0.575328
0.249536 0.252365
0.836382 -0.675145
0.441468 -0.087198
0.835823 -0.667495
0.622462 -0.192642
0.222286 0.385331
0.839858 -0.713179
0.640345 -0.410954
0.623156 -0.201933
0.226272 0.361878
0.235036 0.305658
0.198984 0.560311
0.829946 -0.581628
0.421156 0.0921125
0.422502 0.0804876
0.826878 -0.526941
0.199892 0.553976
0.184677 0.656222
0.183633 0.662095
0.233787 0.314433
0.241069 0.279066
0.25447 0.244351
0.219778 0.404012
0.827385 -0.534114
0.413724 0.185585
0.251501 0.247604
0.628973 -0.289072
0.0121027 0.885676
0.410316 0.229411
0.625742 -0.243606
0.830476 -0.590399
0.419434 0.111902
0.446712 -0.111899
0.0726454 0.67545
0.834961 -0.65665
0.0250154 0.824705
0.216241 0.430924
0.425332 0.046882
0.000618809 0.975119
0.0139585 0.877119
0.43082 -0.00127737
0.0627902 0.691642
0.2291 0.340145
0.644674 -0.437636
0.230451 0.33391
0.0450652 0.743189
0.847075 -0.763056
0.433191 -0.0323512
0.837945 -0.691976
0.639823 -0.406381
0.635657 -0.369375
0.845878 -0.758424
0.621786 -0.178773
0.423461 0.0664318
0.227072 0.353151
0.0228763 0.833948
0.628938 -0.287515
0.00587299 0.922568
0.0277434 0.813939
0.420462 0.105758
0.432897 -0.0253784
0.0265171 0.817546
0.44382 -0.101675
0.071187 0.678055
0.445366 -0.106112
0.6331 -0.337171
0.000498273 0.980653
0.223484 0.377281
0.0566347 0.70684
0.217754 0.419425
0.412358 0.204378
0.643313 -0.42807
0.224958 0.367553
0.221988 0.393127
0.191956 0.61026
0.648984 -0.451526
0.220619 0.397557
0.436202 -0.0509134
0.622039 -0.185284
0.62502 -0.232424
0.624238 -0.220365
0.831835 -0.610794
0.838712 -0.702302
0.435365 -0.048375
0.0797052 0.670437
0.420714 0.0979213
0.411032 0.219258
0.410103 0.235413
0.0109535 0.892277
0.231243 0.327294
0.217008 0.424502
0.831862 -0.610896
0.638571 -0.395733
0.0101471 0.896398
0.422245 0.0824835
0.823837 -0.467892
0.209612 0.482175
0.411821 0.210767
0.0165568 0.863098
0.424218 0.0563418
0.626299 -0.249387
0.0237976 0.829558
0.4186 0.122233
0.414764 0.175511
0.186167 0.646913
0.839574 -0.711185
0.638656 -0.397358
0.412991 0.19387
0.630635 -0.310172
0.224088 0.373037
0.625094 -0.233842
0.835084 -0.658813
0.824108 -0.471022
0.0135919 0.879651
0.18599 0.648462
0.643643 -0.433083
0.414223 0.178148
0.648576 -0.450959
0.623675 -0.208971
0.239612 0.28384
0.418798 0.12032
0.19226 0.608093
0.825465 -0.49844
0.838424 -0.698419
0.209709 0.482007
0.412774 0.196829
0.424645 0.0539059
0.232641 0.319175
0.825774 -0.49957
0.423465 0.06553
0.23908 0.287021
0.00655166 0.918002
0.232223 0.322946
