88717 290.046
0.851833 -0.773369
5.55112e-17 1
5.55112e-17 1
0.823332 -0.458264
0.652512 -0.458263
0.453882 -0.124218
0.618397 -0.124219
0.257762 0.242161
0.409314 0.24216
0.0830017 0.669652
0.182229 0.669652
0.840302 -0.718283
0.232835 0.317677
0.0501539 0.725896
0.842025 -0.733355
0.183557 0.662223
0.235558 0.302929
0.411895 0.20785
0.187902 0.636233
0.010902 0.891926
0.0301226 0.802014
0.0598744 0.698292
0.239512 0.283974
0.643408 -0.431789
0.634375 -0.355944
0.000912148 0.969772
0.431615 -0.018574
0.218848 0.410567
0.220157 0.400511
0.64197 -0.422879
0.417434 0.136533
0.824953 -0.490739
0.0726651 0.675427
0.438557 -0.0727563
0.62172 -0.18054
0.622335 -0.190606
0.209822 0.481506
0.426922 0.0270618
0.823803 -0.467833
0.189321 0.627219
0.437257 -0.0639342
0.436108 -0.0556157
0.0374171 0.772034
0.222372 0.384698
0.426089 0.0358214
0.826954 -0.52888
0.830318 -0.587805
0.638497 -0.396318
0.84913 -0.763006
0.637178 -0.384413
0.00539092 0.925668
0.225883 0.360634
0.214379 0.443409
0.0132621 0.879473
0.447863 -0.116077
0.425202 0.0453591
0.413996 0.180346
0.625633 -0.24207
0.185797 0.64914
0.836145 -0.672565
0.0392013 0.76504
0.450466 -0.121585
0.0628174 0.691573
0.0452103 0.742674
0.640743 -0.414279
0.0436456 0.748322
0.0355475 0.779514
0.837952 -0.694044
0.416619 0.146774
0.828186 -0.551246
0.442007 -0.092981
0.221277 0.392459
0.423658 0.0624336
0.410732 0.223244
0.00164742 0.959326
0.424458 0.0535086
0.829754 -0.578412
0.839375 -0.709223
0.629247 -0.293429
0.23779 0.293579
0.648261 -0.452441
0.0195499 0.848913
0.409998 0.233015
0.228712 0.342322
0.427888 0.0171339
0.627814 -0.273739
0.250638 0.251521
0.0647018 0.687712
0.00292998 0.945601
0.835421 -0.6633
0.635715 -0.370054
0.204114 0.522143
0.22369 0.375513
0.215588 0.434276
0.843965 -0.747517
0.419418 0.112166
0.0534045 0.715807
0.0340605 0.785567
0.440227 -0.0805763
0.00866105 0.904608
0.830933 -0.597819
0.627334 -0.266936
0.843027 -0.741047
0.622951 -0.200515
0.838649 -0.701667
0.626702 -0.257839
0.633233 -0.343156
0.828702 -0.560345
0.0563852 0.70729
0.62624 -0.251082
0.00038916 0.980268
0.44365 -0.100923
0.631253 -0.319415
0.834887 -0.656262
0.412496 0.199928
0.415614 0.159525
0.0689635 0.680309
0.433613 -0.0359046
0.620236 -0.15583
0.205146 0.514047
0.833881 -0.6424
0.0072962 0.912924
0.211673 0.464025
0.0275794 0.812913
0.64501 -0.440225
0.0118378 0.886897
0.833199 -0.632604
0.445906 -0.109985
0.61928 -0.13952
0.630434 -0.309032
0.186184 0.646806
0.420045 0.104521
0.825779 -0.505475
0.618844 -0.131995
0.199774 0.555522
0.19203 0.611561
0.0783916 0.670795
0.635036 -0.362994
0.0258298 0.820551
0.00644968 0.918392
0.428497 0.0112073
0.195551 0.585029
0.0761093 0.672211
0.845479 -0.754486
0.032579 0.791687
0.196592 0.577621
0.620902 -0.166309
0.825459 -0.500585
0.0210086 0.842176
0.422927 0.0707146
0.00226549 0.952242
0.212897 0.454677
0.21634 0.428908
0.434934 -0.0466042
0.194841 0.590534
0.0688236 0.685142
0.057415 0.704522
0.200866 0.547399
0.846104 -0.759612
0.6247 -0.227927
0.440798 -0.0864323
0.625014 -0.232726
0.227174 0.352149
0.850365 -0.772462
0.241208 0.276805
0.834274 -0.647899
0.621111 -0.170501
0.4182 0.127015
0.832117 -0.616423
0.0416342 0.755751
0.826267 -0.516045
0.210636 0.471969
0.253514 0.244528
0.420628 0.0975367
0.203211 0.528749
0.242087 0.273372
0.623339 -0.206698
0.624092 -0.218526
0.639777 -0.406923
0.0319561 0.797709
0.0148699 0.871729
0.0479002 0.733343
0.198138 0.566458
0.244483 0.264729
0.837111 -0.684356
0.0166779 0.862879
0.421374 0.0887046
0.206749 0.501799
0.0473122 0.735344
0.416039 0.154116
0.207598 0.495292
0.430536 -0.00867651
0.0537165 0.714888
0.652239 -0.458239
0.827532 -0.53948
0.422259 0.0784014
0.201368 0.542611
0.197339 0.572248
0.213358 0.451162
0.0409132 0.758472
0.632356 -0.332883
0.198968 0.560388
0.826468 -0.519825
0.19375 0.59763
5.21511e-05 0.992778
0.217671 0.418742
0.831616 -0.608662
0.413289 0.189555
0.236593 0.297674
0.414846 0.169369
0.836847 -0.681202
0.444686 -0.105344
0.190525 0.619389
0.243869 0.266811
0.8244 -0.479812
0.434448 -0.0427071
0.247545 0.255651
0.623818 -0.214241
0.647187 -0.449055
0.645862 -0.444066
0.639177 -0.402071
0.230038 0.334109
0.824335 -0.478526
0.000189845 0.986221
0.0181217 0.855615
0.827671 -0.542012
0.22774 0.348494
0.628516 -0.283495
0.252159 0.246269
0.2173 0.421473
0.629921 -0.302368
0.224702 0.368576
0.414801 0.171785
0.246783 0.257709
0.192834 0.603916
0.0154399 0.868596
0.619743 -0.147459
0.0228916 0.83362
0.418744 0.120314
0.00412939 0.935212
0.00393479 0.936787
0.0220098 0.837608
0.432659 -0.027778
0.024781 0.825178
0.430314 -0.00652419
0.0239182 0.829016
0.829248 -0.569799
0.832528 -0.622662
0.831319 -0.60398
0.429464 0.00152757
