45832 150.024
0.851833 -0.773369
5.55112e-17 1
5.55112e-17 1
0.823332 -0.458265
0.652512 -0.458263
0.453882 -0.124218
0.618397 -0.12422
0.409314 0.242159
0.257762 0.242161
0.182229 0.669652
0.0830014 0.669652
0.0549661 0.711253
0.0589181 0.700649
0.0437432 0.747951
0.622255 -0.1893
0.621315 -0.173886
0.410353 0.228281
0.193275 0.600951
0.0408304 0.758787
0.413061 0.192529
0.413996 0.180348
0.424586 0.0521023
7.84841e-05 0.99116
0.833974 -0.643705
0.823861 -0.469008
0.25348 0.244566
0.639114 -0.401551
0.446297 -0.111335
0.198091 0.566804
0.195506 0.585352
0.0460442 0.739732
0.832835 -0.627187
0.20934 0.481918
0.0286666 0.808375
0.00490235 0.929231
0.831636 -0.608979
0.44054 -0.0849586
0.00609035 0.920801
0.622858 -0.199029
0.075866 0.672396
0.0136595 0.883042
0.428931 0.00671903
0.196834 0.575889
0.843054 -0.741107
0.00967929 0.898718
0.210481 0.473157
0.204022 0.523062
0.416709 0.145631
0.627452 -0.268617
0.826541 -0.521197
0.415961 0.155104
0.827809 -0.544506
0.620228 -0.155682
0.215204 0.437175
0.23882 0.287066
0.00259799 0.948818
0.432335 -0.0204077
0.620799 -0.165289
0.438855 -0.0746915
0.234382 0.309141
0.243753 0.268035
0.848867 -0.76967
0.205409 0.512044
0.0169186 0.861614
0.417632 0.137507
0.427991 0.0160902
0.634672 -0.35916
0.236637 0.297456
0.828392 -0.554902
0.835112 -0.65926
0.636556 -0.378469
0.828813 -0.562282
0.208201 0.49105
0.0726529 0.676143
0.414711 0.171106
0.824378 -0.479377
0.0525649 0.718335
0.18363 0.661806
0.629691 -0.299343
0.619229 -0.138648
0.619709 -0.146868
0.441609 -0.0908919
0.00052999 0.97697
0.637548 -0.387851
0.640451 -0.41213
0.630858 -0.314432
0.421287 0.0897349
0.0369459 0.773905
0.0615375 0.694393
0.41809 0.128379
0.415311 0.163557
0.187479 0.63887
0.841848 -0.731917
0.623455 -0.20853
0.023502 0.830878
0.43102 -0.0131629
0.625721 -0.243378
0.62476 -0.228844
0.846944 -0.763338
0.425632 0.0407107
0.242065 0.273415
0.225185 0.365314
0.836604 -0.678261
0.432901 -0.0297659
0.626459 -0.254303
0.216899 0.42446
0.231354 0.326226
0.221997 0.393332
0.190902 0.6169
0.214014 0.446174
0.411044 0.219222
0.0803148 0.670493
0.448653 -0.118066
0.824742 -0.486594
0.630419 -0.308842
0.245754 0.260692
0.0224199 0.83575
0.201865 0.538887
0.423762 0.0612651
0.0152593 0.869433
0.411508 0.213067
0.419233 0.114338
0.838083 -0.695496
0.223443 0.377217
0.226875 0.358878
0.450105 -0.121001
0.638214 -0.393842
0.845752 -0.757882
0.0268104 0.816256
0.832284 -0.618963
0.423275 0.0667496
0.0145838 0.874108
0.643148 -0.430268
0.206137 0.507322
0.63242 -0.333644
0.831054 -0.599487
0.00173984 0.958194
0.422058 0.0807208
0.0631639 0.690837
0.838746 -0.7027
0.422625 0.0758374
0.212064 0.461032
0.418898 0.121519
0.62679 -0.259112
0.235942 0.300956
0.0252163 0.823252
0.220132 0.400703
0.216165 0.429992
0.228575 0.343196
0.618713 -0.129721
0.426874 0.0275613
0.443145 -0.0985863
0.0394017 0.764264
0.825184 -0.495262
0.633095 -0.34156
0.188749 0.630882
0.0321902 0.793302
0.429824 -0.00162898
0.0350603 0.781487
0.42602 0.0368681
0.00820922 0.907302
0.224274 0.371493
0.839385 -0.709324
0.211745 0.465729
0.623957 -0.216421
0.837449 -0.688306
0.419888 0.106416
0.826112 -0.513108
0.438497 -0.068763
0.068537 0.681001
0.830073 -0.583738
0.84121 -0.726512
0.631712 -0.324878
0.00377322 0.938127
0.434099 -0.0399133
0.43506 -0.0476026
0.192235 0.607987
0.829411 -0.572586
0.635649 -0.36673
0.0381346 0.769204
0.628253 -0.279874
0.436486 -0.058408
0.184724 0.655489
0.240563 0.279461
0.437207 -0.0630538
0.050448 0.724951
0.200396 0.549853
0.649284 -0.454632
0.646566 -0.446897
0.0484529 0.731484
0.218039 0.415997
0.633879 -0.350397
0.0120304 0.890341
0.444369 -0.104043
0.642339 -0.425263
0.629013 -0.290274
0.247861 0.254843
0.644497 -0.437694
0.430289 -0.00635369
0.200985 0.545507
0.00734884 0.912593
0.427299 0.023425
0.435966 -0.0509204
0.229926 0.334792
0.835712 -0.667098
0.412328 0.202143
0.420706 0.0966101
0.825483 -0.501063
0.0332157 0.789044
0.840463 -0.719787
0.0697372 0.679167
0.648327 -0.45262
0.844133 -0.7486
0.825819 -0.507522
0.218398 0.413347
0.827355 -0.53627
0.0109613 0.891603
0.0196565 0.848437
0.0478021 0.733743
0.00342774 0.941085
0.190204 0.621489
0.202799 0.531861
0.0181748 0.855363
0.62808 -0.277465
0.199269 0.558178
0.834395 -0.649365
0.0303418 0.801074
0.840027 -0.715467
0.213204 0.452337
0.827124 -0.532017
0.844572 -0.751329
0.433622 -0.0356901
0.412255 0.204477
0.222383 0.384619
0.82959 -0.575439
0.189378 0.626853
0.625379 -0.238255
0.207146 0.498759
0.195769 0.583484
0.227734 0.348534
0.227143 0.352349
0.250255 0.249536
0.830703 -0.594101
0.00104403 0.967654
0.836954 -0.682485
0.233196 0.315649
0.641482 -0.419574
0.232148 0.321595
0.830382 -0.588849
0.186573 0.644806
