250679 490.044
0.851833 -0.773369
0.851833 -0.773369
9.18319e-17 1
0.823332 -0.458265
0.652512 -0.458263
0.618397 -0.124219
0.453882 -0.124218
0.257762 0.242161
0.409314 0.242161
0.0830016 0.669652
0.182229 0.669652
0.202521 0.533956
0.2419 0.274303
0.239056 0.286002
0.826159 -0.513982
0.20101 0.545284
0.195965 0.582097
0.00852158 0.905433
0.4329 -0.0298715
0.204587 0.518308
0.252865 0.245302
0.823912 -0.469795
0.226637 0.355651
0.197551 0.570715
0.833582 -0.63635
0.199768 0.554503
0.213073 0.454043
0.00156675 0.960341
0.000221877 0.985103
0.414478 0.174117
0.035422 0.780021
0.444272 -0.10363
0.835983 -0.67055
0.0548394 0.711756
0.446239 -0.111137
0.848676 -0.769178
0.431771 -0.0199724
0.0233324 0.831639
0.237305 0.29418
0.624418 -0.222736
0.0658059 0.685669
0.0147788 0.871814
0.413269 0.189807
0.0190918 0.852157
0.838163 -0.696389
0.0602379 0.697417
0.410041 0.232446
0.622599 -0.194845
0.00677249 0.916275
0.246965 0.257219
0.828562 -0.557904
0.423897 0.0597589
0.628614 -0.284844
0.627997 -0.276309
0.223423 0.377356
0.426634 0.0307003
0.620404 -0.157964
0.198528 0.563612
0.234265 0.309771
0.232729 0.318275
0.228027 0.346712
0.418101 0.128247
0.0250082 0.824172
0.220075 0.401102
0.42476 0.0502133
0.824458 -0.48
0.216142 0.43012
0.194703 0.591004
0.834022 -0.644378
0.832593 -0.623634
0.000833968 0.9711
0.824827 -0.488263
0.644541 -0.437917
0.434298 -0.0394335
0.231578 0.324914
0.206656 0.506762
0.844279 -0.749497
0.4484 -0.117457
0.831777 -0.611167
0.649514 -0.455362
0.841719 -0.730792
0.420041 0.104563
0.827364 -0.536429
0.030868 0.801441
0.622009 -0.185288
0.00446111 0.932585
0.221488 0.390953
0.62711 -0.263732
0.428591 0.0100805
0.837341 -0.687051
0.0376328 0.77118
0.411987 0.206625
0.420699 0.0966983
0.0131711 0.879939
0.623699 -0.212371
0.0216165 0.839398
0.417334 0.137788
0.630831 -0.314081
0.450588 -0.121769
0.619022 -0.135069
0.839013 -0.705506
0.437438 -0.0652069
0.634614 -0.358538
0.621561 -0.17794
0.0172993 0.859527
0.0205494 0.844286
0.244694 0.264043
0.640576 -0.41303
0.421378 0.0886661
0.624963 -0.23194
0.211797 0.463079
0.419321 0.113274
0.423147 0.0682063
0.00238236 0.95102
0.222129 0.386412
0.82542 -0.499837
0.0121938 0.885068
0.0162964 0.864364
0.185545 0.650642
0.646334 -0.446003
0.415751 0.157782
0.2104 0.473801
0.84589 -0.758572
0.834852 -0.655785
0.0339143 0.786167
0.637451 -0.386957
0.840688 -0.72186
0.6328 -0.338135
0.626156 -0.24981
0.190643 0.618611
0.0515185 0.721564
0.0477232 0.733974
0.826743 -0.52497
0.0533889 0.716676
0.214221 0.444689
0.633641 -0.347807
0.641462 -0.41944
0.643269 -0.430983
0.0436739 0.748203
0.421993 0.081475
0.436375 -0.0575948
0.8466 -0.761885
0.625402 -0.238602
0.193735 0.59773
0.41652 0.148029
0.00340765 0.941263
0.427684 0.0192063
0.829854 -0.580079
0.225259 0.364811
0.0396943 0.763134
0.205029 0.514948
0.189302 0.627345
0.830211 -0.586029
0.42258 0.0746896
0.412662 0.197754
0.410707 0.22358
0.183599 0.661983
0.0578162 0.703468
0.631586 -0.323546
0.829119 -0.567582
0.0688269 0.680516
0.184794 0.65508
0.642417 -0.425784
0.831181 -0.601785
0.000482753 0.978021
0.217713 0.418411
0.00996571 0.897102
0.192908 0.603442
0.0699572 0.678854
0.217031 0.423477
0.629342 -0.294707
0.440413 -0.0842222
0.639587 -0.405407
0.0732696 0.674768
0.430869 -0.0117679
0.218642 0.411557
0.0458437 0.740435
0.0411979 0.757395
0.442625 -0.0960984
0.192032 0.609358
0.627296 -0.266401
0.636331 -0.376262
0.208515 0.488252
0.0421947 0.753654
0.439579 -0.0791525
0.62957 -0.297735
0.425617 0.0408782
0.411437 0.213895
0.415355 0.162839
0.0053135 0.926223
0.207593 0.495328
0.832292 -0.619086
0.842547 -0.73746
0.829362 -0.571753
0.434823 -0.0457325
0.429724 -0.000907821
0.187852 0.636547
0.836783 -0.680429
0.839979 -0.710767
0.638233 -0.394005
0.0500187 0.726548
0.0321559 0.793445
0.619745 -0.147486
0.427277 0.023388
0.0265059 0.817587
0.211162 0.467941
0.214914 0.439358
0.0745347 0.673521
0.219284 0.406856
0.249574 0.250875
0.827917 -0.546444
0.207059 0.499417
0.42925 0.00359644
0.621036 -0.169256
0.229081 0.340012
0.430452 -0.00788597
0.623185 -0.204254
0.0779575 0.671044
0.414795 0.17002
0.830702 -0.594086
0.834758 -0.65409
0.636724 -0.380093
0.209395 0.481492
0.00598075 0.921552
0.235828 0.301547
0.186958 0.642088
0.441462 -0.0900999
0.825331 -0.498109
0.82803 -0.548461
0.0291153 0.806337
0.0112452 0.893506
0.63404 -0.352263
0.826969 -0.529161
0.0284468 0.809167
0.0629148 0.691365
0.620846 -0.166089
0.632399 -0.333385
0.840165 -0.716987
0.0278394 0.816405
0.249977 0.250065
0.224465 0.370191
0.0385131 0.76772
0.0450739 0.743162
0.188797 0.630593
0.048913 0.729953
0.191321 0.614587
0.230239 0.332892
0.619337 -0.140426
0.416845 0.143917
0.0793244 0.670377
