298668 490.041
0.85183 -0.773369
0 1
0.652511 -0.458263
0.823334 -0.458284
0.6184 -0.12425
0.453884 -0.124218
0.409314 0.242156
0.257763 0.242161
0.182232 0.669635
0.0830029 0.669652
0.437439 -0.0643762
0.435237 -0.0476553
0.0612122 0.695179
0.424076 0.0623479
0.441822 -0.0914278
0.8276 -0.540182
0.0157943 0.870506
0.44341 -0.0985576
0.00934706 0.900614
0.644971 -0.438386
0.447314 -0.107833
0.0180582 0.856247
0.647615 -0.450233
0.222899 0.382088
0.830036 -0.580434
0.833975 -0.638909
0.0565651 0.707434
0.424559 0.0524537
0.838559 -0.7
0.412289 0.20462
0.183998 0.660951
0.00468178 0.930911
0.422406 0.0769163
0.411229 0.216658
0.0116335 0.888258
0.623716 -0.212636
0.238665 0.289053
0.828467 -0.553696
0.414261 0.18848
0.221636 0.390768
0.834634 -0.652569
0.217446 0.422238
0.000132529 0.9885
0.236876 0.296311
0.839856 -0.713687
0.240422 0.28007
0.2251 0.372095
0.211417 0.467295
0.4145 0.175678
0.187239 0.640596
0.635866 -0.370319
0.000506568 0.977915
0.202129 0.538297
0.826944 -0.528456
0.0507009 0.724633
0.825353 -0.495758
0.0348654 0.782446
0.829349 -0.570817
0.43946 -0.0782691
0.226773 0.354864
0.0300016 0.806274
0.200849 0.547387
0.419785 0.114947
0.631306 -0.319859
0.833081 -0.630315
0.638523 -0.394161
0.0363849 0.776678
0.428151 0.0162173
0.427501 0.0250699
0.415761 0.157959
0.214381 0.446924
0.031551 0.795981
0.216351 0.430439
0.22554 0.36491
0.410697 0.225387
0.215112 0.438108
0.00103199 0.967977
0.0333587 0.792455
0.415374 0.16826
0.413052 0.19594
0.835952 -0.667342
0.200498 0.556334
0.621371 -0.174307
0.620273 -0.153915
0.848555 -0.768071
0.635019 -0.362115
0.071384 0.679179
0.416409 0.149479
0.00381878 0.939311
0.636949 -0.380534
0.632051 -0.327835
0.409888 0.234491
0.0139811 0.875814
0.639417 -0.403741
0.235182 0.304891
0.846723 -0.762378
0.623115 -0.20044
0.00292321 0.947042
0.00647353 0.920524
0.00819963 0.908931
0.63419 -0.353746
0.231667 0.32442
0.232903 0.317392
0.197243 0.573144
0.627485 -0.26895
0.831535 -0.607203
0.249747 0.250839
0.252965 0.246625
0.0228714 0.833895
0.41988 0.10676
0.828762 -0.561095
0.627453 -0.258633
0.242828 0.274821
0.429069 0.00727496
0.0745775 0.675977
0.825804 -0.505748
0.842868 -0.738142
0.624327 -0.221704
0.191151 0.616776
0.0214617 0.840315
0.628253 -0.27628
0.42114 0.0987379
0.0406837 0.761542
0.228832 0.342473
0.203485 0.530526
0.421188 0.0909486
0.243647 0.267913
0.433034 -0.0295462
0.649983 -0.45471
0.194562 0.595078
0.824764 -0.485821
0.438995 -0.0753341
0.630711 -0.309311
0.245389 0.261813
0.640332 -0.410036
0.841809 -0.730748
0.209944 0.478735
0.0448264 0.744117
0.024414 0.827428
0.0255715 0.821844
0.83575 -0.658444
0.837417 -0.687783
0.0125219 0.883339
0.2342 0.310333
0.826652 -0.519828
0.432971 -0.0206552
0.0533124 0.718852
0.626359 -0.252342
0.637464 -0.386679
0.426325 0.0333789
0.195617 0.584566
0.628694 -0.28497
0.619682 -0.14556
0.418222 0.127147
0.633653 -0.345564
0.228022 0.348213
0.425689 0.0406059
0.192151 0.609252
0.824398 -0.479597
0.421975 0.0821225
0.0271253 0.815541
0.188246 0.634493
0.843756 -0.745485
0.830707 -0.593717
0.823971 -0.470865
0.220547 0.400458
0.204888 0.517458
0.41724 0.13939
0.204091 0.523927
0.206473 0.506722
0.845351 -0.755167
0.431459 -0.0157103
0.826148 -0.512936
0.065045 0.687492
0.629244 -0.29097
0.063152 0.691311
0.625238 -0.235334
0.642753 -0.427467
0.447987 -0.116348
0.643409 -0.431246
0.624808 -0.22908
0.190743 0.624942
0.207537 0.499097
0.622085 -0.185366
0.418398 0.125087
0.00209506 0.955284
0.629714 -0.298577
0.218724 0.412191
0.028206 0.810791
0.0200547 0.846574
0.831109 -0.594409
0.185639 0.651572
0.62082 -0.163352
0.0539912 0.714437
0.198705 0.563144
0.00161841 0.959723
0.0791525 0.670759
0.196689 0.582673
0.189409 0.628671
0.0768638 0.671747
0.832516 -0.620685
0.837885 -0.693068
0.451448 -0.122776
0.255879 0.244523
0.84102 -0.724268
0.430714 -0.00944122
0.622783 -0.195005
0.230091 0.334028
0.0467446 0.739531
0.0488716 0.731897
0.205566 0.510954
0.823943 -0.464349
0.213111 0.454817
0.019989 0.852472
0.193359 0.60474
0.63282 -0.33639
0.429856 0.000896958
0.449599 -0.11865
0.0679049 0.682088
0.0415863 0.755931
0.434036 -0.0394014
0.208251 0.490761
0.0383075 0.768525
0.1986 0.567332
0.84046 -0.71912
0.844711 -0.75061
0.219839 0.403094
0.641874 -0.418868
0.618935 -0.133474
0.230488 0.331723
0.630092 -0.304567
0.18538 0.651851
0.212146 0.460656
0.836786 -0.677843
0.0432206 0.7499
0.0558936 0.70927
0.20946 0.48427
0.83666 -0.676778
0.193781 0.598918
0.430081 -0.00428539
0.851797 -0.771964
0.62097 -0.167477
0.641254 -0.417667
0.247819 0.255065
0.433806 -0.0371633
0.0385317 0.768094
0.417238 0.141121
0.24759 0.258346
0.831966 -0.61186
0.219008 0.410202
