31160 90.0149
0.851309 -0.770641
9.52626e-08 1.01991
0.823413 -0.455621
0.653309 -0.455554
0.618458 -0.121358
0.45388 -0.120872
0.409394 0.245482
0.256734 0.245697
0.0822822 0.673573
0.182472 0.672497
0.221369 0.397364
0.41059 0.230461
0.219477 0.411615
0.627238 -0.258843
0.223135 0.384591
0.620988 -0.161685
0.00565365 0.931274
0.423661 0.0724593
0.831921 -0.608616
0.0236827 0.836035
0.00795367 0.917108
0.417483 0.14077
0.422397 0.0847716
0.185078 0.659021
0.624887 -0.226085
0.41141 0.219034
0.0466408 0.74374
0.41615 0.157686
0.442579 -0.0907524
0.011544 0.894794
0.623855 -0.211387
0.201353 0.549151
0.20896 0.489863
0.830421 -0.5806
0.619153 -0.131632
1.27724e-06 1.00771
0.000129322 0.996751
0.229245 0.343459
0.00980082 0.903621
0.000945798 0.975816
0.227904 0.352978
0.210209 0.481223
0.636547 -0.372948
0.635468 -0.357597
0.827313 -0.527944
0.000571744 0.985555
0.419397 0.118719
0.823996 -0.465956
0.619877 -0.143041
0.832755 -0.621529
0.25086 0.253463
0.622948 -0.195962
0.0626268 0.697119
0.638898 -0.393767
0.425201 0.0511426
0.62887 -0.282921
0.243419 0.275966
0.849361 -0.765337
0.226784 0.36117
0.639948 -0.402463
0.41536 0.170929
0.641255 -0.410275
0.00287017 0.953301
0.834714 -0.649296
0.441649 -0.0799096
0.62188 -0.178095
0.846607 -0.75886
0.842607 -0.732377
0.839271 -0.701675
0.216494 0.433777
0.207981 0.500213
0.197309 0.577721
0.0695089 0.686022
0.0550444 0.715728
0.637924 -0.38477
0.845734 -0.751808
0.426033 0.0420982
0.0172003 0.869376
0.00389371 0.945819
0.0258864 0.828504
0.840283 -0.711198
0.211328 0.472027
0.828609 -0.553321
0.825069 -0.486913
0.645377 -0.435397
0.254697 0.249166
0.62227 -0.185713
0.0131941 0.886673
0.036803 0.783616
0.22521 0.368954
0.224582 0.376564
0.437823 -0.0612523
0.244973 0.267258
0.418597 0.128152
0.829586 -0.570034
0.421406 0.0931626
0.831615 -0.597941
0.830836 -0.591035
0.649604 -0.449692
0.0533693 0.723073
0.199809 0.561249
0.834275 -0.640036
0.825539 -0.497632
0.625359 -0.232989
0.205464 0.521181
0.827712 -0.537686
0.631728 -0.309548
0.204299 0.530106
0.18385 0.670962
0.19591 0.591118
0.0217711 0.845762
0.829134 -0.563416
0.189895 0.6288
0.076816 0.676573
0.206875 0.50639
0.0396136 0.772398
0.6262 -0.244701
0.19216 0.616316
0.0318573 0.800817
0.0447213 0.752269
0.230959 0.336356
0.621216 -0.166763
0.837958 -0.687806
0.43892 -0.0695694
0.00482789 0.936962
0.631886 -0.322659
0.218262 0.420579
0.629508 -0.29208
0.412217 0.209234
0.205938 0.514398
0.201943 0.541938
0.033737 0.792067
0.0572644 0.710679
0.427988 0.0192809
0.198709 0.569384
0.051402 0.727677
0.828108 -0.545329
0.825916 -0.504484
0.427037 0.0345014
0.447687 -0.109533
0.215281 0.441855
0.00852932 0.911429
0.0143305 0.880547
0.841378 -0.722966
0.623542 -0.205052
0.643775 -0.429756
0.048765 0.73624
0.190772 0.623691
0.427291 0.027282
0.0154192 0.874004
0.0377149 0.77545
0.836505 -0.670366
0.633439 -0.34069
0.214578 0.447155
0.84439 -0.743015
0.217535 0.42555
0.412744 0.20399
0.202936 0.53482
0.431158 -0.00914937
0.838472 -0.693928
0.630007 -0.298545
0.235249 0.3094
0.188687 0.638022
0.633076 -0.336407
0.192828 0.609592
0.826688 -0.517084
0.19426 0.599511
0.42078 0.101234
0.642287 -0.418916
0.187922 0.641206
0.196194 0.584719
0.41351 0.195165
0.233225 0.319774
0.632307 -0.326517
0.627893 -0.269886
0.212334 0.465315
0.440166 -0.0745838
0.018703 0.86044
0.241489 0.281686
0.634536 -0.350395
0.0302993 0.807717
0.414433 0.180215
0.21355 0.455267
0.0730232 0.683518
0.239264 0.295325
0.444576 -0.097916
0.428823 0.0129207
0.835577 -0.658553
0.628191 -0.273058
0.432992 -0.0250521
0.417999 0.135708
0.074471 0.680981
0.415895 0.16189
0.0344479 0.788647
0.0663082 0.690647
0.637029 -0.377117
0.436616 -0.0544773
0.824378 -0.475752
0.234859 0.313864
0.630666 -0.306266
0.0807592 0.675698
0.23215 0.331277
0.843505 -0.739574
0.833546 -0.632308
0.826439 -0.513235
0.445813 -0.105748
0.00185774 0.965292
0.0290192 0.816306
0.429599 0.00753938
0.0497219 0.732947
0.0191173 0.857329
0.450756 -0.116723
0.84113 -0.718146
0.643198 -0.422685
0.246632 0.262795
0.836011 -0.661684
0.232449 0.325079
0.652257 -0.453993
0.449352 -0.115725
0.424128 0.0623693
0.424266 0.0602163
0.626071 -0.242844
0.420071 0.108747
0.646786 -0.443582
0.237179 0.302132
0.837141 -0.678458
0.193839 0.603298
0.0408829 0.763634
0.186913 0.650686
0.431964 -0.0165677
0.619801 -0.142086
0.430609 -0.00274705
0.436183 -0.0499833
0.0269287 0.822433
0.82474 -0.479106
0.213281 0.459938
0.43489 -0.0416601
0.833222 -0.627967
0.413662 0.189579
0.430206 0.0017027
0.2497 0.26074
0.00240762 0.963968
0.434095 -0.0345424
0.186729 0.651655
0.241029 0.287001
0.0433616 0.756962
0.0204274 0.849975
0.239535 0.289739
0.647356 -0.444457
0.0413406 0.76302
