109222 200.021
0.851712 -0.770519
2.82651e-07 1.02888
0.823402 -0.455927
0.653395 -0.455553
0.618466 -0.12209
0.453922 -0.121139
0.409359 0.245007
0.257008 0.245241
0.182456 0.672711
0.0827105 0.67331
0.619166 -0.131312
0.847217 -0.758899
0.624728 -0.210891
0.0185607 0.86032
0.445929 -0.106043
0.645702 -0.439221
0.432482 -0.020145
0.623157 -0.197943
0.422133 0.087096
0.620087 -0.149659
0.0212183 0.845598
0.450625 -0.115991
0.416313 0.157662
0.825875 -0.502496
0.829968 -0.577558
0.196057 0.590462
0.834157 -0.641888
0.210677 0.477627
0.648703 -0.449605
0.825314 -0.49145
0.631858 -0.323696
0.431168 -0.00634589
0.421127 0.0979522
0.631128 -0.309059
0.412072 0.211642
0.624871 -0.224438
0.00919246 0.908769
0.630355 -0.303403
0.829309 -0.567036
0.635582 -0.36474
0.040823 0.764566
0.83228 -0.613482
0.00534214 0.932415
0.209494 0.486535
0.197659 0.575868
0.0746955 0.679818
0.424381 0.0625348
0.413872 0.187418
0.418735 0.124173
0.0110661 0.896864
0.633464 -0.338097
0.0708366 0.682031
0.849129 -0.766174
0.426952 0.0335402
0.417217 0.147647
0.844736 -0.744899
0.622483 -0.188535
0.230847 0.339233
0.00081584 0.979942
0.824657 -0.480533
0.842087 -0.728541
0.419679 0.114883
0.218628 0.415928
0.0391949 0.772197
0.411006 0.224688
0.225307 0.368843
0.00446351 0.940145
0.842929 -0.737062
0.412937 0.1999
0.828818 -0.557143
0.420448 0.107164
0.62126 -0.166943
0.634677 -0.354906
0.0621819 0.700122
0.640293 -0.407047
0.243764 0.272552
0.18366 0.666519
0.620448 -0.155569
0.833333 -0.627249
0.0305302 0.806567
0.433341 -0.0294318
0.43511 -0.0433843
0.185307 0.658922
0.827897 -0.541236
0.00182539 0.963735
0.64241 -0.421536
0.204971 0.521604
0.634324 -0.347469
0.0172362 0.866864
0.242397 0.278081
0.641332 -0.413463
0.832248 -0.603975
0.188332 0.641672
0.824035 -0.465808
0.638307 -0.381829
0.0525273 0.723201
0.415428 0.170038
0.0267328 0.822052
0.426245 0.0392225
0.00334775 0.948521
0.627639 -0.264659
0.201177 0.548996
0.445004 -0.099748
0.194915 0.595078
0.423036 0.0749517
0.00265625 0.955018
0.625354 -0.232679
0.228811 0.346749
0.0254794 0.83055
0.227398 0.35901
0.00134719 0.971709
0.246081 0.265991
0.838798 -0.696535
0.213769 0.453016
0.207566 0.500526
0.442902 -0.0937932
0.429476 0.00545867
0.0645349 0.693693
0.203 0.535355
0.0315211 0.802039
0.0683846 0.687715
0.638807 -0.393059
0.62812 -0.273611
0.208416 0.494764
0.0242072 0.835071
0.0335899 0.794845
0.0498282 0.733782
0.828423 -0.548916
0.23632 0.304676
0.190168 0.627818
0.436638 -0.0549962
0.632501 -0.330075
0.428 0.0218466
0.217888 0.422475
0.189483 0.63306
0.434259 -0.0360176
0.0142429 0.881452
3.80198e-07 1.02108
0.418105 0.13291
0.211875 0.466867
0.202248 0.542439
0.224705 0.373697
0.629408 -0.289837
0.621995 -0.179477
0.23767 0.29681
0.628679 -0.28055
0.639326 -0.397823
0.838075 -0.690062
0.827404 -0.531598
0.826419 -0.515178
0.0233693 0.844008
0.0376554 0.778443
0.048328 0.739282
0.0126211 0.888677
0.42555 0.0492726
0.247136 0.261338
0.417656 0.139465
7.45943e-05 1.0049
0.0599841 0.703991
0.19428 0.605282
0.839508 -0.705343
0.000523027 0.990678
0.251917 0.250164
4.25521e-07 1.01123
0.626581 -0.250581
0.627004 -0.257278
0.830756 -0.589805
0.0513796 0.727858
0.636746 -0.373156
0.414469 0.181726
0.836719 -0.673257
0.824334 -0.472821
0.216749 0.432146
0.833116 -0.624349
0.232755 0.321656
0.0288426 0.816022
0.206163 0.512402
0.191526 0.619556
0.0781147 0.675919
0.186223 0.652415
0.425045 0.0533123
0.439579 -0.0740807
0.429357 0.0153271
0.200286 0.556956
0.644032 -0.431634
0.046557 0.743625
0.193319 0.60826
0.221467 0.397451
0.43011 -0.00130111
0.827123 -0.5258
0.423234 0.0709267
0.187431 0.64767
0.000179946 0.99502
0.220013 0.406354
0.191863 0.615572
0.198694 0.568408
0.0586319 0.709191
0.831169 -0.596871
0.43614 -0.0516228
0.20647 0.508888
0.200167 0.562432
0.0364544 0.783173
0.238736 0.292555
0.43815 -0.0651808
0.835838 -0.664086
0.837474 -0.682238
0.841174 -0.720076
0.0552901 0.717405
0.839961 -0.710573
0.00660346 0.92275
0.0662395 0.690495
0.62157 -0.173147
0.440504 -0.0780167
0.240744 0.285147
0.0161104 0.874497
0.215347 0.44274
0.414849 0.173281
0.651021 -0.452657
0.0443796 0.750906
0.212851 0.46044
0.412555 0.204813
0.835052 -0.652974
0.643861 -0.427543
0.214947 0.446612
0.409771 0.239992
0.44147 -0.0841421
0.834644 -0.649394
0.00810846 0.913534
0.835582 -0.66095
0.223973 0.383429
0.441993 -0.0878883
0.41033 0.233949
0.0567445 0.71207
0.232329 0.329861
0.231431 0.331446
0.235132 0.309294
0.0799779 0.675183
0.452039 -0.119454
0.826948 -0.517189
0.234017 0.317455
0.249301 0.256179
0.216887 0.429989
0.840877 -0.716672
0.0427791 0.757516
0.220704 0.405162
0.636953 -0.378116
0.221896 0.392289
0.0451663 0.748129
0.223115 0.388981
0.625905 -0.240678
