165363 520.08
0.851651 -0.77104
1.2291e-07 1.02156
0.823366 -0.456149
0.652533 -0.456009
0.618421 -0.121825
0.454562 -0.121548
0.40943 0.244721
0.257725 0.244807
0.18244 0.672334
0.0821771 0.672532
0.620271 -0.151687
0.423822 0.0650964
0.429434 0.0064965
0.83056 -0.589154
0.418245 0.130372
0.415329 0.169177
0.637197 -0.3818
0.635603 -0.364652
0.425038 0.0511587
0.829655 -0.572475
0.416356 0.155387
0.630342 -0.30426
0.192604 0.609715
1.51207e-07 1.00853
0.21547 0.439955
0.621172 -0.164234
0.414433 0.18044
0.628343 -0.27764
0.427741 0.0226443
0.229844 0.340106
0.640517 -0.408128
0.0674545 0.687146
0.0757088 0.676936
0.00240175 0.960104
0.422744 0.0789111
0.00333256 0.948373
0.444226 -0.0974394
0.631542 -0.316103
0.187481 0.643773
0.833761 -0.623873
0.0255373 0.827788
7.9806e-05 0.996319
0.61931 -0.134663
0.623873 -0.211541
0.0188185 0.857264
0.840506 -0.716071
0.831199 -0.599304
0.209984 0.480712
0.0133435 0.884107
0.0176155 0.865994
0.228174 0.349904
0.191087 0.623711
0.410126 0.235603
0.450013 -0.115635
0.426056 0.0415762
0.839208 -0.699082
0.420746 0.100139
0.621511 -0.174152
0.623161 -0.200459
0.41999 0.109142
0.0520749 0.724643
0.246911 0.261633
0.410894 0.225674
0.201997 0.542612
0.649356 -0.452445
0.827726 -0.539206
0.220283 0.403917
0.0243235 0.835255
0.834674 -0.649425
0.841524 -0.726086
0.411895 0.217805
0.827346 -0.530496
0.846528 -0.757245
0.1871 0.655122
0.82669 -0.520459
0.622129 -0.183943
0.000443785 0.986248
0.042903 0.75598
0.221507 0.395394
0.442514 -0.0920454
0.00127515 0.968253
0.251654 0.251372
0.22296 0.388982
0.824679 -0.479054
0.24931 0.255609
0.0582139 0.707749
0.223727 0.379771
0.633856 -0.342595
0.843882 -0.74392
0.0558395 0.713813
0.203275 0.534671
0.647254 -0.445822
0.00093314 0.977446
0.23721 0.299426
0.839638 -0.707374
0.439377 -0.0727617
0.831873 -0.609066
0.211184 0.472103
0.438009 -0.0649972
0.255433 0.248076
0.201197 0.551782
0.204216 0.527415
0.825394 -0.496432
0.231186 0.331617
0.195441 0.590341
0.184953 0.65921
0.41267 0.208471
0.214055 0.450826
0.244112 0.272882
0.629203 -0.289148
0.825022 -0.486845
0.832416 -0.616439
0.828304 -0.549746
0.0602181 0.702881
0.0542815 0.719365
0.430529 -0.0027898
0.622765 -0.192189
0.219303 0.411977
0.417043 0.145804
0.626086 -0.245776
0.03595 0.785839
0.0274419 0.818548
0.0210469 0.850493
0.183782 0.667262
0.835377 -0.65975
0.638044 -0.388376
0.0100542 0.902125
0.446262 -0.107711
0.83385 -0.636784
0.624528 -0.220325
0.206547 0.508475
0.0120474 0.892469
0.208917 0.489979
0.437372 -0.0575656
0.0799793 0.673392
0.826259 -0.512057
0.199258 0.562112
0.238647 0.293713
0.193572 0.60307
0.421488 0.0905162
0.634502 -0.352028
0.00613658 0.926762
0.433033 -0.0275559
0.426686 0.0326654
0.629643 -0.293838
0.434527 -0.0371204
0.00504942 0.93711
0.825873 -0.504286
0.0450104 0.748687
0.242072 0.280937
0.435505 -0.046601
0.244912 0.267942
0.848796 -0.766688
0.233959 0.316408
0.207334 0.503044
0.837792 -0.689408
0.441129 -0.0834602
0.632011 -0.324291
0.224795 0.372729
0.194858 0.596781
0.645816 -0.440061
0.18878 0.635126
0.0348661 0.788491
0.028349 0.815252
0.00860042 0.910517
0.20828 0.495189
0.0081929 0.914698
0.00681218 0.923149
0.0387864 0.77203
0.835917 -0.665173
0.413596 0.190476
0.432494 -0.0178214
0.198129 0.571522
0.641657 -0.417346
0.624862 -0.22763
0.0151167 0.876365
0.0721891 0.682081
0.44726 -0.10933
0.0408964 0.76429
0.626687 -0.254607
0.0622667 0.697525
0.0378723 0.77633
0.0156097 0.87301
0.412896 0.200819
0.643964 -0.430535
0.225593 0.367002
0.829203 -0.565451
0.0300647 0.807564
0.0307877 0.804979
0.0650346 0.691637
0.0222419 0.841934
0.239883 0.287359
0.837556 -0.685725
0.639505 -0.397259
0.634948 -0.357968
0.436091 -0.0509768
0.00432218 0.940392
0.619006 -0.131337
0.0500976 0.73219
0.21214 0.465827
0.216551 0.430806
0.632884 -0.33536
0.196778 0.581656
0.227207 0.35703
0.200068 0.557879
0.440158 -0.0801729
0.834072 -0.64144
0.232306 0.326062
0.422003 0.0851083
0.836834 -0.676459
0.452669 -0.11994
0.824473 -0.467745
0.627636 -0.26759
0.823949 -0.466606
0.843095 -0.734796
0.212898 0.461034
0.43099 -0.00894852
0.218498 0.418814
0.0109739 0.897194
0.0333354 0.796959
0.419176 0.120568
0.205469 0.517244
0.642823 -0.423048
0.235756 0.307352
0.0488914 0.738832
0.644785 -0.434361
0.0324297 0.797177
0.226683 0.361268
0.836589 -0.673511
0.41922 0.118611
0.233017 0.321132
0.632566 -0.330761
0.217721 0.422506
0.235215 0.308754
0.625603 -0.23834
0.205098 0.519193
0.433655 -0.0330156
0.214008 0.455852
0.627119 -0.259299
0.0722387 0.681351
0.0416059 0.762183
0.0469206 0.741932
0.845123 -0.750554
0.625458 -0.234284
0.427401 0.0268697
0.431718 -0.0141526
0.842906 -0.73205
0.639186 -0.395963
0.413284 0.194297
0.0642411 0.695695
