12201 40.0087
0.851832 -0.773369
6.76542e-17 1
0.652512 -0.458263
0.823332 -0.458264
0.453882 -0.124218
0.618397 -0.124227
0.257766 0.242161
0.409314 0.24216
0.182229 0.669649
0.083004 0.669652
0.213111 0.453041
0.215913 0.431839
0.199052 0.559775
0.448454 -0.117592
0.250571 0.248901
0.201312 0.543037
0.0336688 0.787176
0.202688 0.532693
0.195092 0.588267
0.627617 -0.270956
0.0283958 0.809388
0.010113 0.896277
0.419129 0.115611
0.824543 -0.48264
0.235761 0.301883
0.0479174 0.733285
0.206972 0.500088
0.843016 -0.740967
0.198424 0.56849
0.243316 0.268758
0.417486 0.135885
0.00198032 0.955376
0.844519 -0.751008
0.0616117 0.694226
0.640347 -0.411147
0.00121644 0.965076
0.0730526 0.675
0.833951 -0.643384
0.183675 0.661551
0.826423 -0.518977
0.0457605 0.740728
0.0193955 0.849632
0.442008 -0.0929862
0.412226 0.203484
0.0369587 0.773855
0.409917 0.234103
0.62836 -0.281353
0.245131 0.262625
0.210911 0.469863
0.827547 -0.539752
0.204418 0.519591
0.420959 0.0936149
0.835158 -0.65987
0.076959 0.671617
0.209565 0.480186
0.828404 -0.555105
0.415747 0.157826
0.824028 -0.472365
0.232508 0.319531
0.216676 0.426167
0.21798 0.416458
0.185619 0.650201
0.423979 0.0588387
0.0149957 0.870737
0.187347 0.639692
0.0497821 0.7271
0.239649 0.283383
0.0135769 0.87799
9.32127e-05 0.990345
0.223285 0.378328
0.436317 -0.0571628
0.833257 -0.633445
0.635554 -0.368435
0.411607 0.211651
0.626921 -0.260985
0.825947 -0.50996
0.645074 -0.440529
0.834556 -0.651742
0.00732495 0.912743
0.838089 -0.695555
0.837227 -0.685656
0.619831 -0.148958
0.05476 0.711845
0.626445 -0.254094
0.191852 0.610565
0.83863 -0.70146
0.0179038 0.856648
0.839554 -0.711025
0.0270593 0.815172
0.208447 0.488771
0.415028 0.167033
0.848432 -0.768506
0.631616 -0.323909
0.0378904 0.770164
0.649282 -0.454898
0.0515826 0.721363
0.62225 -0.189211
0.632126 -0.330119
0.000680559 0.973898
0.618931 -0.133497
0.84151 -0.729093
0.428071 0.0152867
0.845627 -0.757238
0.0255387 0.82183
0.0243261 0.827199
0.431204 -0.0148458
0.228639 0.342808
0.000362338 0.981234
0.220774 0.396064
0.634957 -0.362207
0.238515 0.290571
0.421522 0.0869685
0.434631 -0.0442063
0.430597 -0.00924133
0.224661 0.368857
0.218811 0.410951
0.446127 -0.110757
0.624708 -0.227848
0.619324 -0.140149
0.0306609 0.799724
0.829563 -0.575092
0.623421 -0.207997
0.827995 -0.547846
0.422582 0.079516
0.847002 -0.763574
0.0423055 0.753241
0.00396928 0.936504
0.237045 0.295445
0.629687 -0.299292
0.0673353 0.682991
0.0228304 0.833896
0.428689 0.00914628
0.62117 -0.17148
0.620575 -0.161538
0.435672 -0.0508345
0.416791 0.144602
0.0570219 0.705569
0.413958 0.180923
0.437592 -0.0662595
0.836724 -0.679725
0.433784 -0.0373215
0.0115902 0.888215
0.191027 0.616076
0.053241 0.716295
0.423242 0.0671341
0.410661 0.224193
0.0210118 0.842161
0.832415 -0.620955
0.226498 0.356761
0.225238 0.364956
0.0327862 0.790825
0.440522 -0.0848555
0.221853 0.388361
0.831559 -0.60777
0.425651 0.0405033
0.234012 0.311141
0.229708 0.33613
0.0061497 0.920399
0.231117 0.327628
0.427228 0.0238876
0.636535 -0.378263
0.00553265 0.924662
0.82554 -0.501699
0.823653 -0.464776
0.0592094 0.699922
0.439266 -0.0772963
0.829011 -0.565715
0.830969 -0.598397
0.416366 0.149964
0.18493 0.654285
0.625264 -0.236493
0.840457 -0.719736
0.647008 -0.448519
0.0400775 0.76166
0.636853 -0.38133
0.00447414 0.932484
0.842117 -0.734093
0.637853 -0.390624
0.831851 -0.612315
0.623946 -0.216252
0.634175 -0.353743
0.193836 0.597037
0.196479 0.578428
0.432181 -0.0236207
0.41319 0.190845
0.825032 -0.492289
0.426196 0.0346884
0.412981 0.19358
0.632892 -0.339209
0.621652 -0.17945
0.62581 -0.244713
0.0803393 0.670031
0.4381 -0.0697277
0.410964 0.220169
0.42041 0.104977
0.0122723 0.884604
0.630871 -0.31461
0.830705 -0.594128
0.630318 -0.307413
0.622984 -0.201049
0.832778 -0.626406
0.193131 0.601887
0.620292 -0.156772
0.19671 0.576773
0.212015 0.461411
0.643182 -0.43047
0.835872 -0.669142
0.422775 0.0724583
0.189997 0.622841
0.2048 0.516684
0.00862445 0.904824
0.0441883 0.74648
0.64178 -0.42161
0.205823 0.508877
0.64158 -0.420249
0.622632 -0.195393
0.249316 0.251427
0.031148 0.797848
0.445136 -0.107098
0.419927 0.105937
0.633808 -0.349682
0.0642101 0.688686
0.227889 0.350018
0.202233 0.540102
0.628914 -0.288934
0.624263 -0.221192
0.429681 -0.000575804
0.639359 -0.403567
0.0404315 0.760341
0.42472 0.0506237
0.443404 -0.0998052
0.222501 0.383789
0.426807 0.0282589
0.0701481 0.678587
0.638183 -0.39357
0.00293416 0.94633
0.418297 0.125984
0.639027 -0.400823
0.633179 -0.342533
0.188002 0.635602
0.83608 -0.671771
0.241299 0.276439
0.0647841 0.687554
0.826984 -0.529434
0.188825 0.630395
0.418355 0.125189
0.424975 0.0478719
0.0217963 0.83858
0.433125 -0.031143
0.6292 -0.292799
