51754 160.031
0.8517 -0.771087
3.66689e-07 1.02434
0.823398 -0.456663
0.652661 -0.455987
0.618423 -0.121789
0.454244 -0.121709
0.257207 0.244849
0.409386 0.24476
0.0813395 0.672693
0.182372 0.67257
0.631378 -0.316028
0.63001 -0.298361
0.200423 0.55506
0.240717 0.283504
0.238333 0.296492
0.229912 0.339111
0.829288 -0.567338
0.414249 0.181394
0.636795 -0.37762
0.830297 -0.584077
0.218933 0.414898
0.184039 0.664321
0.0387452 0.773778
0.411157 0.222315
0.232213 0.325318
0.410248 0.23522
0.848907 -0.76597
0.434883 -0.0433394
0.186277 0.652582
0.253661 0.248843
0.0576045 0.711254
0.217179 0.427723
0.823921 -0.463691
0.622191 -0.182038
0.641051 -0.412303
0.635681 -0.363307
0.431288 -0.0117607
0.834647 -0.647635
0.24972 0.254638
0.413457 0.196999
0.0286701 0.813127
0.622892 -0.192955
0.619125 -0.132415
0.841041 -0.721099
0.214275 0.45004
0.191609 0.616477
0.83542 -0.659877
0.0705603 0.685145
0.198396 0.568186
0.20155 0.545399
0.060512 0.701767
0.00308622 0.95145
0.633533 -0.343003
0.220194 0.406314
8.28247e-07 1.01445
0.846402 -0.756167
0.626029 -0.24261
0.427143 0.0282853
0.209233 0.48674
0.840012 -0.712004
0.623374 -0.203015
0.000326141 0.987554
0.428232 0.0188138
0.0148589 0.877635
0.000841478 0.977689
0.0367998 0.786034
0.415807 0.160399
0.00467894 0.938669
0.195191 0.59329
0.418503 0.128696
0.19341 0.604584
0.011981 0.895366
0.0191236 0.856172
0.832957 -0.625042
0.425198 0.0518978
0.831489 -0.600915
0.428963 0.0105942
0.228753 0.346755
0.0661103 0.690288
0.843293 -0.738516
0.212914 0.459139
0.621399 -0.171769
0.20278 0.537218
0.188778 0.637802
0.423242 0.0717117
0.00655319 0.92619
0.21534 0.440998
0.416615 0.151297
0.825275 -0.494409
0.187386 0.645543
0.632694 -0.331385
0.64565 -0.44002
0.206929 0.506772
0.0464375 0.745709
0.224945 0.375076
0.827902 -0.542255
0.432266 -0.0196465
0.82451 -0.478985
0.243437 0.277952
0.419233 0.119123
0.827376 -0.532496
0.4464 -0.105589
0.0477824 0.740215
0.434007 -0.034176
0.831215 -0.59113
0.63805 -0.386962
0.24796 0.260729
0.0500236 0.733831
0.205909 0.514167
0.644521 -0.433202
0.639886 -0.40451
0.828907 -0.558292
0.024151 0.833852
0.227617 0.355061
0.233335 0.319953
0.437109 -0.0536402
0.647544 -0.446769
0.0168127 0.870326
0.0224376 0.839788
0.438264 -0.0662581
0.223538 0.384194
0.836627 -0.675023
0.245903 0.265916
0.439162 -0.0716936
0.833866 -0.639249
0.0403068 0.766509
0.642845 -0.422567
0.210681 0.478889
0.433339 -0.0272042
0.426407 0.0369879
0.82831 -0.550298
0.826931 -0.524712
0.632238 -0.325781
0.826145 -0.508329
0.627173 -0.260204
0.826632 -0.51591
0.420352 0.10662
0.627927 -0.269016
0.226482 0.360901
0.007656 0.919415
0.620606 -0.15741
0.031052 0.801352
0.440576 -0.0797936
0.624541 -0.216642
0.836146 -0.667585
0.61974 -0.142338
0.0442233 0.752516
0.425891 0.0438174
0.22533 0.36817
0.44467 -0.100222
0.634199 -0.35077
0.235128 0.312556
0.244055 0.270909
0.417761 0.137197
0.448061 -0.112626
0.844699 -0.747452
0.216382 0.434257
0.21209 0.466047
0.00140243 0.968385
0.824759 -0.481681
0.0622357 0.698255
0.628834 -0.283905
2.64641e-05 1.00199
0.629464 -0.290321
0.625117 -0.230499
0.620062 -0.148045
0.0537861 0.719498
0.628236 -0.275937
0.0308668 0.80615
0.832173 -0.613598
0.236762 0.304012
0.0103847 0.901964
0.0267953 0.821348
0.417239 0.143248
0.00882808 0.913076
0.00512614 0.934471
0.197845 0.572459
0.0551025 0.715166
0.0419177 0.762128
0.43038 0.000340628
0.0645437 0.693235
0.833441 -0.631819
0.623986 -0.21226
0.0794484 0.676274
0.205033 0.521949
0.621157 -0.163632
0.211331 0.472915
0.825558 -0.500058
0.634855 -0.357503
0.837407 -0.68345
0.421358 0.0931619
0.421293 0.0969265
0.412695 0.201905
0.189622 0.629686
0.451598 -0.118227
0.196639 0.584728
0.222509 0.388485
0.0335507 0.794012
0.625006 -0.227859
0.000187761 0.997904
0.437138 -0.0574144
0.194137 0.600697
0.441457 -0.084639
0.420258 0.11278
0.196824 0.581287
0.424113 0.0608987
0.411919 0.211871
0.208329 0.495847
0.649185 -0.451308
0.838304 -0.691982
0.0432286 0.756439
0.00937726 0.906601
0.0208914 0.848958
0.0760931 0.677719
0.643507 -0.425404
0.422328 0.0834687
0.832057 -0.610175
0.442406 -0.0909447
0.639163 -0.397173
0.0523695 0.726252
0.443237 -0.0949584
0.839155 -0.703417
0.00181942 0.962652
0.2079 0.498538
0.0024815 0.956718
0.415136 0.171831
0.221195 0.397245
0.0131119 0.886631
0.422452 0.0813064
0.0256116 0.827417
0.203665 0.529272
0.0735325 0.682908
0.842202 -0.730643
0.429924 0.00157351
0.838964 -0.70026
0.450213 -0.114746
0.415152 0.169507
0.0137443 0.885383
0.424095 0.0642837
0.63887 -0.392582
0.0511345 0.727974
0.0213758 0.846638
0.626467 -0.249731
0.845153 -0.751755
0.0352882 0.787854
0.65153 -0.45297
0.235644 0.307558
0.626659 -0.253603
0.19087 0.622382
0.182892 0.672418
