137384 370.04
0.851848 -0.773369
0 1
0.652528 -0.458263
0.823341 -0.458335
0.6184 -0.124253
0.453867 -0.124218
0.409317 0.242139
0.257763 0.242161
0.0829855 0.669652
0.182231 0.669641
0.21608 0.430735
0.649415 -0.455119
0.252499 0.248413
0.64595 -0.441562
0.0234573 0.831976
0.214041 0.445973
0.220053 0.402335
0.196383 0.579722
0.622744 -0.194148
0.623453 -0.208505
0.828132 -0.550275
0.627662 -0.269777
0.191818 0.611714
0.190294 0.624448
0.0258286 0.823517
0.0766161 0.671864
0.447066 -0.111031
0.840131 -0.715775
0.838192 -0.695834
0.8275 -0.53798
0.839276 -0.706404
0.639484 -0.402479
0.197678 0.570173
0.207745 0.4943
0.836259 -0.672311
0.205191 0.516758
0.841277 -0.726472
0.0461327 0.740419
0.415481 0.162084
0.221786 0.390359
0.833764 -0.63969
0.0212518 0.842267
0.621522 -0.176491
0.00664375 0.917632
0.828811 -0.561511
0.0124784 0.884097
0.825523 -0.501619
0.000109404 0.992407
0.000442273 0.979122
0.620889 -0.165216
0.198914 0.561191
0.204116 0.527736
0.618964 -0.133985
0.231541 0.325183
0.0272843 0.815379
0.628679 -0.284774
0.0376024 0.772082
0.0012441 0.972972
0.431328 -0.0143614
0.00169241 0.960562
0.247741 0.255462
0.239212 0.286335
0.211189 0.468029
0.834413 -0.649815
0.230328 0.33261
0.0036512 0.939362
0.051853 0.724402
0.223416 0.379953
0.183788 0.660912
0.619533 -0.143473
0.64058 -0.413028
0.224876 0.368501
0.409773 0.23626
0.637409 -0.386331
0.210216 0.476065
0.421076 0.0972292
0.63845 -0.393543
0.0630143 0.691153
0.41794 0.130705
0.437892 -0.0676137
0.00792718 0.90962
0.42868 0.0095674
0.830623 -0.587052
0.622055 -0.185024
0.0359745 0.778669
0.433854 -0.0378124
0.419986 0.105249
0.422977 0.0702088
0.0396657 0.765133
0.242022 0.27513
0.218836 0.41153
0.212283 0.459357
0.829832 -0.579162
0.823865 -0.466803
0.829561 -0.56936
0.436951 -0.0596557
0.642862 -0.42638
0.0341909 0.785121
0.0444525 0.747322
0.832068 -0.61567
0.0607209 0.696942
0.412031 0.208636
0.633715 -0.34863
0.416186 0.152305
0.849073 -0.768309
0.423674 0.0627208
0.634791 -0.356268
0.624917 -0.230879
0.0549465 0.712686
0.844145 -0.74863
0.842436 -0.734569
0.0425603 0.752464
0.424664 0.0545226
0.432306 -0.0245114
0.194985 0.591486
0.00925936 0.902658
0.236834 0.29654
0.0565256 0.706921
0.439108 -0.0755906
0.0185687 0.85351
0.0586461 0.70145
0.624119 -0.217614
0.244826 0.263761
0.0408334 0.758811
0.236601 0.299869
0.833048 -0.629876
0.831481 -0.60639
0.234924 0.311207
0.228981 0.340803
0.0287613 0.808227
0.435356 -0.0450298
0.429515 0.00138301
0.200033 0.553435
0.837338 -0.686295
0.630632 -0.310359
0.0735781 0.674607
0.0526942 0.718016
0.625829 -0.243797
0.641503 -0.419011
0.186339 0.650046
0.626996 -0.262072
0.435816 -0.05227
0.630153 -0.303025
0.0329835 0.791953
0.202733 0.533248
0.843131 -0.74166
0.201809 0.540789
0.00271077 0.947704
0.412692 0.199201
0.626617 -0.253922
0.2062 0.506205
0.00591568 0.927604
0.0171596 0.860197
0.23328 0.317179
0.417261 0.140409
0.257051 0.245418
0.243386 0.269187
0.62942 -0.294982
0.0147906 0.871852
0.4429 -0.096536
0.0136396 0.877748
0.240349 0.28284
0.213363 0.452622
0.0711947 0.678774
0.410652 0.224323
0.835216 -0.6601
0.0203013 0.84793
0.426979 0.0287615
0.0317885 0.798008
0.225462 0.363531
0.217456 0.421102
0.0160941 0.865685
0.418637 0.122847
0.433474 -0.0288843
0.0300712 0.802625
0.00469774 0.930933
0.421457 0.0877957
0.426191 0.0354576
0.200802 0.546828
0.414687 0.172496
0.832624 -0.62343
0.836922 -0.680184
0.631237 -0.319008
0.184912 0.654388
0.010979 0.894109
0.636671 -0.376687
0.449878 -0.120104
0.442028 -0.093015
0.826992 -0.528514
0.188982 0.630745
0.226662 0.355492
0.632027 -0.32365
0.411308 0.215608
0.620102 -0.152352
0.847107 -0.763986
0.0489254 0.733192
0.441495 -0.0836904
0.00247683 0.954409
0.0497365 0.732742
0.633018 -0.340674
0.20921 0.484441
0.41387 0.183029
0.0661487 0.687799
0.0685063 0.681058
0.194335 0.594443
0.845438 -0.75591
0.422335 0.079955
0.228222 0.346786
0.620386 -0.157063
0.247123 0.258268
0.427802 0.0181872
0.635232 -0.364649
0.425164 0.0468291
0.416985 0.145953
0.824382 -0.477605
0.824941 -0.488917
0.824948 -0.49046
0.187144 0.640946
0.223202 0.385868
0.444899 -0.104109
0.632356 -0.332136
0.644146 -0.433023
0.42583 0.0428072
0.826063 -0.511919
0.826614 -0.522225
0.419302 0.113574
0.440378 -0.0813358
0.830953 -0.597053
0.209113 0.488622
0.206069 0.508177
0.19315 0.602275
0.217819 0.417637
0.645266 -0.434927
0.427474 0.0213589
0.414349 0.176006
0.19288 0.603895
0.0102547 0.895488
0.413363 0.188751
0.835086 -0.657899
0.227739 0.352746
0.824293 -0.476154
0.413135 0.193504
0.626024 -0.246676
0.628881 -0.288469
0.0667373 0.684121
0.846069 -0.75923
0.452547 -0.121466
0.444948 -0.105972
0.826025 -0.51003
0.430858 -0.00636346
