211772 570.078
0.851835 -0.773369
0 1
0.652509 -0.458263
0.823335 -0.458287
0.453877 -0.124218
0.618398 -0.124241
0.409315 0.242139
0.257763 0.242161
0.0830011 0.669652
0.18223 0.669649
0.832508 -0.619036
0.0473647 0.738398
0.629392 -0.293855
0.1941 0.595464
0.436154 -0.055808
0.44271 -0.093467
0.000552015 0.977836
0.833417 -0.635679
0.0440539 0.746822
0.438996 -0.0724481
0.434866 -0.0434535
0.628293 -0.278859
0.622847 -0.197896
0.831298 -0.603655
0.201555 0.54133
0.633244 -0.342108
0.844406 -0.747911
0.830461 -0.588276
0.829052 -0.565072
0.827611 -0.540848
0.42395 0.0608348
0.422597 0.074736
0.0644477 0.68932
0.000344976 0.990938
0.0323019 0.792999
0.228125 0.358949
0.0716848 0.676576
0.827044 -0.526943
0.632385 -0.330525
0.838595 -0.688022
0.213899 0.448839
0.43764 -0.064783
0.630832 -0.31289
0.00276377 0.9473
0.203354 0.530628
0.246428 0.258849
0.0300006 0.802522
0.636763 -0.380457
0.627047 -0.262367
0.0553164 0.710261
0.01067 0.893377
0.622417 -0.181915
0.630335 -0.30274
0.840959 -0.724266
0.444835 -0.105775
0.647331 -0.449557
0.0766311 0.671879
0.846339 -0.759067
0.432589 -0.0268852
0.061602 0.695651
0.190741 0.621798
0.00436811 0.939114
0.63589 -0.371146
0.840212 -0.71492
0.842061 -0.733057
0.43391 -0.0351229
0.237973 0.291667
0.0210203 0.843029
0.184235 0.661381
0.244249 0.266837
0.824071 -0.471128
0.620313 -0.154532
0.631674 -0.322458
0.220741 0.397517
0.192132 0.609705
0.225348 0.364215
0.624461 -0.220763
0.431615 -0.018342
0.626402 -0.252447
0.836373 -0.67223
0.187292 0.640889
0.419261 0.118436
0.418286 0.126398
0.836937 -0.681244
0.00691506 0.915755
0.228495 0.347587
0.233156 0.317539
0.826556 -0.519981
0.412543 0.200888
0.620987 -0.168411
0.427935 0.0209027
0.217524 0.420421
0.205085 0.515512
0.417647 0.135597
0.00818019 0.907698
0.429478 0.00421244
0.411686 0.210899
0.196874 0.5756
0.835482 -0.663679
0.207905 0.495585
0.428675 0.0116913
0.645901 -0.442376
0.839076 -0.699652
0.224916 0.373039
0.223222 0.379588
0.414743 0.17322
0.84342 -0.740464
0.0676845 0.684557
0.0174374 0.861989
0.416383 0.151274
0.00949834 0.901136
0.649877 -0.45588
0.212525 0.459832
0.849153 -0.767942
0.619421 -0.14178
0.0493436 0.729385
0.637743 -0.38959
0.41008 0.233306
0.628145 -0.271109
0.21108 0.471835
0.00493635 0.930429
0.640583 -0.409794
0.414083 0.181871
0.0156473 0.86849
0.00621487 0.923986
0.234343 0.309713
0.82961 -0.575921
0.20434 0.524668
0.440646 -0.0843751
0.635008 -0.362735
0.231703 0.324536
0.21576 0.434856
0.0386603 0.769041
0.0577036 0.705195
0.198992 0.562396
0.416906 0.143578
0.828654 -0.553862
0.254389 0.244636
0.41973 0.108866
0.219325 0.408774
0.216562 0.427164
0.427107 0.0286645
0.425247 0.0475852
0.639703 -0.40346
0.421501 0.0872203
0.00136545 0.966673
0.62383 -0.211321
0.638615 -0.395795
0.831797 -0.610472
0.0422516 0.753725
0.0184218 0.854575
0.215365 0.443151
0.641563 -0.418494
0.0272847 0.81435
0.059278 0.700102
0.420817 0.0963121
0.839134 -0.706701
0.24863 0.25352
0.197849 0.568556
0.825228 -0.495801
0.410583 0.225623
0.0293267 0.809204
0.185567 0.65394
0.644848 -0.434844
0.00188911 0.956425
0.236437 0.299104
0.209836 0.478707
0.411154 0.217967
0.0196089 0.848649
0.430352 -0.00479687
0.824584 -0.481597
0.230622 0.33078
0.186227 0.648168
0.200502 0.549535
0.195864 0.584384
0.205949 0.507926
0.222115 0.386994
0.621688 -0.178259
0.834071 -0.641958
0.206721 0.502351
0.188543 0.632447
0.0696498 0.680445
0.0338631 0.78733
0.430723 -0.0100879
0.643222 -0.430688
0.634033 -0.351882
0.199805 0.554308
0.425214 0.0561741
0.0348947 0.782162
0.835194 -0.654758
0.0511226 0.726993
0.0529056 0.717368
0.64235 -0.423909
0.415567 0.160301
0.0401464 0.761397
0.824822 -0.486425
0.079347 0.670832
0.623369 -0.205076
0.218975 0.412063
0.620512 -0.160459
0.0227689 0.834174
0.0124514 0.885157
0.189585 0.629342
0.828352 -0.548255
0.239491 0.28432
0.834487 -0.649894
0.618982 -0.129237
0.211829 0.463859
0.625596 -0.240965
0.235747 0.304148
0.420475 0.102737
0.42211 0.0809589
0.195304 0.588952
0.847749 -0.762603
0.415354 0.164773
0.823752 -0.462375
0.0250739 0.823882
0.447288 -0.114424
0.24233 0.276729
0.425949 0.0395979
0.0259987 0.819954
0.829966 -0.581956
0.826368 -0.508063
0.242571 0.27183
0.446449 -0.107479
0.413396 0.189322
0.240642 0.282071
0.619257 -0.137499
0.440916 -0.0870415
0.221618 0.392749
0.42629 0.0355848
0.413004 0.193368
0.0523198 0.719743
0.209165 0.487525
0.0365451 0.777041
0.625859 -0.244207
0.252105 0.248611
0.229935 0.337671
0.229501 0.341487
0.825559 -0.50249
0.634409 -0.355698
0.624974 -0.231038
0.191666 0.612156
0.182542 0.668685
0.0372321 0.773808
0.0242658 0.830677
0.0127686 0.88249
0.250747 0.250211
0.0410795 0.758506
0.449048 -0.116397
