215253 580.073
0.851829 -0.773369
0 1
0.823336 -0.458346
0.65251 -0.458263
0.45388 -0.124218
0.618397 -0.124227
0.409316 0.242126
0.257762 0.242161
0.0830018 0.669652
0.182233 0.669631
0.844563 -0.748902
0.431781 -0.0200592
0.847006 -0.763593
0.185507 0.650868
0.646055 -0.444775
0.42028 0.102606
0.622259 -0.188191
0.235714 0.304768
0.838679 -0.701195
0.41215 0.207811
0.649778 -0.453425
0.0138506 0.878354
0.433486 -0.0348086
0.836249 -0.673164
0.832013 -0.612548
0.62319 -0.203808
0.195299 0.588505
0.233519 0.315144
0.41093 0.220789
0.421334 0.0899373
0.07399 0.674292
0.410339 0.229335
0.831049 -0.596834
0.0158886 0.867162
0.638891 -0.398941
0.424032 0.0609389
0.187897 0.636263
0.829539 -0.5728
0.242622 0.272742
0.419418 0.115905
0.0790017 0.671045
0.63252 -0.334201
0.620156 -0.152738
0.637652 -0.388391
0.23728 0.294661
0.837715 -0.687344
0.621568 -0.177463
0.833401 -0.633473
0.630115 -0.302456
0.823835 -0.46785
0.0320504 0.793933
0.0375445 0.774227
0.000785348 0.972346
0.00139724 0.962581
0.82738 -0.534964
0.430636 -0.00827572
0.827852 -0.545148
0.82843 -0.555031
0.202867 0.531371
0.0477562 0.733833
0.842145 -0.734245
0.64442 -0.434233
0.448593 -0.115287
0.194163 0.596852
0.00222824 0.952977
0.208351 0.49256
0.0454174 0.74196
0.439186 -0.0747859
0.0704837 0.678127
0.19853 0.565006
0.417569 0.135299
0.82436 -0.478819
0.424785 0.0499105
0.221603 0.391616
0.246278 0.25986
0.25005 0.250935
0.254071 0.244978
0.0390594 0.765789
0.414846 0.169608
0.428626 0.0123867
0.0187989 0.853273
0.633247 -0.343188
0.42756 0.0233659
0.0247199 0.825907
0.190485 0.619653
0.052744 0.717791
0.00959308 0.899261
0.830384 -0.585553
0.634057 -0.351484
0.0343243 0.785136
0.192862 0.605092
0.82902 -0.56479
0.0676677 0.682509
0.0204084 0.846991
0.0170818 0.860611
0.450059 -0.120884
0.825669 -0.504287
0.849875 -0.77019
0.839815 -0.710709
0.232044 0.322462
0.240781 0.279048
0.209479 0.480897
0.191678 0.611826
0.422068 0.0815126
0.0651254 0.687031
0.223869 0.374279
0.641648 -0.418887
0.0265 0.818682
0.00313347 0.944575
0.619949 -0.142285
0.00765369 0.911074
0.00504885 0.932824
0.627991 -0.27287
0.628348 -0.281188
0.0120665 0.88601
0.212396 0.458648
0.636755 -0.380377
0.625559 -0.239447
0.441327 -0.0886236
0.030611 0.799989
0.218007 0.419738
0.0110212 0.891282
0.23084 0.329314
0.626182 -0.245843
0.439891 -0.0806681
0.84101 -0.724516
0.834527 -0.646669
0.624096 -0.218471
0.437354 -0.0645207
0.826296 -0.514026
0.00041017 0.983012
0.427081 0.0296397
0.0552067 0.711293
0.631785 -0.322925
0.0232026 0.832221
0.000121448 0.989008
0.189387 0.62743
0.0582454 0.703331
0.0494194 0.728285
0.0353339 0.780616
0.201039 0.545132
0.20199 0.539686
0.429857 -0.00175711
0.0513437 0.723615
0.184351 0.659949
0.414245 0.178438
0.837064 -0.681629
0.205962 0.512819
0.620735 -0.16385
0.8248 -0.487158
0.835234 -0.659437
0.429025 0.005795
0.416653 0.148283
0.832581 -0.619514
0.215169 0.438191
0.634837 -0.360059
0.619229 -0.135481
0.623664 -0.210658
0.226476 0.35671
0.425916 0.0379728
0.0601818 0.697552
0.840618 -0.71691
0.0407 0.760067
0.24516 0.264639
0.826759 -0.525096
0.639915 -0.407934
0.225118 0.367142
0.00870733 0.906785
0.00413405 0.937756
0.83286 -0.627424
0.0291386 0.806465
0.626777 -0.25523
0.44553 -0.108624
0.412747 0.197175
0.621345 -0.167246
0.197444 0.571496
0.442899 -0.0973701
0.423042 0.0702846
0.629377 -0.292992
0.196887 0.577141
0.199977 0.555403
0.418277 0.126974
0.229863 0.336309
0.416802 0.14526
0.00667956 0.921737
0.641014 -0.410508
0.229423 0.341264
0.210728 0.477965
0.00587796 0.922253
0.415678 0.159625
0.635287 -0.365516
0.0428766 0.757445
0.216474 0.429568
0.251037 0.248911
0.425552 0.0429229
0.0563899 0.707361
0.444559 -0.104821
0.0631145 0.692342
0.630768 -0.312785
0.183417 0.663853
0.213418 0.452374
0.220298 0.400467
0.628994 -0.289706
0.434587 -0.040867
0.211543 0.467231
0.0444681 0.748448
0.624968 -0.229674
0.418569 0.122471
0.238987 0.288592
0.834584 -0.649161
0.239343 0.285571
0.226429 0.363667
0.422768 0.0735077
0.219112 0.40947
0.642599 -0.426439
0.204567 0.522084
0.216592 0.426806
0.618654 -0.12843
0.227885 0.350151
0.20453 0.5229
0.43507 -0.0453791
0.436096 -0.0551651
0.830726 -0.590561
0.218654 0.41266
0.222592 0.384176
0.222843 0.381643
0.213992 0.447915
0.41295 0.193985
0.200001 0.55315
0.211248 0.470043
0.0438741 0.752286
0.0216508 0.839241
0.214652 0.442403
0.842074 -0.732104
0.228145 0.347278
0.82656 -0.52048
0.44267 -0.0935282
0.437232 -0.0608023
0.188458 0.633204
0.435779 -0.051163
0.415551 0.160449
0.0281653 0.813869
0.835189 -0.658597
0.6432 -0.428868
0.219986 0.402209
0.0621596 0.6951
0.82542 -0.495932
0.627436 -0.26397
0.413609 0.186431
0.207274 0.497852
