20031 60.0085
0.851552 -0.770365
1.66417e-06 1.00867
0.652255 -0.454921
0.823418 -0.455394
0.453014 -0.120802
0.618447 -0.121163
0.4094 0.245405
0.25785 0.245552
0.182566 0.67227
0.0814974 0.673515
0.418549 0.128631
0.417313 0.144357
0.420141 0.110408
0.414612 0.180406
0.619409 -0.135933
0.41039 0.232707
0.832777 -0.62138
0.413056 0.198209
0.0436612 0.753935
0.416008 0.15886
0.028101 0.815217
0.204351 0.525513
0.620304 -0.150529
0.22439 0.374248
0.824429 -0.474386
0.226449 0.366993
0.631346 -0.309753
0.437887 -0.0637582
0.203359 0.5355
0.00182441 0.962868
0.448609 -0.114178
0.22295 0.385259
0.227386 0.35533
0.411361 0.21878
0.0462462 0.7441
0.825588 -0.494865
0.627799 -0.265151
0.238597 0.295592
0.826109 -0.506742
0.236555 0.303911
0.831802 -0.606364
0.00606809 0.926073
0.824949 -0.485365
0.201794 0.544916
0.0519155 0.725404
0.83044 -0.586137
0.0165771 0.870647
0.446214 -0.106117
0.0377133 0.77571
0.247221 0.267099
0.833506 -0.631853
0.423117 0.0744334
0.0542347 0.719014
0.184388 0.665257
0.213497 0.454219
0.439759 -0.0763715
0.212993 0.464965
0.624937 -0.226523
0.431969 -0.0167702
0.430149 -0.000215034
0.0497872 0.732572
0.251306 0.251999
0.636154 -0.366329
0.635431 -0.35689
0.0182144 0.861711
0.0646632 0.696413
0.428151 0.019584
0.200709 0.552845
0.0303712 0.806759
0.649238 -0.450767
0.00736107 0.918303
0.824207 -0.461358
0.211343 0.471713
0.0193483 0.854957
0.233821 0.318594
0.00866088 0.910339
0.0610225 0.699572
0.835132 -0.655981
0.0245262 0.83604
0.00523843 0.936868
0.235233 0.311804
0.431104 -0.00883673
0.423947 0.0642154
0.83945 -0.706088
0.643886 -0.425206
0.199586 0.561588
0.0150388 0.877819
0.0213204 0.847407
0.256549 0.248553
0.198647 0.568791
0.0316375 0.801333
0.647724 -0.443183
0.0596992 0.706631
0.0702472 0.683334
0.828165 -0.545155
0.628441 -0.275693
0.012037 0.890517
0.634215 -0.348862
0.0359067 0.785375
0.000817108 0.978279
0.210461 0.480681
0.63399 -0.340104
0.835925 -0.664885
0.218489 0.420925
0.848854 -0.765403
0.205856 0.513923
0.0782013 0.675425
0.188725 0.641992
0.626794 -0.25537
0.0134495 0.884342
0.631899 -0.32381
0.624371 -0.217627
0.0479875 0.739116
0.214609 0.446274
0.828548 -0.553872
0.639537 -0.400569
0.18889 0.633535
0.197437 0.577207
0.0334316 0.793063
0.229709 0.349634
0.840276 -0.71386
0.841255 -0.720796
0.220339 0.404502
0.194881 0.594244
0.215544 0.439642
0.0229068 0.842209
0.842848 -0.733541
0.0418099 0.76194
0.637625 -0.383452
0.630287 -0.302084
0.000213837 0.993873
0.621544 -0.171073
0.434381 -0.0351712
0.62214 -0.181426
0.623021 -0.194825
0.244046 0.270491
0.834102 -0.640893
0.626515 -0.248695
0.0261068 0.824673
0.834509 -0.6473
0.420985 0.0997251
0.83122 -0.596063
0.624041 -0.20946
0.83658 -0.672417
0.837252 -0.679094
0.632816 -0.332225
0.847258 -0.759908
0.000666519 0.980211
0.0107672 0.898545
0.620717 -0.15991
0.232229 0.326303
0.618817 -0.122494
0.193644 0.606583
0.623424 -0.202603
0.426059 0.0417135
0.644866 -0.435465
0.826769 -0.521554
0.18536 0.655972
0.0394659 0.77031
0.248937 0.258285
0.0105431 0.904241
0.826545 -0.516346
0.827429 -0.530796
0.00317886 0.953084
0.842034 -0.728479
0.20672 0.511084
0.187282 0.649327
0.422289 0.0829839
0.629795 -0.295078
0.239971 0.28742
0.440626 -0.0800531
0.827557 -0.536033
0.190141 0.626274
0.427278 0.0289972
0.452063 -0.11839
0.42549 0.0465837
0.229812 0.341897
0.217256 0.429742
0.42686 0.0327142
0.441902 -0.0878056
0.622402 -0.187016
9.09994e-05 0.996918
0.208802 0.490858
0.625615 -0.237006
0.845822 -0.754865
0.240668 0.283946
0.0663845 0.689411
0.642532 -0.420051
0.19409 0.601157
0.421834 0.0877544
0.230484 0.335633
0.221709 0.393105
0.41545 0.17057
0.43652 -0.0532083
0.196178 0.587329
0.025424 0.826958
0.43314 -0.0265413
0.640657 -0.408
0.837695 -0.687019
0.844117 -0.742133
0.0745649 0.67822
0.445357 -0.09845
0.628894 -0.28276
0.221309 0.396661
0.629362 -0.288031
0.0674907 0.687287
0.207443 0.501165
0.0735544 0.680028
0.412542 0.204907
0.190777 0.621626
0.42972 0.0102128
0.42123 0.0956573
0.645456 -0.438625
0.209438 0.487432
0.0563137 0.712387
0.626256 -0.238953
0.435707 -0.04531
0.216397 0.431913
0.437051 -0.0572078
0.829093 -0.562038
0.0408291 0.765958
0.636749 -0.375894
0.844941 -0.7496
0.207777 0.499151
0.192255 0.614101
0.231695 0.330959
0.435057 -0.0427621
0.621516 -0.164834
0.242533 0.277633
0.415465 0.16745
0.0355844 0.791052
0.0569672 0.711087
0.196423 0.582768
0.429425 0.0121758
0.0028268 0.957944
0.00366323 0.943606
0.425051 0.0552958
0.219391 0.410887
0.638639 -0.392281
0.219187 0.414325
0.838764 -0.696711
0.829553 -0.569395
0.831688 -0.600553
0.829927 -0.575976
0.250644 0.258015
0.424546 0.0570626
0.433816 -0.0275233
0.6417 -0.414825
0.444101 -0.0962437
0.838244 -0.691539
