37389 100.017
0.851828 -0.773369
0 1
0.823337 -0.458331
0.652525 -0.458263
0.453878 -0.124218
0.618397 -0.124221
0.257753 0.242161
0.409329 0.241962
0.182233 0.669639
0.0830021 0.669652
0.0350708 0.785003
0.841429 -0.724445
0.633867 -0.350146
0.0335397 0.796213
0.0384588 0.773279
0.635419 -0.364768
0.630537 -0.310156
0.619339 -0.138554
0.432346 -0.0243152
0.0213204 0.849027
0.620617 -0.153871
0.044784 0.744629
0.234239 0.311435
0.636156 -0.374108
0.195088 0.588342
0.413986 0.182784
0.0635678 0.691007
0.203511 0.52749
0.0478003 0.734254
0.43401 -0.0385104
0.210567 0.47346
0.0229315 0.835846
0.196652 0.578009
0.83585 -0.668514
0.831897 -0.612309
0.207275 0.498186
0.212293 0.462447
0.418222 0.128114
0.637592 -0.386512
0.236132 0.300044
0.00465505 0.932584
0.848111 -0.767409
0.000246896 0.984596
0.227978 0.347685
0.839686 -0.712321
0.205262 0.513527
0.440935 -0.0865099
0.191336 0.615475
0.416688 0.146177
0.414769 0.171342
0.835104 -0.659151
0.214812 0.443131
0.19802 0.569273
0.00329544 0.942778
0.623792 -0.213767
0.0430388 0.750998
0.0612246 0.702385
0.222429 0.385415
0.445618 -0.10894
0.836795 -0.680349
0.0410113 0.759733
0.227006 0.357665
0.189733 0.626235
0.217236 0.421953
0.82618 -0.511329
0.41959 0.110027
0.0303901 0.80418
0.420349 0.100878
0.0720765 0.676201
0.417223 0.139881
0.411687 0.212325
0.412478 0.200344
0.430478 -0.00803319
0.838156 -0.696307
0.644987 -0.439473
0.828929 -0.562894
0.41886 0.119091
0.427313 0.0230122
0.831259 -0.600084
0.209583 0.482295
0.0184732 0.853979
0.412972 0.193808
0.208542 0.490027
0.0692406 0.680557
0.623158 -0.202805
0.646554 -0.446473
0.648464 -0.452758
0.443604 -0.100384
0.201578 0.541035
0.431384 -0.0164499
0.0024032 0.950891
0.825526 -0.501686
0.200597 0.549716
0.428311 0.014622
0.823979 -0.47055
0.249673 0.251019
0.421131 0.0919366
0.193973 0.598689
0.626649 -0.257066
0.0287999 0.807659
0.846537 -0.76039
0.00166714 0.959549
0.205912 0.508866
0.442528 -0.0951472
0.62996 -0.299519
0.828303 -0.553283
0.839135 -0.705423
0.63167 -0.324052
0.834324 -0.648513
0.423961 0.0602377
0.826587 -0.520876
0.415941 0.160501
0.426545 0.0318209
0.185632 0.650203
0.824683 -0.485258
0.225556 0.364319
0.0399215 0.766249
0.629392 -0.293162
0.837452 -0.687797
0.643914 -0.430868
0.000827939 0.972277
0.625422 -0.237857
0.230483 0.331494
0.223599 0.377036
0.451159 -0.121493
0.833908 -0.642511
0.829567 -0.571594
0.825145 -0.493374
0.62177 -0.180888
0.237514 0.294183
0.232616 0.319045
0.436362 -0.0571267
0.42956 0.000894731
0.0101904 0.896017
0.628563 -0.283586
0.202566 0.533614
0.024943 0.824479
0.83326 -0.632451
0.241159 0.278297
0.638228 -0.393969
0.642632 -0.425707
0.0756326 0.672579
0.639843 -0.40649
0.425862 0.0390096
0.24753 0.255889
0.057282 0.707882
0.22018 0.402848
0.624404 -0.223171
0.832568 -0.621949
0.00567602 0.92372
0.232272 0.325145
0.625105 -0.228031
0.224593 0.37152
0.82981 -0.579319
0.0117623 0.891415
0.439517 -0.0779944
0.622388 -0.191357
0.830273 -0.586861
0.424588 0.0525232
0.188665 0.631519
0.428976 0.00647058
0.632748 -0.337495
0.824376 -0.476088
0.425129 0.0461994
0.423505 0.0693951
0.187245 0.642197
0.845373 -0.75346
0.216463 0.431159
0.242237 0.273171
0.00903039 0.90333
0.0132283 0.879847
0.000143882 0.994683
0.627419 -0.265218
0.42283 0.0740443
0.25237 0.246108
0.639121 -0.400762
0.40996 0.23764
0.632031 -0.326192
0.1838 0.665718
0.199056 0.559948
0.218719 0.414311
0.0242608 0.829833
0.640855 -0.414506
0.215651 0.434663
0.842595 -0.736345
0.621654 -0.17501
0.830728 -0.593891
0.192273 0.608156
0.844437 -0.743747
0.254727 0.245647
0.0176788 0.862181
0.633157 -0.340138
0.410445 0.228576
0.827794 -0.541287
0.213334 0.45297
0.641367 -0.418776
0.22142 0.395187
0.0123975 0.883949
0.628376 -0.27768
0.219297 0.410686
0.00105519 0.967694
0.627806 -0.270555
0.243682 0.26755
0.239432 0.284764
0.0146152 0.872629
0.827146 -0.532412
0.448373 -0.117336
0.0267998 0.816363
0.447507 -0.114909
0.620805 -0.162769
0.620967 -0.167256
0.651955 -0.455514
0.411116 0.218751
0.246283 0.261244
0.626396 -0.247651
0.0587475 0.703727
0.0528788 0.718272
0.0552216 0.713492
0.0512064 0.722542
0.187691 0.63833
0.199957 0.557742
0.2394 0.289035
0.415416 0.162564
0.229416 0.338878
0.82792 -0.545755
0.622858 -0.195153
0.193149 0.604046
0.0493427 0.728536
0.0786804 0.67256
0.826979 -0.528711
0.0663453 0.684913
0.0163728 0.864617
0.00640841 0.919306
0.422001 0.0821594
0.435156 -0.0440405
0.0266879 0.817426
0.833218 -0.626499
0.0816591 0.672283
0.0663376 0.687142
0.437285 -0.0641339
0.626276 -0.244084
0.184266 0.658184
0.245132 0.264776
0.0153267 0.869862
0.844528 -0.748512
0.21296 0.454197
0.00822466 0.907872
0.421855 0.0841654
0.435503 -0.0501026
0.842858 -0.736816
