246369 530.11
0.852119 -0.773085
5.55112e-17 1.00049
0.660266 -0.438309
0.455947 -0.121202
0.410255 0.230761
0.822426 -0.439004
0.257355 0.24281
0.0818641 0.670373
0.182278 0.670194
0.412736 0.199352
0.0451322 0.745111
0.0364348 0.778086
0.0527224 0.718762
0.0596912 0.699852
0.00130944 0.965604
0.422588 0.0758351
0.4473 -0.112909
0.000656251 0.982144
0.0612679 0.696369
0.415873 0.157872
0.00289064 0.950927
0.0512335 0.72391
0.0472093 0.737023
0.445821 -0.108235
0.0674429 0.683654
0.439111 -0.0745106
0.414118 0.179709
0.421245 0.09113
0.414447 0.17638
0.42401 0.0612533
0.435828 -0.0464287
0.0129544 0.883938
0.00384025 0.940172
0.442561 -0.093961
0.416564 0.149112
0.430194 -0.00376516
0.0281638 0.811686
0.418382 0.126256
0.431404 -0.0153227
0.00495171 0.932159
0.00830036 0.909503
0.43683 -0.0593834
0.0244162 0.830548
0.0257418 0.823284
0.0334357 0.78964
0.42527 0.0466198
0.000215834 0.995732
0.0211982 0.846133
0.427311 0.0252508
0.420699 0.0978681
0.419934 0.107561
0.429545 0.00288991
0.00697508 0.917711
0.0307109 0.801664
0.00598697 0.923593
0.0113216 0.891279
0.42851 0.0117505
0.0775081 0.672577
0.0356219 0.780257
0.432112 -0.0211281
0.440596 -0.0827141
0.0152588 0.876373
0.424468 0.0551687
0.433003 -0.0297537
0.00946593 0.902033
0.0271475 0.816127
0.189868 0.624872
0.426373 0.0338412
0.427973 0.0178877
0.434277 -0.0399693
0.0195679 0.851324
0.190788 0.618651
0.0164809 0.866509
0.442314 -0.092937
0.220609 0.398416
0.239146 0.286251
0.425948 0.0384277
0.436718 -0.0589073
0.417346 0.138511
0.831217 -0.601466
0.831645 -0.60848
0.828295 -0.552414
0.845343 -0.754983
0.0104605 0.897319
0.227296 0.352334
0.192433 0.607552
0.186763 0.644048
0.828662 -0.558893
0.191585 0.61297
0.225016 0.367508
0.224034 0.373913
0.417604 0.136495
0.212601 0.457921
0.0178254 0.86087
0.188918 0.630897
0.214721 0.441582
0.195935 0.582987
0.196755 0.57719
0.0324314 0.793602
0.419046 0.118082
0.206751 0.502732
0.219754 0.404445
0.226511 0.357483
0.830833 -0.595422
0.829038 -0.565419
0.844464 -0.749994
0.198256 0.566764
0.240408 0.280977
0.830456 -0.589166
0.19897 0.56134
0.833154 -0.631443
0.2347 0.308583
0.235595 0.303657
0.836968 -0.681911
0.836027 -0.670548
0.838829 -0.702988
0.83833 -0.697513
0.197506 0.572073
0.201597 0.541902
0.830067 -0.583241
0.84128 -0.726707
0.213405 0.451715
0.825982 -0.510093
0.251379 0.248107
0.82971 -0.577237
0.195247 0.588295
0.193285 0.601902
0.242483 0.272674
0.219107 0.409268
0.836504 -0.676214
0.211206 0.468189
0.841983 -0.732347
0.0704593 0.679488
0.24477 0.264236
0.21059 0.473485
0.829369 -0.571274
0.243671 0.26854
0.0186215 0.856669
0.211952 0.463003
0.82564 -0.503416
0.225711 0.36297
0.185867 0.649688
0.218311 0.414778
0.207461 0.497466
0.832036 -0.614433
0.832762 -0.625444
0.221429 0.39266
0.826568 -0.520881
0.213994 0.447384
0.433858 -0.0346213
0.200871 0.547102
0.236539 0.298773
0.850105 -0.771317
0.25356 0.245434
0.827362 -0.535618
0.846417 -0.760565
0.2227 0.383204
0.241394 0.277153
0.824853 -0.487941
0.83556 -0.664607
0.208722 0.487605
0.832403 -0.61996
0.208108 0.492497
0.249883 0.251206
0.822686 -0.444361
0.0457804 0.742107
0.0155044 0.871511
0.824544 -0.481828
0.419358 0.11416
0.827919 -0.545801
0.233758 0.313485
0.823493 -0.460712
0.842626 -0.737202
0.823738 -0.465837
0.221997 0.38829
0.199682 0.555972
0.246141 0.260446
0.223364 0.378501
0.824029 -0.471724
0.228177 0.346341
0.238129 0.291326
0.826279 -0.515512
0.229391 0.33902
0.215425 0.436087
0.835207 -0.659722
0.834175 -0.645939
0.23018 0.334325
0.0223645 0.837655
0.194522 0.593443
0.206012 0.508543
0.840262 -0.717137
0.840739 -0.721497
0.209842 0.478581
0.0311467 0.799034
0.248384 0.254352
0.23229 0.32175
0.837784 -0.691613
0.20443 0.520264
0.823199 -0.454759
0.217677 0.41939
0.822976 -0.450307
0.231627 0.32603
0.837463 -0.687797
0.07211 0.67689
0.0224991 0.836998
0.825123 -0.493203
0.209351 0.48256
0.187678 0.638869
0.200233 0.551871
0.82768 -0.541326
0.233037 0.317417
0.230862 0.330209
0.439919 -0.0801695
0.833583 -0.637423
0.82538 -0.498203
0.203847 0.52496
0.824282 -0.476728
0.202286 0.536557
0.193904 0.597254
0.217141 0.423811
0.21654 0.427879
0.24728 0.257385
0.237431 0.294694
0.839414 -0.708816
0.843657 -0.744645
0.205024 0.51592
0.188116 0.635515
0.203316 0.529223
0.215998 0.432252
0.255368 0.243675
0.0684117 0.682433
0.184759 0.656574
0.075096 0.6741
0.839721 -0.71188
0.8269 -0.527179
0.183603 0.663106
0.848449 -0.767957
0.228731 0.343304
0.182606 0.668702
0.833858 -0.641269
0.834595 -0.651621
0.843233 -0.741902
0.202757 0.533232
0.205508 0.511893
0.827053 -0.529909
0.834793 -0.654265
0.185161 0.653843
0.0739215 0.675316
0.18388 0.661402
0.8472 -0.763767
