127336 340.045
0.85181 -0.773369
0 1
0.823338 -0.458351
0.652507 -0.458263
0.618398 -0.124242
0.453883 -0.124218
0.409314 0.24216
0.257759 0.242161
0.18223 0.669648
0.0830021 0.669652
0.018241 0.857537
0.637987 -0.386918
0.0453313 0.742244
0.419788 0.113421
0.410439 0.227255
0.636303 -0.375984
0.00193228 0.958759
0.0209493 0.845128
0.620425 -0.15682
0.21473 0.441984
0.841641 -0.729292
0.826629 -0.521774
0.415759 0.16013
0.420539 0.100741
0.843576 -0.743061
0.219632 0.404445
0.825901 -0.508105
0.41845 0.124007
0.216652 0.429405
0.823948 -0.47073
0.186984 0.64451
0.0748044 0.674084
0.000240821 0.984517
0.625971 -0.246878
0.638841 -0.398733
0.631621 -0.319825
0.643699 -0.428005
0.628772 -0.286956
0.218562 0.416115
0.0142832 0.874542
0.632528 -0.331135
0.0686076 0.682694
0.41502 0.173181
0.0232871 0.841282
0.829747 -0.576886
0.833854 -0.64172
0.833143 -0.631781
0.635253 -0.365286
0.437247 -0.0636234
0.625194 -0.235052
0.621162 -0.169605
0.622843 -0.198219
0.623503 -0.208718
0.00481831 0.931032
0.829128 -0.567741
0.230016 0.337752
0.629823 -0.300586
0.00319769 0.94473
0.835317 -0.660213
0.189243 0.627727
0.834579 -0.651507
0.422017 0.0826792
0.0715772 0.677886
0.0796522 0.670659
0.18807 0.63609
0.233397 0.31453
0.41769 0.13372
0.421191 0.091288
0.624117 -0.217758
0.183767 0.661799
0.633057 -0.339858
0.432148 -0.0230843
0.412094 0.209965
0.43042 -0.00709261
0.433194 -0.0314301
0.228157 0.34583
0.434176 -0.0394728
0.416615 0.151428
0.231028 0.329923
0.0472868 0.735785
0.633782 -0.349358
0.846633 -0.760797
0.644636 -0.438396
0.232545 0.32257
0.19932 0.558878
0.00887296 0.903867
0.444872 -0.105866
0.628331 -0.280389
0.422977 0.0734803
0.209566 0.481357
0.450693 -0.121717
0.435808 -0.0526488
0.417161 0.142564
0.443434 -0.0988335
0.0289426 0.816679
0.235083 0.306399
0.626692 -0.25562
0.00580973 0.922884
0.430018 0.00334661
0.431379 -0.0144829
0.22258 0.383493
0.624725 -0.22718
0.194883 0.591577
0.425518 0.0420561
0.0321629 0.795269
0.825781 -0.498849
0.227258 0.352607
0.831139 -0.599597
0.619908 -0.146173
0.220805 0.396085
0.622438 -0.18869
0.038199 0.76953
0.42351 0.0656065
0.634539 -0.357182
0.000880002 0.970792
0.1966 0.578604
0.627561 -0.269233
0.226087 0.360743
0.0490393 0.729541
0.648933 -0.45406
0.248082 0.255505
0.029325 0.805687
0.212727 0.46131
0.438232 -0.0700752
0.0506878 0.724205
0.412966 0.19414
0.236306 0.300824
0.223863 0.374555
0.192088 0.609565
0.042517 0.75367
0.840009 -0.715117
0.0241559 0.828946
0.82853 -0.557321
0.827649 -0.536469
0.0364034 0.776618
0.448 -0.116333
0.424853 0.0516731
0.193694 0.598013
0.412545 0.200306
0.619014 -0.132893
0.824434 -0.480496
0.841139 -0.722445
0.0555754 0.709655
0.838628 -0.701168
0.210491 0.47361
0.201705 0.54024
0.21722 0.422616
0.426983 0.0281027
0.0036867 0.94058
0.848676 -0.768134
0.426269 0.0352382
0.0526818 0.718653
0.446751 -0.112205
0.845276 -0.754833
0.413721 0.184335
0.211324 0.467655
0.630746 -0.311445
0.208381 0.489381
0.83927 -0.708157
0.82711 -0.530816
0.424235 0.0570941
0.642119 -0.42028
0.0610621 0.695611
0.0129497 0.881829
0.0334368 0.788131
0.206707 0.502401
0.646798 -0.447684
0.435293 -0.0476185
0.196037 0.58343
0.204199 0.521416
0.207855 0.494661
0.82796 -0.546893
0.030355 0.801018
0.221691 0.389574
0.010191 0.895964
0.83808 -0.693243
0.0652199 0.687553
7.24711e-05 0.993032
0.057712 0.704399
0.200103 0.552174
0.00810077 0.91191
0.0589397 0.700726
0.00740563 0.91674
0.0406107 0.759759
0.440129 -0.0787964
0.24555 0.261316
0.627359 -0.263719
0.830388 -0.587931
0.844407 -0.748458
0.20091 0.546261
0.253671 0.244717
0.2437 0.267399
0.619401 -0.139758
0.0541887 0.714509
0.192863 0.605053
0.237986 0.29413
0.0398892 0.764816
0.83256 -0.62192
0.63998 -0.406349
0.42884 0.00926232
0.831604 -0.607586
0.202979 0.530972
0.824966 -0.490805
0.011972 0.88634
0.00106176 0.967447
0.0161636 0.865429
0.185285 0.654653
0.252486 0.246448
0.20604 0.507474
0.414068 0.179472
0.645918 -0.44376
0.621804 -0.181255
0.641121 -0.416722
0.836632 -0.678212
0.441381 -0.0889923
0.441862 -0.0922284
0.197877 0.568485
0.205434 0.513653
0.0109302 0.891927
0.190641 0.618725
0.830599 -0.59047
0.835971 -0.67036
0.242065 0.273682
0.621504 -0.176857
0.630189 -0.305872
0.640235 -0.410475
0.832041 -0.612244
0.439344 -0.0777738
0.198148 0.568409
0.213231 0.453108
0.0630656 0.692675
0.427713 0.0209959
0.016521 0.864994
0.837386 -0.687566
0.0246368 0.825993
0.202855 0.533025
0.1905 0.619552
0.849729 -0.771381
0.225154 0.366904
0.652228 -0.45503
0.828216 -0.551702
0.824802 -0.486532
0.214024 0.449831
0.238985 0.286447
0.837212 -0.682901
0.0355982 0.781942
0.832351 -0.618708
0.0345625 0.783655
0.250137 0.251361
0.411338 0.218937
