26110 70.0077
0.851882 -0.773368
0 1
0.823342 -0.458432
0.6525 -0.458263
0.618413 -0.124282
0.453893 -0.124218
0.257763 0.242161
0.409315 0.242149
0.0830018 0.669652
0.182235 0.66962
0.0585162 0.703043
0.0620595 0.693398
0.43214 -0.0216907
0.0134394 0.878565
0.429617 0.00178265
0.434054 -0.0386526
0.626373 -0.252003
0.18658 0.652235
0.43119 -0.0133421
0.43772 -0.0671512
0.435925 -0.0532852
0.191003 0.61625
0.423132 0.0705926
0.219413 0.409408
0.843098 -0.740582
0.424338 0.05509
0.0159974 0.866879
0.250908 0.248404
0.415455 0.162828
0.620542 -0.160506
0.619651 -0.145034
0.41658 0.149774
0.840049 -0.715276
0.00746731 0.913376
0.0658859 0.686875
0.832475 -0.621647
0.627582 -0.268776
0.00911598 0.901951
0.622569 -0.191913
0.830265 -0.583871
0.411718 0.211344
0.237151 0.296398
0.238876 0.287513
0.244725 0.267241
0.419598 0.109946
0.838792 -0.703152
0.621784 -0.178373
0.61939 -0.136947
0.189167 0.628215
0.00640138 0.921701
0.0116135 0.888217
0.414797 0.172379
0.000451045 0.978769
0.00470841 0.93069
0.0553772 0.711682
0.00409825 0.939341
0.42869 0.0113744
0.209678 0.480636
0.0225073 0.835371
0.833485 -0.636752
0.826073 -0.511381
0.000188442 0.989333
0.18736 0.641301
0.829568 -0.574273
0.0296788 0.805087
0.206102 0.509561
0.217533 0.42174
0.0355836 0.780713
0.629744 -0.299558
0.630772 -0.308245
0.648092 -0.45185
0.439348 -0.0739339
0.841151 -0.724086
0.642332 -0.422776
0.629117 -0.290209
0.241898 0.275284
0.225176 0.366354
0.63335 -0.340844
0.636539 -0.377157
0.204711 0.518745
0.41883 0.12007
0.837469 -0.688537
0.824163 -0.473336
0.639677 -0.40469
0.842297 -0.731653
0.207715 0.50316
0.827291 -0.533715
0.623888 -0.208982
0.625363 -0.23448
0.00100116 0.968564
0.246275 0.260515
0.425751 0.0401857
0.632442 -0.332456
0.198315 0.565295
0.623139 -0.199952
0.0403591 0.760688
0.235512 0.30455
0.220236 0.400415
0.440216 -0.0830566
0.845305 -0.752171
0.201847 0.54076
0.626041 -0.242314
0.0172062 0.86007
0.0187182 0.85295
0.638638 -0.39525
0.413862 0.182181
0.0684142 0.681359
0.635281 -0.364839
0.628532 -0.281133
0.20291 0.531601
0.211271 0.472402
0.222156 0.387385
0.410859 0.223218
0.824774 -0.483686
0.0105811 0.895453
0.197283 0.572821
0.199583 0.557602
0.0269953 0.81567
0.227001 0.353274
0.624677 -0.224824
0.0499048 0.727494
0.0396042 0.771529
0.212889 0.457273
0.00153915 0.960707
0.43497 -0.045518
0.241055 0.280529
0.0479235 0.734489
0.211821 0.46588
0.441802 -0.088484
0.412514 0.202442
0.0467189 0.73937
0.194078 0.597071
0.831654 -0.609056
0.424983 0.0477421
0.631141 -0.317877
0.0416395 0.755975
0.417175 0.140493
0.21346 0.450743
0.427666 0.0200722
0.0734659 0.678645
0.0376623 0.773773
0.624122 -0.218302
0.838128 -0.695721
0.827902 -0.543551
0.21471 0.443413
0.447163 -0.111601
0.426626 0.0309186
0.631731 -0.324046
0.645173 -0.44087
0.825637 -0.501609
0.421566 0.0894613
0.829223 -0.564014
0.00265879 0.948808
0.646668 -0.444663
0.828211 -0.549163
0.221205 0.393404
0.82865 -0.559041
0.834382 -0.649282
0.0450918 0.746857
0.226297 0.359962
0.188643 0.634438
0.183606 0.662612
0.0248954 0.829203
0.192322 0.607627
0.418167 0.127774
0.409908 0.237126
0.231628 0.324729
0.830946 -0.595673
0.823699 -0.465262
0.204222 0.526454
0.837013 -0.677242
0.63789 -0.388916
0.229828 0.336405
0.194963 0.58952
0.0433758 0.749292
0.0338797 0.787479
0.0213468 0.844133
0.45034 -0.120243
0.223799 0.375679
0.248163 0.254091
0.849494 -0.770609
0.0776157 0.671663
0.410428 0.227761
0.209108 0.490248
0.208155 0.4933
0.834862 -0.65593
0.0771369 0.673335
0.650943 -0.456989
0.847175 -0.760824
0.826706 -0.521685
0.230857 0.329927
0.443466 -0.0946675
0.422485 0.0781886
0.412886 0.19541
0.0250634 0.823929
0.413343 0.188843
0.44895 -0.118348
0.223266 0.378539
0.22825 0.345241
0.831237 -0.598489
0.417772 0.134604
0.635004 -0.361027
0.641694 -0.414356
0.847762 -0.76603
0.636949 -0.382219
0.232878 0.31744
0.196269 0.579934
0.833801 -0.641197
0.628063 -0.273141
0.832251 -0.614255
0.0206192 0.847626
0.00224469 0.952611
0.420531 0.0999791
0.193053 0.603754
0.640443 -0.412068
0.835419 -0.662791
0.0539371 0.715935
0.643896 -0.430727
0.051302 0.722805
0.835866 -0.667603
0.633971 -0.350152
0.200459 0.550889
0.826959 -0.525002
0.0723255 0.68088
0.825095 -0.490462
0.421913 0.0833921
0.634255 -0.352333
0.201243 0.547772
0.427247 0.0260109
0.445813 -0.107572
0.64397 -0.433067
0.420676 0.0979693
0.84532 -0.755611
0.0526194 0.719657
0.195701 0.583989
0.0266512 0.817571
0.82536 -0.495682
0.0327576 0.791067
0.621113 -0.168043
0.228925 0.342412
0.444519 -0.104117
0.836361 -0.674292
0.0317214 0.795262
0.621612 -0.170491
0.444071 -0.099166
0.249788 0.251889
0.234237 0.310078
0.18349 0.662635
0.216834 0.425821
0.215455 0.43755
