156685 200.026
0.651926 -0.455028
6.58274e-08 1.00634
0.618408 -0.120268
0.454388 -0.119954
0.409593 0.243005
0.25735 0.245601
0.0824311 0.674296
0.182275 0.674051
0.429705 0.00411503
0.423214 0.0716466
0.0142353 0.882702
0.424859 0.0533572
0.00241153 0.965353
0.0318037 0.803039
0.0344107 0.79257
0.0113907 0.896079
0.0059811 0.928255
0.000720707 0.980312
0.4109 0.225246
0.428172 0.0179614
0.0190871 0.858986
0.434817 -0.0409462
0.431195 -0.00881971
0.421195 0.0965324
0.409933 0.238771
0.0494561 0.734167
0.411382 0.219334
0.41602 0.159851
0.435881 -0.0488976
0.414029 0.184332
0.0517171 0.726089
0.626343 -0.249365
0.0037349 0.949414
0.00812668 0.916901
0.227893 0.353027
0.415317 0.168281
0.412151 0.20766
0.625876 -0.240402
0.422063 0.085571
0.00932018 0.908089
0.425228 0.0483651
0.627002 -0.257501
0.414604 0.175997
0.00241593 0.956401
0.0437323 0.754794
0.237721 0.296443
0.0297009 0.808575
0.436955 -0.0562596
0.22989 0.339321
0.4338 -0.0321994
0.000116346 0.994962
0.0209897 0.852317
0.229006 0.346038
0.629602 -0.294111
0.249234 0.25586
0.00452933 0.941542
0.438855 -0.0693795
0.0369431 0.780671
0.0359935 0.786695
0.01707 0.865474
0.0460638 0.750408
0.187011 0.64726
0.641679 -0.417221
0.437882 -0.0629772
0.236381 0.303041
0.220756 0.401595
0.631411 -0.317715
0.0787194 0.67526
0.24763 0.260817
0.202244 0.540288
0.0422594 0.760735
0.0157057 0.874687
0.443836 -0.0975266
0.62273 -0.191724
0.219739 0.408996
0.20677 0.507104
0.432399 -0.0193452
0.628499 -0.279945
0.624022 -0.213413
0.439809 -0.0764054
0.231175 0.332363
0.627464 -0.26581
0.209961 0.481059
0.19061 0.623945
0.20956 0.488406
0.642679 -0.424084
0.0106041 0.900166
0.629038 -0.28657
0.0385996 0.774806
0.416935 0.147622
0.634848 -0.356183
0.251632 0.251704
0.623073 -0.19909
0.0559976 0.714833
0.622186 -0.184033
0.00539238 0.935359
0.1899 0.630727
0.0651078 0.692066
0.42249 0.0802783
0.445499 -0.101183
0.426372 0.0376761
0.41777 0.136934
0.207736 0.500088
0.628047 -0.271917
0.623574 -0.206383
0.245755 0.265341
0.0465655 0.743664
0.632078 -0.324792
0.22417 0.378526
0.0575409 0.710224
0.621331 -0.170449
0.201394 0.547043
0.64729 -0.44505
0.183339 0.669023
0.223175 0.385624
0.184288 0.662498
0.000392984 0.985202
0.432949 -0.0267762
0.048346 0.73917
0.253251 0.248314
0.233149 0.321913
0.636653 -0.375388
0.420694 0.103678
0.625303 -0.232501
0.442482 -0.090872
0.212149 0.465662
0.645831 -0.440381
0.208302 0.494062
0.64473 -0.435015
0.640849 -0.410799
0.633668 -0.344386
0.192401 0.61246
0.639329 -0.398925
0.619844 -0.144806
0.638597 -0.392973
0.619399 -0.137797
0.643699 -0.429388
0.621865 -0.177122
0.1916 0.617814
0.412639 0.202956
0.630155 -0.302185
0.633057 -0.337512
0.624498 -0.221131
0.450253 -0.115675
0.640095 -0.405164
0.200657 0.552873
0.0407926 0.76534
0.205933 0.513008
0.226838 0.360511
0.0287261 0.814758
0.427414 0.0287321
0.239065 0.290291
0.244542 0.270332
0.418792 0.125685
0.199206 0.564195
0.196114 0.585786
0.19346 0.606384
0.4191 0.120978
0.632577 -0.331421
0.0255041 0.828156
0.232061 0.327414
0.188334 0.639474
0.620247 -0.15144
0.0234002 0.838009
0.637854 -0.386692
0.214317 0.450706
0.221652 0.395928
0.185246 0.657268
0.20002 0.559209
0.0248012 0.83308
0.635584 -0.364007
0.634241 -0.350461
0.205144 0.518686
0.0398601 0.770598
0.241969 0.278147
0.440809 -0.0817816
0.0547038 0.720409
0.197156 0.579528
0.070519 0.683162
0.416673 0.151051
0.217324 0.426889
0.204467 0.52413
0.198196 0.570142
0.620893 -0.163155
0.637196 -0.381346
0.186049 0.651821
0.0267298 0.822512
0.203185 0.533873
0.0619084 0.698644
0.635928 -0.368315
0.210889 0.474646
0.0633567 0.696802
0.222477 0.390789
0.215937 0.437163
0.194892 0.596291
0.0765132 0.678361
0.243139 0.274541
0.453704 -0.119501
0.418043 0.13363
0.648937 -0.449554
0.216807 0.43213
0.194067 0.601228
0.419617 0.112605
0.0602226 0.703609
0.195683 0.591246
0.431617 -0.0128154
0.0685812 0.687142
0.624861 -0.226829
0.218954 0.414597
0.620593 -0.157942
0.235353 0.308499
0.233954 0.315762
0.0217216 0.846662
0.441602 -0.0866932
0.213142 0.458634
0.224791 0.373015
0.449486 -0.113663
0.240847 0.283717
0.0671896 0.688884
0.0725445 0.681739
0.0592206 0.70589
0.203749 0.529816
0.427881 0.022694
0.446872 -0.107221
0.0223947 0.842457
0.0534984 0.723538
0.447135 -0.109932
0.0746334 0.679689
0.016419 0.870487
0.189055 0.636974
0.0281206 0.820163
0.618841 -0.127195
0.630867 -0.31016
0.650254 -0.451906
0.413464 0.193431
0.256932 0.247664
0.619091 -0.130955
0.211561 0.470874
0.225466 0.368638
0.197586 0.574791
1.20709e-05 1.00261
0.00829251 0.914074
0.413208 0.194534
0.419962 0.109632
0.426602 0.0349468
0.226121 0.364269
0.240124 0.286742
0.213639 0.456192
0.214927 0.444373
0.234679 0.312332
