169396 530.091
0.851833 -0.773369
0 1
0 1
0.652512 -0.458263
0.823332 -0.458264
0.618397 -0.124219
0.453882 -0.124218
0.409314 0.242161
0.257762 0.242161
0.182229 0.669652
0.0830015 0.669652
0.417649 0.133855
0.427123 0.0250058
0.413519 0.18655
0.0175227 0.858461
0.62267 -0.196006
0.192009 0.609509
0.219332 0.406517
0.421651 0.0854611
0.416425 0.149221
0.450325 -0.121364
0.200183 0.55143
0.019911 0.847235
0.00908914 0.902107
0.618985 -0.134444
0.217226 0.422032
0.831368 -0.604146
0.233087 0.316257
0.234616 0.307884
0.193317 0.600615
0.434676 -0.0445733
0.0665361 0.684296
0.224033 0.373145
0.830649 -0.593222
0.00717478 0.913692
0.0531899 0.716448
0.829081 -0.566935
0.412832 0.195523
0.637783 -0.38995
0.840278 -0.717155
0.648272 -0.452471
0.83902 -0.704884
0.833968 -0.64362
0.240453 0.280485
0.197097 0.573994
0.645198 -0.441114
0.620845 -0.166061
0.0572092 0.705091
0.41846 0.123819
0.621682 -0.179882
0.41455 0.173184
0.203952 0.523132
0.831949 -0.613834
0.823856 -0.46892
0.835894 -0.66942
0.643688 -0.433374
0.00295509 0.945369
0.0265552 0.817371
0.412377 0.206417
0.249649 0.250718
0.000649814 0.974495
0.198958 0.560472
0.186748 0.643383
0.825608 -0.503463
0.190444 0.619922
0.410957 0.221035
0.439915 -0.0812791
0.0552068 0.711084
0.444623 -0.104852
0.82508 -0.492997
0.254535 0.243529
0.00217719 0.953191
0.833319 -0.634351
0.836575 -0.677909
0.642691 -0.425783
0.827637 -0.541384
0.829626 -0.576237
0.185538 0.650688
0.425795 0.0389664
0.216062 0.433563
0.20757 0.495505
0.424706 0.0507786
0.210242 0.474999
0.826337 -0.51735
0.623549 -0.20988
0.640317 -0.411117
0.0147687 0.871865
0.0161804 0.864938
0.830106 -0.584293
0.834663 -0.65324
0.201495 0.54166
0.62462 -0.226694
0.624164 -0.219649
0.625919 -0.246335
0.000209001 0.985542
0.433244 -0.0328025
0.844633 -0.751696
0.194599 0.59173
0.212898 0.454664
0.0507185 0.724089
0.835317 -0.659896
0.63023 -0.30639
0.214044 0.447219
0.0248529 0.82486
0.43209 -0.0196471
0.419966 0.105461
0.0745689 0.673489
0.226713 0.355152
0.824258 -0.476984
0.846106 -0.759622
0.230229 0.33295
0.62924 -0.293339
0.848773 -0.769431
0.634159 -0.353573
0.205039 0.514862
0.00396218 0.936562
0.211975 0.461713
0.626468 -0.254435
0.632918 -0.339515
0.214828 0.440047
0.236224 0.299527
0.6469 -0.448135
0.824779 -0.485484
0.0459704 0.741284
0.0328916 0.790389
0.0440033 0.747006
0.411512 0.2129
0.224925 0.367064
0.244382 0.265065
0.0210871 0.841817
0.198068 0.56697
0.0595731 0.699025
0.25109 0.247969
0.630795 -0.313647
0.423487 0.0643583
0.837264 -0.686159
0.44105 -0.0878481
0.63202 -0.328846
0.202891 0.531161
0.447099 -0.113786
0.206691 0.502243
0.238566 0.288229
0.21104 0.468876
0.189736 0.624539
0.01261 0.882901
0.0373702 0.772433
0.633309 -0.34403
0.634695 -0.359399
0.0392932 0.764684
0.228354 0.344577
0.0697756 0.679112
0.626998 -0.262117
0.183769 0.661013
0.219895 0.402408
0.435928 -0.0501987
0.826922 -0.528286
0.4425 -0.0951663
0.205827 0.508851
0.0227178 0.835551
0.636781 -0.38064
0.0426515 0.751958
0.0304873 0.800457
0.222421 0.384355
0.415392 0.162366
0.0286827 0.808153
0.620324 -0.157318
0.241993 0.273694
0.246523 0.258463
0.195751 0.583617
0.82808 -0.549364
0.0710487 0.677378
0.6391 -0.401434
0.432856 -0.0294892
0.837824 -0.692596
0.0134488 0.878527
0.43116 -0.0144498
0.825996 -0.510889
0.847261 -0.764593
0.415973 0.154955
0.209058 0.484083
0.422748 0.0727626
0.629553 -0.297517
0.0370632 0.776755
0.034872 0.782326
0.0315356 0.798182
0.188469 0.632658
0.0412423 0.757227
6.16591e-05 0.992179
0.42094 0.0938267
0.627493 -0.269199
0.410226 0.229975
0.838428 -0.699284
0.00144649 0.961902
0.43862 -0.0731693
0.841878 -0.732156
0.827115 -0.531856
0.842385 -0.735639
0.208696 0.487029
0.832516 -0.622485
0.187957 0.635886
0.0610019 0.695621
0.628373 -0.281522
0.010167 0.895976
0.638778 -0.398725
0.221072 0.393924
0.63546 -0.367469
0.409944 0.233735
0.425585 0.041213
0.0784958 0.670742
0.184329 0.657808
0.216847 0.424846
0.420584 0.0980693
0.0279965 0.811111
0.628379 -0.281616
0.242966 0.270031
0.0471779 0.7359
0.832784 -0.626488
0.0495889 0.72773
0.428939 0.00664009
0.202182 0.536509
0.0481987 0.732368
0.229282 0.338932
0.428071 0.0152904
0.437401 -0.0649438
0.631402 -0.321268
0.828473 -0.55633
0.619615 -0.145263
0.843391 -0.743574
0.620012 -0.152028
0.621463 -0.176337
0.00668889 0.919561
0.625259 -0.236444
0.414907 0.168583
0.641354 -0.418682
0.430425 -0.00763387
0.0111597 0.890527
0.231584 0.324882
0.430063 -0.00422376
0.419271 0.113878
0.0638342 0.689446
0.00469308 0.930804
0.419108 0.115865
0.436338 -0.0573169
0.0406708 0.762832
0.636392 -0.37686
0.445522 -0.108595
0.635826 -0.371207
0.625346 -0.237757
0.840923 -0.723981
0.22606 0.359804
