105006 340.058
0.851833 -0.773369
2.6975e-16 1
2.6975e-16 1
0.652512 -0.458263
0.823332 -0.458264
0.453882 -0.124218
0.618397 -0.124219
0.409314 0.242161
0.257762 0.242161
0.182229 0.669652
0.0830015 0.669652
0.844965 -0.753634
0.0126078 0.882851
0.223959 0.373727
0.426676 0.0296291
0.0148168 0.871709
0.0208878 0.842734
0.185901 0.648514
0.630943 -0.315477
0.183657 0.661656
0.632025 -0.328899
0.436749 -0.0603192
0.0273908 0.813731
0.428105 0.0157157
0.838976 -0.705123
0.0252443 0.823325
0.0185659 0.853518
0.216698 0.42617
0.443296 -0.098908
0.640052 -0.409081
0.824751 -0.486757
0.0421608 0.753917
0.000833745 0.971104
0.225805 0.361155
0.242509 0.271728
0.193016 0.602673
0.00766372 0.91063
0.825279 -0.497111
0.441759 -0.0916811
0.847645 -0.766002
0.0613589 0.694799
0.831694 -0.609879
0.413161 0.191227
0.445268 -0.10764
0.213699 0.448566
0.830576 -0.592029
0.200874 0.546394
0.0512962 0.72226
0.635984 -0.3728
0.231614 0.324701
0.191621 0.612118
0.194138 0.594943
0.629286 -0.293956
0.0377603 0.770677
0.247676 0.255318
0.633633 -0.347713
0.638894 -0.399709
0.0780743 0.670957
0.030674 0.799668
0.0464118 0.738449
0.209206 0.482943
0.195376 0.586271
0.435736 -0.052814
0.0289507 0.80701
0.418376 0.124843
0.627196 -0.264963
0.0643629 0.688381
0.638023 -0.392151
0.644334 -0.436857
0.220944 0.394846
0.00901842 0.902516
0.204176 0.521435
0.419008 0.117085
0.831037 -0.599487
0.83499 -0.657643
0.233186 0.315716
0.00151646 0.960987
0.421155 0.0912901
0.835681 -0.666701
0.621988 -0.184944
0.834375 -0.649295
0.635039 -0.363066
0.641251 -0.41796
0.434592 -0.0438999
0.833753 -0.640583
0.412413 0.201029
0.415652 0.15904
0.197548 0.570741
0.420355 0.100798
0.824225 -0.476295
0.419791 0.107609
0.424249 0.0558286
0.0692698 0.679849
0.433792 -0.0373908
0.826661 -0.523436
0.0224311 0.835699
0.836538 -0.677454
0.620423 -0.158988
0.217809 0.417695
0.0663835 0.684567
0.833185 -0.632398
0.421783 0.0839134
0.000358914 0.981199
0.228836 0.34154
0.00212206 0.953901
0.253268 0.244808
0.84132 -0.727469
0.210977 0.469353
0.0357851 0.778578
0.240779 0.279028
0.634421 -0.356449
0.82797 -0.5474
0.0164392 0.863667
0.0237457 0.829787
0.238114 0.290327
0.032294 0.792869
0.840481 -0.719952
0.623508 -0.20913
0.839863 -0.712431
0.433005 -0.0282748
0.827461 -0.538189
0.430803 -0.0111553
0.0562186 0.707748
0.0107968 0.8925
0.645646 -0.443135
0.843544 -0.7447
0.422509 0.0755036
0.451266 -0.122577
0.61923 -0.138666
0.210349 0.474683
0.0491023 0.729327
0.627904 -0.273771
0.625642 -0.242181
0.411888 0.207939
0.41494 0.168157
0.642837 -0.428399
0.189337 0.627146
0.41094 0.220483
0.239543 0.283837
0.829062 -0.566608
0.826174 -0.514283
0.00401651 0.936119
0.0402779 0.760916
0.837849 -0.69285
0.624927 -0.231398
0.05326 0.716238
0.19874 0.56207
0.440206 -0.0830153
0.237468 0.297739
0.827199 -0.531065
0.832286 -0.619003
0.186953 0.64276
0.618733 -0.129842
0.621519 -0.177259
0.222677 0.382554
0.244578 0.264451
0.848459 -0.768584
0.842207 -0.734805
0.837668 -0.690776
0.227994 0.346865
0.628605 -0.284721
0.00509716 0.927793
0.416713 0.145589
0.219638 0.404276
0.425047 0.0470509
0.623804 -0.213685
0.416242 0.151539
0.212185 0.460113
0.245427 0.261696
0.423598 0.0631096
0.00296232 0.945443
0.438405 -0.0717636
0.629978 -0.303118
0.0335835 0.787527
0.619811 -0.148572
0.832635 -0.624268
0.417564 0.134914
0.0393205 0.76474
0.249988 0.250025
0.647765 -0.447427
0.199691 0.555069
0.0480687 0.732785
0.212584 0.457062
0.42308 0.0689671
0.0545639 0.712407
0.649084 -0.454472
0.622781 -0.1978
0.0174295 0.858905
0.411289 0.215853
0.439633 -0.0795726
0.431708 -0.0194104
0.215368 0.435934
0.829854 -0.580078
0.630291 -0.307189
0.425835 0.0386284
0.234197 0.31014
0.206584 0.503061
0.214865 0.439889
0.446928 -0.113374
0.0583288 0.702417
0.410191 0.23045
0.0737914 0.674233
0.0592206 0.699897
0.626563 -0.255822
0.642173 -0.424216
0.0102232 0.895663
0.413871 0.18201
0.190587 0.618982
0.203277 0.528249
0.637024 -0.382962
0.410027 0.232663
0.0347564 0.782723
0.828592 -0.558338
0.23023 0.332946
0.621116 -0.170578
0.218652 0.41148
0.448574 -0.117873
0.632841 -0.33858
0.0716583 0.676609
0.206933 0.500389
0.414502 0.173806
0.620799 -0.165296
0.430126 -0.00481718
0.226944 0.353642
0.622591 -0.194738
0.42907 0.00535912
0.235764 0.301869
0.842914 -0.740213
0.0442943 0.745953
0.205369 0.512345
0.836316 -0.674722
0.208143 0.491106
0.417329 0.137852
0.825788 -0.506931
0.0441728 0.746392
0.429691 -0.000665821
0.428618 0.00981526
0.823768 -0.467141
0.201982 0.538011
0.62535 -0.237818
0.188065 0.635361
0.828372 -0.554548
0.626362 -0.252878
0.251199 0.247782
0.000112528 0.9897
0.257412 0.242177
0.196432 0.578765
0.205475 0.511537
0.0063199 0.919256
0.207942 0.492798
