74536 190.036
0.85165 -0.773277
1.38778e-16 1.00009
0.642342 -0.420093
0.61961 -0.145045
0.821636 -0.422776
0.453833 -0.124109
0.257619 0.242292
0.409438 0.240626
0.0830402 0.66977
0.183837 0.660813
0.633733 -0.344014
0.626613 -0.255379
0.621418 -0.175485
0.822888 -0.448346
0.824005 -0.471796
0.824841 -0.48844
0.621084 -0.169937
0.82175 -0.425191
0.825654 -0.504261
0.826625 -0.522654
0.827499 -0.53876
0.832011 -0.614478
0.835572 -0.66516
0.834412 -0.649511
0.833002 -0.6296
0.843677 -0.7454
0.829256 -0.569753
0.253658 0.244537
0.826187 -0.513784
0.187087 0.641699
0.250774 0.248695
0.204086 0.522323
0.185725 0.649764
0.234336 0.30956
0.201781 0.539694
0.436039 -0.0549532
0.837408 -0.687745
0.233003 0.316918
0.437146 -0.0630593
0.248396 0.253702
0.83669 -0.678629
0.200708 0.547687
0.429051 0.00566361
0.414567 0.173083
0.00549009 0.925176
0.192848 0.604011
0.194067 0.595606
0.198915 0.560932
0.833367 -0.634419
0.827952 -0.546929
0.231882 0.323308
0.222416 0.384741
0.444247 -0.10341
0.841215 -0.726399
0.411818 0.208988
0.419599 0.109991
0.0672292 0.683301
0.197904 0.568511
0.223411 0.377599
0.834107 -0.645364
0.246547 0.258622
0.848686 -0.769012
0.438079 -0.0694825
0.442904 -0.0973171
0.440091 -0.0822012
0.189094 0.62885
0.188204 0.634767
0.41072 0.223523
0.199851 0.554292
0.839291 -0.707992
0.439094 -0.0760824
0.215693 0.433678
0.425786 0.0393131
0.417283 0.138569
0.411276 0.216186
0.417872 0.13121
0.831463 -0.606172
0.214648 0.441583
0.206341 0.505061
0.0647226 0.687801
0.828598 -0.558372
0.413975 0.180747
0.238876 0.286992
0.413465 0.18748
0.429964 -0.00317348
0.418956 0.117865
0.426441 0.0321899
0.4488 -0.118318
0.41521 0.164854
0.235598 0.302926
0.427093 0.0255587
0.190177 0.621842
0.0092612 0.901289
0.197166 0.574644
0.0301214 0.80221
0.844985 -0.753544
0.0253244 0.822966
0.212396 0.458993
0.192047 0.609748
0.450838 -0.122012
0.0241156 0.828277
0.427764 0.0185208
0.216443 0.428468
0.217388 0.420997
0.435137 -0.0480974
0.431816 -0.0202552
0.0536785 0.715146
0.412434 0.200856
0.209254 0.482759
0.420203 0.102758
0.190995 0.61643
0.424578 0.0523047
0.422767 0.0726876
0.445727 -0.109213
0.000687818 0.973948
0.00454649 0.932192
0.230731 0.330043
0.836154 -0.671735
0.416719 0.145649
0.838545 -0.70008
0.0491016 0.72953
0.00310316 0.944175
0.061499 0.694643
0.418442 0.124189
0.237597 0.292943
0.00813474 0.907914
0.428406 0.0120676
0.211495 0.465629
0.224314 0.371386
0.412885 0.195097
0.425124 0.0462927
0.240116 0.281564
0.447029 -0.11347
0.0338848 0.786518
0.416212 0.152077
0.050784 0.724102
0.423484 0.064522
0.213166 0.452817
0.0266327 0.817204
0.00033928 0.981754
0.079744 0.670328
0.0288974 0.80741
0.0160942 0.865469
0.434391 -0.0422102
0.0594571 0.699467
0.0362786 0.776761
0.221455 0.391344
0.0767197 0.67195
0.420742 0.0962795
0.431157 -0.014313
0.842517 -0.736723
0.0102126 0.895881
0.0465038 0.738279
0.00385697 0.937616
0.052021 0.720175
0.225153 0.365705
0.184631 0.656535
0.0324834 0.792246
0.840432 -0.719359
0.244868 0.263606
0.0406683 0.759567
0.422309 0.0779302
0.0314801 0.796446
0.415673 0.15892
0.21035 0.474368
0.0440149 0.747128
0.226019 0.359955
0.0349777 0.781988
0.838048 -0.694894
0.0208383 0.843123
0.00107151 0.967433
0.829729 -0.577744
0.0112209 0.890363
0.227695 0.34894
0.0277131 0.812524
0.22684 0.354474
0.423914 0.0596472
0.830447 -0.58978
0.0149494 0.871143
0.213972 0.446854
0.0552252 0.710676
0.410168 0.230906
0.205054 0.514897
0.208705 0.487042
0.0478492 0.73366
0.421678 0.0853145
0.236595 0.29781
0.0228362 0.834021
0.207283 0.497955
0.0121574 0.885383
0.0451585 0.743047
0.243698 0.267606
0.0394344 0.764274
0.00245928 0.950354
0.0171525 0.86042
0.242371 0.272409
0.196132 0.581174
0.207809 0.493997
0.241309 0.276554
0.0565846 0.706902
0.0131447 0.880256
0.43263 -0.0274177
0.839894 -0.714226
0.430476 -0.00798751
0.43363 -0.0359321
0.0630282 0.691272
0.0731335 0.675065
0.00152776 0.961057
0.83002 -0.582763
0.194928 0.590018
0.220759 0.396474
0.220014 0.401798
0.0581193 0.70287
0.219306 0.40689
0.229914 0.335013
0.000142956 0.988226
0.0219729 0.837958
0.20299 0.530703
0.842087 -0.733683
0.421281 0.0899359
0.0140568 0.875558
0.441222 -0.0886977
0.828394 -0.554838
0.00196655 0.95576
0.0700686 0.678874
0.0181296 0.855756
0.20556 0.511126
0.0197693 0.848062
0.0374741 0.771958
3.38292e-05 0.994433
0.441755 -0.0915271
0.831059 -0.599686
0.845701 -0.757523
0.228568 0.343534
0.00654126 0.917984
0.0425746 0.752422
0.0383424 0.768712
0.202737 0.532553
0.195557 0.585197
0.218587 0.412172
0.229108 0.339995
0.218098 0.415717
0.409793 0.235883
0.847394 -0.764991
0.830871 -0.59533
0.210779 0.471153
0.0419748 0.754657
0.0189905 0.851708
0.846664 -0.762007
0.00733491 0.912825
