276195 550.058
0.851833 -0.773369
0 1
0.652506 -0.458263
0.823334 -0.45829
0.45388 -0.124218
0.618401 -0.124273
0.257761 0.242161
0.409314 0.242154
0.18223 0.669647
0.0830048 0.669652
0.415869 0.156873
0.414712 0.172127
0.841593 -0.728893
0.0609494 0.695742
0.6288 -0.287377
0.194884 0.589731
0.224717 0.368938
0.246277 0.259214
0.0580792 0.704958
0.839789 -0.713135
0.416956 0.142678
0.0371879 0.77541
0.0395675 0.764439
0.0224252 0.83573
0.215697 0.442842
0.641441 -0.417075
0.830704 -0.594009
0.440181 -0.0811606
0.0737654 0.675206
0.425983 0.0379241
0.22709 0.354707
0.825279 -0.497043
0.0646945 0.688114
0.410629 0.226089
0.192659 0.605168
0.629773 -0.300427
0.0250483 0.824629
0.243065 0.270499
0.649597 -0.455415
0.844992 -0.753424
0.198642 0.563681
0.00706457 0.914638
0.424781 0.0505526
0.196987 0.574833
0.411454 0.213666
0.831601 -0.607654
0.0125793 0.884123
0.414157 0.185424
0.836275 -0.672897
0.627073 -0.259214
0.0322284 0.793532
0.647212 -0.444337
0.439 -0.07318
0.622814 -0.197236
0.229328 0.340563
0.835319 -0.660416
0.833155 -0.630537
0.63058 -0.308692
0.639716 -0.406444
0.00297536 0.945725
0.827975 -0.547326
0.209764 0.480791
0.826638 -0.52113
0.186042 0.64935
0.442419 -0.0925448
0.833583 -0.637263
0.437472 -0.0637706
0.848086 -0.767117
0.00407519 0.936397
0.632805 -0.337177
0.0698424 0.679563
0.0291468 0.807019
0.0192608 0.850412
0.0106609 0.893671
0.218195 0.415056
0.631293 -0.319849
0.0214795 0.84403
0.250987 0.248206
0.830111 -0.584242
0.837526 -0.689067
0.237396 0.298527
0.838389 -0.698465
0.248559 0.253587
0.829627 -0.575028
0.0139299 0.87694
0.828573 -0.557707
0.431987 -0.021811
0.433645 -0.0294327
0.206652 0.502852
0.0555055 0.71223
0.00878343 0.904149
0.632166 -0.326872
0.0455008 0.74181
0.219293 0.40776
0.627839 -0.273958
0.431153 -0.0140488
0.446603 -0.112286
0.634856 -0.360441
0.0413624 0.757259
0.254299 0.244309
0.846285 -0.760464
0.621967 -0.179847
0.843478 -0.741474
0.450274 -0.120734
0.0305087 0.80037
0.420991 0.0937102
0.0505556 0.725052
0.190062 0.623402
0.829262 -0.565262
0.0177168 0.857714
0.238125 0.290383
0.196911 0.583766
0.0672668 0.683417
0.637584 -0.387088
0.235166 0.305291
0.622226 -0.188661
0.184033 0.664102
0.184736 0.655713
0.199756 0.556291
0.619339 -0.139732
0.211725 0.464676
0.227779 0.349461
0.409915 0.235646
0.234258 0.311157
0.836796 -0.680591
0.213972 0.448089
0.191161 0.616452
0.424617 0.0589891
0.834463 -0.64988
0.644104 -0.435149
0.436746 -0.0559735
0.418737 0.128506
0.187532 0.639357
0.444289 -0.102976
0.0159122 0.8704
0.827442 -0.537589
0.827074 -0.531068
0.832271 -0.617307
0.216672 0.426943
0.633478 -0.345955
0.00205901 0.954694
0.619706 -0.146361
0.428402 0.0131579
0.417877 0.133844
0.429443 0.00470927
0.00517227 0.928475
0.623619 -0.208733
0.00590693 0.922381
0.0278482 0.816373
0.839156 -0.706725
0.413102 0.192284
0.231038 0.333392
0.0342137 0.784952
0.618754 -0.129471
0.427067 0.0292437
0.422125 0.0801136
0.435429 -0.0496435
0.634181 -0.35232
0.220524 0.39947
0.241823 0.2749
0.047893 0.735933
0.625081 -0.232957
0.000476044 0.978216
0.419318 0.114353
0.621281 -0.17062
0.422942 0.0705809
0.0783657 0.670993
0.626153 -0.249314
0.842849 -0.737943
0.208128 0.492853
0.0163993 0.86386
0.0488111 0.731584
0.627538 -0.269622
0.635666 -0.36943
0.200692 0.549046
0.63671 -0.379772
0.18891 0.631307
0.421665 0.0852925
0.000717123 0.973205
0.0355294 0.782966
0.645383 -0.44106
0.433953 -0.0382475
0.824873 -0.487646
0.201385 0.54354
0.638437 -0.395356
0.826004 -0.510797
0.418969 0.117769
0.0524009 0.719512
0.423407 0.0661698
0.430224 -0.00514641
0.623835 -0.212935
0.216922 0.424313
0.232639 0.318813
0.0437777 0.747829
0.202417 0.537123
0.204671 0.519338
0.620872 -0.165483
0.434997 -0.0422578
0.042876 0.751134
0.1921 0.608964
0.00985215 0.899949
0.442947 -0.0974813
0.00129182 0.964136
0.446268 -0.108867
0.420159 0.103414
0.026251 0.818723
0.851018 -0.772454
0.222392 0.38531
0.625465 -0.239545
0.642627 -0.427101
0.639078 -0.399465
0.0543313 0.717651
0.412092 0.205521
0.823672 -0.465182
0.223677 0.377025
0.824226 -0.475721
0.240443 0.2822
0.824594 -0.482937
0.210625 0.472128
0.207871 0.493343
0.620269 -0.1557
0.240295 0.285169
0.624353 -0.222263
0.000123441 0.98891
0.636169 -0.3739
0.427726 0.0190264
0.834692 -0.653418
0.624483 -0.224574
0.212797 0.45549
0.205582 0.512154
0.221497 0.395041
0.823946 -0.470696
0.826009 -0.51099
0.221638 0.390033
0.427292 0.0232661
0.206204 0.510379
0.430005 -0.00136876
0.420405 0.102496
0.212549 0.457325
0.203976 0.523448
0.000105425 0.990246
0.625942 -0.245039
0.41279 0.200118
0.642784 -0.428074
0.202803 0.531837
0.832042 -0.614803
0.00155447 0.960749
0.620471 -0.157836
0.0794258 0.670404
0.451568 -0.12189
