12902 40.0038
0.852629 -0.772334
4.85723e-17 1.00166
0.620135 -0.146488
0.45309 -0.121181
0.651957 -0.449758
0.823037 -0.451139
0.258367 0.243856
0.411572 0.214249
0.182388 0.671094
0.080731 0.671805
0.640175 -0.406637
0.630119 -0.293594
0.416233 0.154227
0.422224 0.0809973
0.622542 -0.191181
0.426519 0.033888
0.428649 0.0124969
0.625801 -0.241674
0.432856 -0.0260033
0.648536 -0.445633
0.415143 0.169373
0.42244 0.0794218
0.411943 0.211752
0.62117 -0.168227
0.443955 -0.0934039
0.434988 -0.0434944
0.439825 -0.0761709
0.446872 -0.108381
0.628215 -0.271582
0.437369 -0.0588926
0.195698 0.586055
0.450578 -0.116489
0.438025 -0.0647846
0.197387 0.574306
0.627891 -0.267403
0.0119851 0.888831
0.0460887 0.742151
0.626651 -0.253132
0.415839 0.15965
0.000482241 0.980141
0.228742 0.344935
0.824003 -0.470551
0.185957 0.651513
0.0134006 0.882486
0.214757 0.443017
0.839819 -0.711953
0.826891 -0.52596
0.834732 -0.652846
0.837255 -0.684592
0.229744 0.338171
0.83529 -0.660102
0.207648 0.497167
0.834253 -0.646095
0.837903 -0.691714
0.215508 0.436453
0.0653647 0.689405
0.0164986 0.865755
0.0286478 0.811612
0.829119 -0.566064
0.840532 -0.718622
0.222467 0.386834
0.203222 0.530883
0.000213367 0.98686
0.0108309 0.895199
0.844587 -0.749758
0.219346 0.408875
0.205709 0.511734
0.226017 0.362259
0.194932 0.592205
8.76936e-05 0.994791
0.0298346 0.805413
0.227728 0.350929
0.194053 0.597897
0.00665214 0.919414
0.221619 0.392841
0.0616609 0.696688
0.835785 -0.66655
0.826444 -0.517664
0.0633543 0.692875
0.83377 -0.63904
0.841238 -0.724638
0.226893 0.356298
0.186902 0.645679
0.059796 0.700526
0.00588847 0.925071
0.184824 0.657533
0.218471 0.415077
0.200463 0.55268
0.0383507 0.770892
0.0447318 0.747564
0.0187113 0.855883
0.067289 0.685272
0.828127 -0.547248
0.213913 0.449305
0.0741125 0.675794
0.241553 0.277182
0.0178054 0.859774
0.838493 -0.697823
0.0034218 0.943991
0.00186081 0.959916
0.193327 0.604055
0.211316 0.469174
0.0361756 0.779687
0.829567 -0.572846
0.00267903 0.950725
0.0395332 0.766347
0.0716863 0.677963
0.830614 -0.591231
0.824414 -0.478422
0.21325 0.454382
0.827707 -0.540885
0.198134 0.568737
0.845839 -0.756673
0.830165 -0.58331
0.054433 0.7155
0.199517 0.558696
0.0584315 0.704761
0.2011 0.547293
0.823394 -0.458061
0.208429 0.490981
0.19096 0.61888
0.0435185 0.751481
0.216417 0.430669
0.831844 -0.610476
0.823671 -0.463703
0.832275 -0.617094
0.217907 0.420621
0.0770414 0.674609
0.833384 -0.633011
0.202355 0.537319
0.847601 -0.764247
0.824939 -0.488231
0.247571 0.258004
0.00100553 0.971209
0.0093624 0.90374
0.828707 -0.558916
0.836717 -0.678094
0.204965 0.518195
0.836311 -0.673029
0.244009 0.269207
0.210737 0.475189
0.220834 0.398608
0.82529 -0.495655
0.0224631 0.837701
0.00824587 0.910039
0.220111 0.403123
0.825918 -0.506821
0.0370871 0.775951
0.0347964 0.785517
0.225254 0.368155
0.239539 0.286056
0.626579 -0.252388
0.217049 0.425834
0.0039818 0.939008
0.224724 0.372868
0.0244845 0.829067
0.0273455 0.815994
0.242912 0.273296
0.00121245 0.968068
0.240362 0.282476
0.0216042 0.842398
0.19182 0.613254
0.249335 0.253692
0.0256589 0.824316
0.188403 0.63652
0.245206 0.2646
0.190202 0.623741
0.0199765 0.849649
0.198892 0.563361
0.8284 -0.554015
0.0235934 0.833145
0.234609 0.310275
0.848919 -0.768437
0.0528914 0.719782
0.23376 0.31485
0.00765902 0.91357
0.0569904 0.708615
0.201829 0.541616
0.0478139 0.736208
0.238333 0.291498
0.825557 -0.50035
0.192401 0.608838
0.0519153 0.723
0.187664 0.640267
0.232917 0.319473
0.183452 0.665652
0.0557776 0.711832
0.253848 0.246268
0.832922 -0.627115
0.0330957 0.792497
0.826144 -0.512465
0.0265306 0.820295
0.255571 0.245071
0.0156497 0.871073
0.252404 0.250576
0.829882 -0.578755
0.212459 0.460441
0.0496851 0.729608
0.040668 0.761481
0.850473 -0.771037
0.009951 0.900032
0.842953 -0.73862
0.237018 0.298113
0.246436 0.261265
0.0422363 0.756212
0.830922 -0.595929
0.0142883 0.877445
0.832606 -0.622636
0.223331 0.38079
0.206845 0.503518
0.0506314 0.727411
0.846522 -0.759798
0.212001 0.463469
0.843862 -0.745385
0.183922 0.662062
0.00516879 0.931114
0.82467 -0.48334
0.00224143 0.955805
0.223676 0.378009
0.204012 0.525198
0.209909 0.479702
0.236038 0.30277
0.0205766 0.846826
0.231782 0.326836
0.206513 0.506117
0.033944 0.788358
0.0482871 0.734183
0.0792612 0.672805
0.235482 0.305664
0.831463 -0.605002
0.00475246 0.933621
0.831239 -0.601361
0.842095 -0.732331
0.0310075 0.801308
0.189245 0.630555
0.0699893 0.681435
0.451863 -0.120469
0.209073 0.486254
0.839157 -0.705311
0.23212 0.323704
0.827243 -0.532169
0.82741 -0.5346
0.0320187 0.796336
0.250603 0.251278
0.841879 -0.730711
0.0692354 0.682829
0.237702 0.294716
0.0148752 0.874169
0.204435 0.522598
0.838985 -0.703899
