38465 60.0152
0.853016 -0.769099
8.15951e-05 1.3239
0.604997 0.132054
0.253142 0.250193
0.651976 -0.453503
0.82339 -0.45426
0.000278096 1.20525
0.189029 0.63666
0.0784148 0.678082
0.00346958 0.954022
0.610135 0.0327335
0.616229 -0.0811797
0.220195 0.408272
0.194777 0.598309
0.621445 -0.169687
0.211846 0.472288
0.211494 0.481204
0.625901 -0.239082
0.202801 0.538525
0.633931 -0.341703
0.240381 0.29268
0.25007 0.257565
0.609125 0.0824623
0.643841 -0.425888
0.640742 -0.401069
0.00474525 0.942222
0.63712 -0.372966
0.190216 0.633477
0.200341 0.560267
0.619491 -0.132294
0.618231 -0.115635
0.00924075 0.913825
0.606989 0.0979056
0.235741 0.311716
0.631187 -0.309738
0.620668 -0.157348
0.232261 0.329818
0.0253652 0.83217
0.2241 0.383523
0.226716 0.363227
0.0140304 0.886116
0.647556 -0.444469
0.638061 -0.38541
0.238527 0.301263
0.618108 -0.089052
0.629118 -0.286919
0.0217196 0.850182
0.226041 0.383187
0.230549 0.34061
0.0168702 0.870046
0.630569 -0.304204
0.22851 0.349949
0.033916 0.793304
0.608506 0.0957585
0.62803 -0.261843
0.626869 -0.253182
0.0121082 0.896895
0.628162 -0.270641
0.0364688 0.786655
0.628829 -0.278689
0.62634 -0.245443
0.0112855 0.898918
0.0273647 0.824445
0.201535 0.553437
0.649948 -0.448936
0.252429 0.251417
0.229775 0.348253
0.0190496 0.861402
0.0172024 0.869756
0.00979323 0.907492
0.0491199 0.7371
0.0319591 0.807144
0.616781 -0.0888268
0.0331389 0.800159
0.202439 0.544622
0.0371272 0.782442
0.0692704 0.687011
0.0449576 0.751184
0.0278609 0.822018
0.201897 0.54819
0.0417125 0.763948
0.040965 0.767259
0.0577028 0.710131
0.0746476 0.683137
0.0478904 0.741899
0.0290926 0.817622
0.0776962 0.680348
0.0755361 0.681351
0.0716196 0.685125
0.0207616 0.85614
0.0403418 0.771388
0.0325442 0.802049
0.200474 0.560113
0.0385244 0.779926
0.0463125 0.749995
0.0620292 0.702576
0.651163 -0.450816
0.0597353 0.708883
0.0191829 0.860576
0.0719651 0.683366
0.0538117 0.724713
0.044156 0.755815
0.0515649 0.731191
0.0393712 0.773467
0.0474325 0.747583
0.0659995 0.694754
0.0572991 0.713686
0.830785 -0.589535
0.0306704 0.809953
0.0293208 0.81512
0.828527 -0.552156
0.0428247 0.760942
0.0602787 0.704319
0.0521555 0.727198
0.0387273 0.776667
0.832533 -0.616099
0.0301488 0.811463
0.0623373 0.699757
0.832281 -0.612393
0.829333 -0.566305
0.829121 -0.562583
0.0566433 0.716541
0.836666 -0.672838
0.830527 -0.584729
0.0673664 0.693047
0.828006 -0.54273
0.838988 -0.69923
0.0499826 0.734525
0.842726 -0.733153
0.825205 -0.489051
0.0547081 0.720932
0.844605 -0.74468
0.826072 -0.50576
0.838583 -0.696129
0.826189 -0.51001
0.826908 -0.52119
0.828745 -0.555759
0.836362 -0.669354
0.828903 -0.559058
0.00974299 0.908996
0.832696 -0.619908
0.0688796 0.689579
0.839272 -0.702554
0.83527 -0.655969
0.831979 -0.609103
0.835117 -0.652219
0.823605 -0.457452
0.838111 -0.689798
0.839925 -0.708329
0.838308 -0.693
0.830978 -0.592411
0.839541 -0.705466
0.827905 -0.539077
0.827504 -0.533531
0.823771 -0.460866
0.840163 -0.711463
0.840779 -0.71712
0.0505207 0.73249
0.846805 -0.758187
0.0676086 0.690572
0.840488 -0.714241
0.825094 -0.485711
0.833129 -0.625938
0.0562926 0.719409
0.824148 -0.466731
0.841226 -0.719675
0.835525 -0.658792
0.836162 -0.666321
0.842191 -0.730357
0.064822 0.695954
0.832947 -0.622746
0.824571 -0.477551
0.849309 -0.765657
0.830116 -0.579306
0.630687 -0.306793
0.833249 -0.62917
0.831902 -0.605752
0.825904 -0.5028
0.845555 -0.751215
0.825378 -0.49301
0.827012 -0.525167
0.0637931 0.698498
0.846412 -0.755427
0.827395 -0.529571
0.843226 -0.735832
0.837841 -0.686618
0.848639 -0.763717
0.824476 -0.474382
0.826429 -0.512776
0.837668 -0.684015
0.047711 0.744229
0.843997 -0.742438
0.823957 -0.463907
0.847517 -0.759928
0.83459 -0.646879
0.831196 -0.595911
0.834797 -0.649568
0.850055 -0.767311
0.831597 -0.603022
0.829959 -0.576362
0.841446 -0.722633
0.0528608 0.725816
0.848091 -0.761789
0.841778 -0.724872
0.827747 -0.536034
0.842078 -0.727618
0.828372 -0.547971
0.830329 -0.582514
0.0212376 0.851517
0.845818 -0.75372
0.833833 -0.635647
0.828245 -0.546365
0.826769 -0.517914
0.825713 -0.499654
0.829816 -0.57348
0.826578 -0.515876
0.851751 -0.768238
0.0598264 0.705817
0.824702 -0.480912
0.0208232 0.854368
0.824867 -0.482711
0.0433798 0.759372
0.836881 -0.676244
0.829586 -0.569791
0.843699 -0.740112
0.83589 -0.661578
0.0436318 0.757346
0.843544 -0.738025
0.831409 -0.600371
0.837321 -0.681085
0.835901 -0.663358
0.0549287 0.719494
0.827194 -0.52741
0.83434 -0.643971
0.851044 -0.767997
0.0645339 0.698256
0.845048 -0.747806
0.824255 -0.470326
0.831359 -0.598181
0.825462 -0.495354
0.834286 -0.642403
0.825599 -0.497449
0.833576 -0.631887
0.834164 -0.639451
0.845164 -0.748353
0.83408 -0.638211
0.824296 -0.471369
0.83378 -0.632733
0.837163 -0.679827
0.837109 -0.677316
