165526 540.088
0.851833 -0.773369
1.88638e-16 1
0.652512 -0.458263
0.823332 -0.458265
0.618397 -0.124218
0.453882 -0.124218
0.257762 0.242161
0.409314 0.242161
0.0830015 0.669652
0.182229 0.669652
0.844348 -0.749959
0.202797 0.531873
0.847297 -0.763757
0.831082 -0.600208
0.187933 0.63604
0.0196304 0.848538
0.0286979 0.808111
0.0169116 0.861387
0.248782 0.252622
0.211728 0.464323
0.419264 0.113971
0.834173 -0.646486
0.645398 -0.440957
0.6266 -0.256239
0.190539 0.619332
0.418505 0.123259
0.438352 -0.0714075
0.189215 0.627901
0.823789 -0.467554
0.203984 0.522892
0.834871 -0.656043
0.0392382 0.764897
0.638958 -0.39925
0.0145209 0.873101
0.410588 0.225159
0.425378 0.0434556
0.21015 0.475695
0.426227 0.0343563
0.184051 0.659399
0.427076 0.0254897
0.242999 0.269906
0.61987 -0.149619
0.84316 -0.742008
0.205074 0.514594
0.214796 0.444558
0.222833 0.381466
0.215508 0.43488
0.237916 0.291255
0.436552 -0.0588758
0.440121 -0.082497
0.837637 -0.690468
0.00209367 0.954106
0.00455505 0.931859
0.0300855 0.802161
0.622432 -0.192165
0.00879008 0.903848
0.218272 0.414276
0.208471 0.492659
0.832557 -0.623089
0.0362159 0.776822
0.075183 0.672949
0.630977 -0.315949
0.043582 0.748538
0.0127162 0.882305
0.0343404 0.784422
0.835591 -0.665544
0.433518 -0.0351126
0.829427 -0.572872
0.409858 0.23489
0.642059 -0.423467
0.0783984 0.670799
0.828091 -0.549552
0.245971 0.260042
0.624323 -0.221115
0.637876 -0.39083
0.826194 -0.514663
0.830425 -0.589556
0.631832 -0.326555
0.186172 0.646881
0.196799 0.576136
0.0610938 0.695501
0.848611 -0.768981
0.00564896 0.923843
0.0634827 0.69017
0.240063 0.2816
0.624823 -0.228787
0.0104718 0.895544
0.421187 0.0909057
0.432537 -0.0267272
0.62314 -0.203532
0.825645 -0.504185
0.19396 0.596172
0.830033 -0.583077
0.630463 -0.309405
0.632326 -0.33245
0.411794 0.209176
0.206883 0.500767
0.219249 0.407106
0.0474754 0.734876
0.411264 0.216191
0.0261702 0.819055
0.42014 0.10339
0.431765 -0.0199211
0.0318992 0.794518
0.201029 0.545792
0.0535654 0.715328
0.251472 0.247327
0.0376348 0.771188
0.427946 0.01655
0.227028 0.353096
0.221771 0.388947
0.22919 0.341498
0.226208 0.358482
0.00763552 0.910804
0.82856 -0.557855
0.444187 -0.103276
0.414638 0.172271
0.206252 0.506612
0.417705 0.133179
0.635075 -0.363323
0.0246767 0.825664
0.824323 -0.478279
0.19536 0.586541
0.618985 -0.134437
0.628192 -0.279027
0.00298163 0.945117
0.224077 0.372844
0.00663766 0.917154
0.421922 0.0823029
0.619298 -0.139742
0.185586 0.650397
0.450177 -0.121123
0.621526 -0.177353
0.828995 -0.56545
0.647089 -0.448731
0.424552 0.0524696
0.0231615 0.832406
0.622028 -0.185603
0.0160422 0.865595
0.429855 -0.00223553
0.635867 -0.371625
0.637438 -0.382999
0.413624 0.185188
0.625351 -0.237836
0.00356656 0.939881
0.417293 0.138303
0.831883 -0.612816
0.230498 0.331333
0.435086 -0.0478048
0.643649 -0.433155
0.0656216 0.685957
0.83345 -0.636252
0.228329 0.344744
0.244985 0.264167
0.446172 -0.110908
0.62112 -0.170648
0.19998 0.552937
0.434429 -0.0425841
0.199201 0.558679
0.826908 -0.52803
0.825017 -0.491995
0.44327 -0.0991857
0.627746 -0.272778
0.428561 0.0103754
6.89028e-05 0.991699
0.639957 -0.408291
0.232842 0.317648
0.000231003 0.984803
0.000521561 0.977154
0.234223 0.309995
0.415605 0.163303
0.648811 -0.453846
0.429258 0.00351995
0.0591083 0.700174
0.0330015 0.78993
0.620398 -0.158566
0.824578 -0.483353
0.827582 -0.540381
0.232278 0.321478
0.220249 0.399845
0.414176 0.178021
0.833185 -0.632398
0.640795 -0.414685
0.41248 0.200138
0.826567 -0.521679
0.235943 0.30096
0.439041 -0.0758647
0.0517013 0.721084
0.836885 -0.681664
0.420629 0.098466
0.415665 0.159039
0.636425 -0.377186
0.625854 -0.245364
0.634045 -0.352314
0.836186 -0.6731
0.63317 -0.342364
0.840462 -0.719776
0.84206 -0.733637
0.0715965 0.676685
0.448687 -0.118147
0.436086 -0.0554417
0.423483 0.0645082
0.422915 0.0708478
0.623661 -0.211779
0.220866 0.395405
0.182866 0.66612
0.217118 0.422867
0.0553011 0.710304
0.197942 0.567881
0.416579 0.147312
0.00140912 0.962399
0.236952 0.295906
0.827339 -0.535965
0.212631 0.456704
0.0413305 0.756894
0.416349 0.150187
0.208949 0.484915
0.071117 0.678758
0.620669 -0.163118
0.230923 0.328779
0.422431 0.0764101
0.0485159 0.731495
0.841206 -0.72648
0.825316 -0.497692
0.191818 0.610794
0.0451317 0.742953
0.195877 0.582724
0.441645 -0.0910835
0.634474 -0.357027
0.838414 -0.699108
0.628959 -0.289542
0.0415605 0.756028
0.241071 0.277364
0.643046 -0.429614
0.0129871 0.880886
0.413075 0.192347
0.0577309 0.703691
0.192078 0.609043
0.224996 0.366713
0.234887 0.306443
0.00086011 0.970649
0.44699 -0.113491
0.213341 0.451292
0.216518 0.427302
0.0206275 0.843926
0.628832 -0.287808
0.430878 -0.0118517
0.629676 -0.299139
0.0502275 0.727102
0.629733 -0.299892
