71932 110.007
0.851571 -0.773316
5.57073e-21 1.00131
0.82368 -0.458744
0.650684 -0.457158
0.452563 -0.123735
0.619246 -0.136498
0.410655 0.237187
0.258124 0.242764
0.0812675 0.669836
0.183232 0.66839
0.412036 0.220552
0.227726 0.349488
0.215663 0.450634
0.234885 0.306662
0.414042 0.19444
0.417197 0.155929
0.225405 0.369753
0.0237947 0.82961
0.188691 0.633118
0.433921 -0.0384014
0.427976 0.0183615
0.414088 0.180439
0.190103 0.622174
0.620089 -0.153309
0.225867 0.36076
0.638611 -0.392905
0.620951 -0.164851
0.224093 0.383968
0.424643 0.051561
0.217383 0.421578
0.00125663 0.968554
0.229487 0.338616
0.0213482 0.840637
0.422277 0.0782664
0.00028914 0.983001
0.202576 0.53925
0.631486 -0.322267
0.829182 -0.564043
0.00255243 0.950199
0.208 0.499536
0.23344 0.315776
0.445423 -0.10133
0.826161 -0.513095
0.241566 0.275386
0.076255 0.672112
0.246212 0.274144
0.00696577 0.915097
0.428909 0.00696511
0.246608 0.263258
0.212897 0.456611
0.630882 -0.311263
0.208785 0.487636
0.623172 -0.199543
0.203721 0.525956
0.64378 -0.433809
0.191433 0.613381
0.632426 -0.331631
0.637267 -0.384805
0.186034 0.647724
0.212509 0.466315
0.625852 -0.242339
0.233074 0.326387
0.636326 -0.376077
0.435348 -0.0497757
0.00156254 0.961298
0.193161 0.606884
0.828441 -0.555744
0.423579 0.0633569
0.425704 0.0399972
0.0459147 0.743446
0.630214 -0.302801
0.823977 -0.468874
0.238458 0.297461
0.628827 -0.285548
0.825826 -0.501924
0.199732 0.557692
0.0287191 0.809616
0.417289 0.1398
0.211693 0.475551
0.0474869 0.734747
0.64597 -0.441031
0.00337987 0.941533
0.0421694 0.754228
0.0257202 0.822971
0.415312 0.171549
0.441572 -0.0787903
0.187023 0.641947
0.629592 -0.293134
0.621841 -0.174428
0.0166679 0.866415
0.826773 -0.522891
0.00852486 0.905868
0.0739764 0.677395
0.628354 -0.275066
0.441782 -0.0897585
0.419562 0.124316
0.82966 -0.576786
0.231217 0.332542
0.247823 0.25513
0.0681569 0.683226
0.419694 0.112397
0.0377377 0.773628
0.0270285 0.816047
0.415917 0.163949
0.0344658 0.785471
0.643012 -0.425277
0.62697 -0.250213
0.627235 -0.25881
0.426802 0.028371
0.622803 -0.188241
0.252768 0.246435
0.442792 -0.0960345
0.20551 0.512687
0.446374 -0.111573
0.834063 -0.644926
0.82788 -0.545714
0.19461 0.591688
0.439038 -0.0752557
0.24985 0.250311
0.633931 -0.347196
0.0491714 0.729751
0.185936 0.661245
0.00434041 0.933556
0.215729 0.433533
0.633039 -0.340656
0.623978 -0.20779
0.0357436 0.778724
0.628025 -0.267335
0.836692 -0.678998
0.0437779 0.747854
0.620065 -0.141263
0.413788 0.206885
0.832793 -0.624823
0.199516 0.570336
0.0188548 0.853364
0.0655081 0.689283
0.206564 0.506534
0.647134 -0.44722
0.83665 -0.669489
0.218669 0.41371
0.432207 -0.0167752
0.0405523 0.761438
0.0336904 0.793864
0.449907 -0.120566
0.0107571 0.894525
0.193803 0.597275
0.222171 0.397497
0.209792 0.481163
0.436898 -0.0533755
0.831613 -0.603112
0.0389869 0.765873
0.0699385 0.678883
0.0202607 0.846289
0.844063 -0.748106
0.0305503 0.802811
0.639525 -0.404903
0.0174495 0.858813
0.223371 0.39013
0.051051 0.723308
0.839621 -0.711619
0.649255 -0.452515
0.413696 0.212217
0.827347 -0.530663
0.0123451 0.888087
0.838971 -0.704904
0.635464 -0.367352
0.830908 -0.596705
0.420468 0.10658
0.204548 0.521405
0.201322 0.544556
0.198346 0.573217
0.635156 -0.355205
0.840414 -0.719305
0.830374 -0.588597
0.0129223 0.881805
0.42071 0.0974864
0.20056 0.551934
0.421313 0.0918541
0.447714 -0.115618
0.827626 -0.53842
0.438822 -0.0606401
0.239719 0.283406
0.83191 -0.612676
0.0095117 0.900404
0.418985 0.130687
0.837536 -0.686232
0.622135 -0.182478
0.220855 0.403042
0.42971 -0.000481761
0.0524308 0.719084
0.421832 0.0834025
0.0316368 0.797839
0.835501 -0.663151
0.216239 0.433122
0.624716 -0.220887
0.220264 0.40927
0.00628752 0.923687
0.845401 -0.755638
0.825003 -0.490454
0.438936 -0.0652756
0.0583393 0.708388
0.431018 -0.011286
0.433861 -0.0267723
0.256493 0.244962
0.195933 0.582692
0.842584 -0.736642
0.838575 -0.696622
0.0543971 0.714682
0.624217 -0.216054
0.843211 -0.742299
0.834561 -0.651708
0.0553845 0.710554
0.197085 0.582037
0.841706 -0.730653
0.640894 -0.415369
0.625691 -0.231467
0.641442 -0.419282
0.059999 0.698741
0.0149046 0.873565
0.0622328 0.695525
0.841433 -0.724547
0.424362 0.0617478
0.832616 -0.617041
0.00524776 0.926701
0.426801 0.0351967
0.824963 -0.479901
0.430476 -0.00546471
0.43251 -0.0264851
0.835018 -0.657475
0.640043 -0.407742
0.830034 -0.581977
0.849497 -0.770105
0.825172 -0.494539
0.0592119 0.703521
0.824692 -0.477394
0.0633162 0.691485
0.635332 -0.361033
0.18477 0.663859
0.84819 -0.767132
0.418495 0.138058
0.239612 0.28739
0.624859 -0.23001
0.838201 -0.691793
0.846855 -0.762936
0.238539 0.293566
0.834051 -0.633732
0.0140972 0.875229
6.56688e-05 0.993509
0.833601 -0.633447
0.000111143 0.989786
