14017 20.0024
0.852481 -0.772789
9.83594e-25 1
0.452312 -0.1183
0.620087 -0.131042
0.824006 -0.4555
0.653282 -0.451809
0.254545 0.251393
0.411539 0.233674
0.183895 0.662385
0.0787465 0.670926
0.416472 0.16609
0.199435 0.557113
0.193269 0.61278
0.429606 0.00471542
0.436048 -0.0544027
0.433166 -0.0269571
0.415744 0.197966
0.22509 0.387231
0.433039 -0.0185889
0.826548 -0.518568
0.204006 0.523671
0.420588 0.125971
0.441844 -0.0757585
0.620801 -0.149145
0.0314514 0.796566
0.191835 0.635032
0.444323 -0.0948195
0.243814 0.272417
0.825704 -0.48886
0.249862 0.271092
0.413874 0.225982
0.422451 0.109917
0.413999 0.201821
0.195232 0.594232
0.0280189 0.812369
0.206578 0.505492
0.225247 0.368567
0.252724 0.255979
0.0419639 0.756181
0.0267609 0.828389
0.20191 0.538647
0.643801 -0.427575
0.241328 0.289035
0.446761 -0.104656
0.640088 -0.408008
0.0355041 0.779818
0.639919 -0.387017
0.197713 0.579478
0.424962 0.0589871
0.626247 -0.236716
0.637026 -0.372217
0.418525 0.139205
0.824091 -0.465129
0.628121 -0.255279
0.231506 0.336786
0.44023 -0.0660472
0.235543 0.329121
0.429056 0.0163558
0.18694 0.658805
0.0406507 0.76842
0.231047 0.351362
0.824552 -0.479744
0.422928 0.09794
0.0296146 0.804168
0.621959 -0.164032
0.219029 0.427383
0.220834 0.399835
0.41788 0.152552
0.62948 -0.28433
0.630613 -0.296251
0.631052 -0.310853
0.220369 0.414085
0.626535 -0.248892
0.212196 0.480164
0.624049 -0.213995
0.187821 0.646936
0.0450628 0.748224
0.236312 0.3133
0.0778474 0.675056
0.623292 -0.19984
0.227232 0.362238
0.428518 0.0262968
0.829017 -0.565659
0.637587 -0.385728
0.216947 0.438359
0.646461 -0.436511
0.625821 -0.223604
0.00216344 0.953505
0.438912 -0.0575206
0.643056 -0.414901
0.0712184 0.677177
0.828668 -0.551869
0.632164 -0.315586
0.424539 0.0732147
0.632566 -0.327796
0.636981 -0.36083
0.010774 0.89277
0.238172 0.306399
0.203881 0.537466
0.0379301 0.771291
0.423137 0.0883182
0.229606 0.356026
0.212495 0.468472
0.211753 0.489318
0.831233 -0.591402
0.634069 -0.342254
0.196587 0.589509
0.830716 -0.582419
0.0145565 0.872955
0.0596644 0.704621
0.00282242 0.946881
0.647982 -0.445965
0.839813 -0.708409
0.840461 -0.718813
0.0133269 0.880966
0.0019828 0.96558
0.827543 -0.539229
0.208961 0.492153
0.0126897 0.886578
0.239868 0.296592
0.65089 -0.451267
0.83253 -0.618797
0.00561281 0.925861
0.628758 -0.270346
0.628541 -0.26987
0.0100317 0.900582
0.425268 0.0451887
0.219815 0.421513
0.235341 0.335598
0.832441 -0.607698
0.62229 -0.175338
0.0174338 0.865049
0.4276 0.0363317
0.833843 -0.630327
0.622765 -0.183709
0.220794 0.40103
0.0518745 0.721707
0.828508 -0.546571
0.635905 -0.354787
0.837098 -0.679817
0.446504 -0.101779
0.844707 -0.744852
0.418016 0.146571
0.0683496 0.683028
0.0672094 0.687899
0.845654 -0.750969
0.060984 0.69811
0.425115 0.0473116
0.0232464 0.835028
0.837606 -0.683275
0.0224648 0.844562
0.630343 -0.289701
0.000426628 0.985593
0.0475377 0.745609
0.831423 -0.599567
0.216547 0.443006
0.0529662 0.717248
0.0244843 0.834342
0.0170425 0.870558
0.215798 0.450017
0.050251 0.739589
0.83062 -0.574405
0.0574394 0.708706
0.0368249 0.779673
0.00407172 0.939763
0.834257 -0.640723
0.00471609 0.930966
0.624385 -0.219912
0.83673 -0.670185
0.0182782 0.8576
0.642028 -0.41097
0.423494 0.0802273
0.050957 0.732499
0.0555177 0.715256
0.0514693 0.729122
0.647473 -0.440664
0.412913 0.233293
0.834732 -0.647623
0.197317 0.580137
0.208913 0.500683
0.839065 -0.704056
0.829581 -0.570943
0.213217 0.463486
0.622024 -0.169531
0.83891 -0.697919
0.428279 0.0360194
0.837902 -0.692518
0.827452 -0.531454
0.0704968 0.680047
0.8495 -0.765307
0.190052 0.642288
0.00773573 0.911592
0.0496743 0.743709
0.847743 -0.762274
0.0643773 0.68945
0.062668 0.6964
0.825298 -0.485681
0.00983824 0.907009
0.00650244 0.918253
0.623095 -0.189062
0.623248 -0.193935
0.826894 -0.524454
0.633715 -0.33299
0.238011 0.312229
0.846268 -0.756247
0.241286 0.295784
0.0560616 0.710933
0.843719 -0.740111
0.0631995 0.69115
0.842236 -0.729227
0.842785 -0.733409
0.831856 -0.604163
0.00428936 0.936427
0.833474 -0.622014
0.0208391 0.852952
0.0197921 0.856701
0.834838 -0.654203
0.635198 -0.348436
0.208361 0.503274
0.214592 0.460799
0.189917 0.642775
0.21476 0.453168
0.00713132 0.917693
0.000448035 0.978952
0.423784 0.0766244
0.00106556 0.972599
0.846446 -0.760031
0.833682 -0.626506
0.836168 -0.662409
0.841102 -0.723334
0.00829642 0.908391
0.836616 -0.667544
0.00143078 0.969364
0.842888 -0.738126
0.850759 -0.769796
0.0221122 0.851436
0.841534 -0.725553
0.827084 -0.528316
0.835729 -0.655441
0.214726 0.457026
0.834326 -0.642721
0.835933 -0.659947
0.635706 -0.348558
5.13966e-05 0.997274
0.000944277 0.977466
0.0222991 0.847389
0.633696 -0.332197
0.838544 -0.693193
0.849943 -0.769465
6.2628e-05 0.992424
