83784 250.038
0.851309 -0.770641
8.72887e-08 1.03613
0.823388 -0.455566
0.45368 -0.121238
0.653309 -0.455554
0.618645 -0.123304
0.409411 0.244886
0.258331 0.245028
0.0840617 0.673116
0.182497 0.672635
0.219111 0.413253
0.43522 -0.0415243
9.52626e-08 1.01991
0.437178 -0.0582024
0.431057 -0.00920507
0.221315 0.39835
0.0672179 0.688469
0.0624718 0.697158
0.830238 -0.580342
0.623364 -0.202178
0.625904 -0.241159
0.636587 -0.374459
0.621077 -0.163967
0.628243 -0.27129
6.71931e-07 1.00664
0.225443 0.368734
0.432507 -0.0215659
0.417736 0.139549
0.227843 0.356155
0.0296034 0.809879
0.00502642 0.933566
0.833776 -0.635235
0.420806 0.0989603
0.422923 0.0764598
0.205512 0.517496
0.190236 0.626889
0.622824 -0.18725
0.429934 0.00229804
0.21029 0.479687
0.418637 0.12629
0.83449 -0.64571
0.425516 0.0500117
0.829383 -0.564121
0.824322 -0.473075
0.0317911 0.801419
0.0485982 0.737238
0.0206299 0.853126
0.624111 -0.212422
0.0277932 0.817329
0.835146 -0.655675
0.415472 0.166203
0.191755 0.617556
0.632924 -0.333973
0.62472 -0.223667
0.206927 0.5066
0.187674 0.643158
0.837061 -0.673286
0.18888 0.635252
0.836022 -0.664611
0.186431 0.651894
0.847204 -0.758414
0.0799398 0.674765
0.440253 -0.0718386
0.230388 0.337513
0.000221612 0.994759
0.0219952 0.84417
0.231731 0.328819
0.639672 -0.400674
0.837355 -0.683503
0.832123 -0.607295
0.211482 0.471418
0.440605 -0.0810497
0.849143 -0.766286
0.0259385 0.824395
0.0175805 0.865615
0.646334 -0.440798
0.233024 0.321876
0.832979 -0.624933
0.6446 -0.434509
0.194061 0.60226
0.831335 -0.598552
0.0761608 0.677858
0.830649 -0.589809
0.423998 0.0635592
0.200572 0.55479
0.413448 0.191896
0.629743 -0.293754
0.627349 -0.261523
0.00811867 0.911663
0.192629 0.609875
0.438191 -0.0646766
0.224696 0.375005
0.41013 0.236644
0.838191 -0.69204
0.0363747 0.782788
0.00691847 0.923087
0.826502 -0.514847
0.828812 -0.553453
0.00199128 0.961904
0.420122 0.109318
0.237021 0.300469
0.184921 0.658968
0.0529159 0.72365
0.823995 -0.461789
0.245366 0.267876
0.0468159 0.74406
0.0331417 0.794765
0.410844 0.227833
0.621594 -0.173944
0.00131635 0.969289
0.832693 -0.616803
0.19505 0.594391
0.826127 -0.50617
0.827524 -0.531194
0.208992 0.489549
0.633749 -0.342686
0.635682 -0.361289
0.239859 0.287852
0.414197 0.182479
0.824851 -0.482618
0.213834 0.451607
0.41717 0.148507
0.241097 0.282245
0.4148 0.175521
0.00414073 0.94128
0.0185107 0.859183
0.839929 -0.706136
0.00964242 0.903236
0.195956 0.586838
0.236188 0.310895
0.0345793 0.787864
0.183988 0.666312
0.198679 0.569133
0.00101566 0.979291
0.0253151 0.832976
0.216671 0.431928
0.238289 0.295622
0.204177 0.524607
0.827007 -0.5242
0.634403 -0.350172
0.648373 -0.447253
0.42616 0.0395047
0.199627 0.562594
0.632159 -0.324061
0.421776 0.0889049
0.0448204 0.748704
0.023066 0.837026
0.411333 0.219726
0.620309 -0.150182
0.642616 -0.421357
0.412015 0.212248
0.838862 -0.700348
0.235782 0.316679
0.82555 -0.497441
0.248516 0.258649
0.254788 0.247203
0.619594 -0.137571
0.643342 -0.426442
0.0133196 0.884942
0.429131 0.0101327
0.000489588 0.986329
0.841793 -0.723288
0.250976 0.253557
0.229307 0.34506
0.433445 -0.0295957
0.203133 0.537122
0.844331 -0.744528
0.222265 0.390783
0.424734 0.0597681
0.650162 -0.451132
0.63797 -0.383215
0.054813 0.717117
0.843082 -0.736103
0.82543 -0.489958
0.0728397 0.680288
0.619151 -0.132594
0.63872 -0.393824
0.0412843 0.762976
0.0436878 0.755713
0.626867 -0.253948
0.21252 0.463325
0.622033 -0.181407
0.247042 0.262805
0.00296156 0.952969
0.445201 -0.102219
0.427435 0.027005
0.218054 0.422464
0.434031 -0.0352304
0.630508 -0.305225
0.0159877 0.874653
0.631256 -0.315084
0.444214 -0.0984307
0.842419 -0.732123
0.641392 -0.409377
0.442433 -0.0882018
0.215598 0.440217
0.0606659 0.70323
0.426762 0.0342637
0.0381305 0.775441
0.21517 0.444105
0.0404296 0.771524
0.0579403 0.708967
0.422351 0.0839401
0.626623 -0.247107
0.0559515 0.713587
0.203633 0.532079
0.208348 0.501574
0.641416 -0.412498
0.213229 0.459182
0.252909 0.250997
0.449846 -0.117881
0.413031 0.200348
0.629063 -0.283715
0.845865 -0.751604
0.228233 0.349856
0.00324883 0.948755
0.84052 -0.715786
0.620133 -0.14792
0.197569 0.577023
0.41302 0.205335
0.442961 -0.091415
0.0074549 0.918818
0.447009 -0.108299
0.0125777 0.891125
0.635023 -0.358442
0.223439 0.384628
0.0512098 0.730934
0.828099 -0.54197
0.428386 0.016236
0.208373 0.495015
0.0706592 0.685675
0.1971 0.57987
0.630205 -0.301645
0.428058 0.0212468
0.0149845 0.878945
0.447754 -0.110767
0.243276 0.274302
0.242807 0.27507
0.624699 -0.221737
0.217383 0.425333
0.201878 0.545235
0.416325 0.156611
0.0420595 0.75886
0.201759 0.546587
0.011993 0.901009
0.638066 -0.387879
0.419414 0.119733
0.827939 -0.541624
0.419587 0.116109
0.829182 -0.55953
