295264 180.005
2.18399e-10 1.71346
0.0169727 1.07571
0.435858 0.0857343
0.187586 0.795725
0.6231 -0.0608324
0.838962 -0.59145
0.623095 -0.0395036
0.65397 -0.336592
5.41612e-06 1.16885
0.838928 -0.572119
0.18757 0.797487
0.0481336 0.936228
0.632385 -0.203702
0.0476196 0.944576
0.632384 -0.201761
0.844134 -0.608697
0.216749 0.611164
0.216752 0.593487
0.431015 0.119194
0.239139 0.432623
0.214979 0.620061
0.632391 -0.214383
0.831905 -0.501611
0.0481629 0.913825
0.454974 0.00921331
0.205802 0.66355
0.621337 -0.0382004
5.12315e-06 1.18902
0.41835 0.25444
0.237079 0.434668
0.0081574 1.08095
0.0081554 1.09503
0.224229 0.549557
0.84643 -0.645603
0.626608 -0.138406
0.624292 -0.0903625
0.62429 -0.0833735
0.00628897 1.14189
0.430984 0.12122
0.00628926 1.12575
0.626594 -0.135645
0.831478 -0.497941
0.837375 -0.569262
0.411455 0.357623
0.411424 0.365313
0.184486 0.820142
0.641137 -0.292593
0.443804 0.0326166
0.430425 0.121545
0.416562 0.340714
0.0733063 0.848205
0.416561 0.350627
0.443811 0.0316481
0.225255 0.506069
0.0732988 0.857401
0.0355164 0.947508
0.0733085 0.84293
0.848668 -0.646897
0.632924 -0.22639
0.826842 -0.422518
0.443747 0.0361587
0.4392 0.050368
0.632842 -0.221322
0.202013 0.697678
0.416498 0.357421
0.647789 -0.32819
0.647785 -0.323129
0.647774 -0.313829
0.834306 -0.5114
0.423981 0.198169
0.41925 0.236487
0.0354771 0.952943
0.224708 0.50961
0.418214 0.279274
0.204974 0.67288
0.418205 0.338327
0.248115 0.401065
0.422208 0.230695
0.435596 0.0906807
1.11662e-09 1.24763
0.82577 -0.394612
0.438368 0.0698257
0.0501863 0.898492
0.458971 0.00869826
0.188492 0.779227
0.441348 0.0489081
0.82572 -0.38276
0.188491 0.791966
0.426786 0.170634
0.211614 0.633641
0.211608 0.640241
0.639084 -0.260154
5.42015e-07 1.22248
0.629306 -0.151902
0.0730357 0.862263
0.0730352 0.878369
0.0730354 0.867481
0.63903 -0.256267
0.0556518 0.878416
0.259678 0.394362
0.826714 -0.395748
0.849596 -0.660009
0.849583 -0.65317
0.437011 0.075327
0.841177 -0.593129
7.73256e-07 1.19818
0.23569 0.456278
0.437015 0.0705911
0.436959 0.0805918
0.212245 0.627881
0.212254 0.624755
0.634325 -0.234966
0.829196 -0.44595
0.204151 0.676251
0.836782 -0.555045
0.436852 0.0853134
0.627145 -0.14505
0.204141 0.692408
0.204127 0.694076
0.201431 0.736782
0.20722 0.659066
0.630761 -0.161763
0.221345 0.560696
0.0449234 0.944868
0.644234 -0.305729
0.842506 -0.603853
0.644194 -0.294246
1.06483e-09 1.54918
0.632262 -0.173747
0.252 0.398209
0.434713 0.0962653
0.835535 -0.540276
0.0304416 0.986478
0.190489 0.776541
0.434691 0.106909
0.835469 -0.520845
0.833506 -0.505293
0.235143 0.471288
0.450652 0.0228657
0.0250886 1.01172
0.0250871 1.04785
0.433661 0.108739
0.183629 0.833868
0.824556 -0.350924
0.844611 -0.638231
0.0178848 1.05883
0.844579 -0.630594
0.00791695 1.10177
0.625575 -0.106843
0.246531 0.418949
