191782 350.031
0.851362 -0.771158
2.78168e-08 1.02492
0.823392 -0.455831
0.618409 -0.121922
0.652413 -0.455819
0.45276 -0.12186
0.257498 0.244764
0.409364 0.244672
0.182352 0.672517
0.0843135 0.672746
0.211782 0.467399
0.829787 -0.575511
2.38144e-06 1.00487
0.210152 0.483703
0.829127 -0.558433
0.417771 0.137912
0.23309 0.319683
0.426545 0.0353001
0.231225 0.331104
0.637277 -0.38179
0.00478905 0.936945
0.639033 -0.395611
0.41913 0.124463
0.0302159 0.806013
0.836211 -0.668042
0.835121 -0.655224
0.0181671 0.861282
0.826064 -0.498022
0.436333 -0.0536009
0.826438 -0.514717
0.189993 0.627217
0.0480458 0.73884
0.642048 -0.417937
0.823912 -0.466207
0.446289 -0.105686
0.424964 0.0528384
0.249049 0.257453
0.830691 -0.586207
0.020333 0.849635
0.43986 -0.0754019
0.827575 -0.530888
0.434048 -0.0360735
0.627908 -0.263603
0.214888 0.448406
0.229938 0.340256
0.837574 -0.686267
0.0453 0.747676
0.632911 -0.334148
0.0605228 0.703134
0.423877 0.0638986
0.41344 0.192289
0.435225 -0.0450762
0.448863 -0.114747
0.41688 0.148157
0.012688 0.889759
0.025812 0.82602
0.41143 0.218606
0.252223 0.2514
0.432921 -0.0269015
0.414143 0.183153
0.647281 -0.445673
0.831157 -0.59599
0.0386338 0.774154
0.620057 -0.148488
0.206738 0.506831
0.192532 0.611936
0.836743 -0.677299
0.0283832 0.815565
0.428851 0.0115713
0.0325249 0.798768
0.425719 0.0441993
0.00336934 0.948164
0.222924 0.386869
0.191387 0.61928
0.633538 -0.343124
0.197474 0.576418
0.216045 0.440425
0.41262 0.202365
0.622458 -0.187461
0.834634 -0.645972
0.619301 -0.136064
0.827852 -0.541817
0.83849 -0.6964
0.205779 0.515358
0.224044 0.380232
0.0235921 0.835357
0.000827004 0.97949
0.20033 0.555307
0.645406 -0.438077
0.44128 -0.0837473
0.420944 0.0988365
0.631923 -0.324016
0.420067 0.108387
0.244364 0.272131
0.6495 -0.451047
0.824441 -0.47734
0.444514 -0.100258
0.237252 0.299157
0.640245 -0.408347
0.848816 -0.765977
0.414979 0.173839
0.828283 -0.549725
0.429929 0.00146038
0.21939 0.412004
0.843167 -0.739267
0.630389 -0.302841
0.208154 0.499095
0.623434 -0.20428
0.00143479 0.969548
0.241466 0.279969
0.839997 -0.710771
0.622986 -0.1965
0.185958 0.65382
0.845444 -0.750981
0.00190864 0.962717
0.833843 -0.637583
0.410596 0.228562
0.621874 -0.178493
0.412078 0.209871
0.00782382 0.916704
0.246522 0.262866
0.841061 -0.718138
0.826781 -0.521012
0.63431 -0.351726
0.0505262 0.734432
0.201548 0.547317
0.21769 0.43385
0.427859 0.0207016
0.422166 0.0844146
0.000138062 0.994724
0.419739 0.116198
0.635068 -0.358378
0.188397 0.637283
0.00885606 0.909326
0.0168951 0.867293
0.0399749 0.767395
0.254754 0.247672
0.0712376 0.682304
0.00277642 0.953556
0.832819 -0.622899
0.198635 0.567129
0.432137 -0.0183572
0.839254 -0.703041
0.00594988 0.926827
0.438014 -0.0637005
0.218146 0.420667
0.186752 0.648185
0.0670351 0.689821
0.421463 0.091285
0.225064 0.371119
0.431421 -0.0125061
0.0816692 0.67306
0.220103 0.405551
0.833262 -0.630062
0.000406169 0.98761
0.824812 -0.484028
0.630957 -0.310727
0.624541 -0.218478
0.825376 -0.492049
0.0436603 0.752138
0.842052 -0.728759
0.235008 0.310706
0.624065 -0.213316
0.84387 -0.744123
0.0634834 0.697977
0.20541 0.524302
0.0684791 0.686434
0.228578 0.348344
0.831721 -0.60559
0.235523 0.308279
0.416206 0.156942
0.239307 0.290374
0.0780593 0.676444
0.0582924 0.709513
0.027266 0.820805
0.628253 -0.276447
0.195167 0.592856
0.626899 -0.256401
0.0155425 0.873561
0.643073 -0.426256
0.221579 0.395886
0.0658237 0.697854
0.438349 -0.0668329
0.202169 0.540977
0.19426 0.604094
0.0140578 0.88045
0.05114 0.727039
0.199297 0.562666
0.450552 -0.119023
0.631654 -0.316848
0.639792 -0.403037
0.625841 -0.240388
0.0366043 0.78168
0.0738706 0.680166
0.422957 0.076321
0.0548222 0.717102
0.0339445 0.792899
0.240877 0.283725
0.0222446 0.846758
0.0567614 0.711214
0.0101258 0.903717
0.0435574 0.760599
0.184301 0.663144
0.629579 -0.289935
0.629612 -0.294388
0.442836 -0.093261
0.196492 0.583117
0.22697 0.359195
0.187791 0.640497
0.423293 0.0717404
0.0412114 0.76179
0.0232466 0.840845
0.22828 0.353136
0.635794 -0.366629
0.625677 -0.229755
0.217696 0.425742
0.00671974 0.923526
0.832341 -0.614377
0.619553 -0.139845
0.628815 -0.281423
0.626528 -0.250675
0.63653 -0.373788
0.245739 0.269102
0.624941 -0.22814
0.41015 0.234657
0.0346525 0.788295
0.847096 -0.760719
0.415354 0.166382
0.621077 -0.167324
0.204162 0.528391
0.846622 -0.757146
0.194281 0.600046
0.238089 0.294032
0.213174 0.457741
0.213215 0.457307
0.621417 -0.170905
0.0109178 0.89615
0.184644 0.662593
0.442588 -0.0897073
0.221046 0.398627
0.841849 -0.72547
0.0532078 0.724554
0.0759069 0.677027
0.196156 0.588147
0.62066 -0.158863
0.626031 -0.244264
0.409867 0.240534
0.644179 -0.432129
0.415878 0.162281
0.209375 0.491322
