296012 580.064
0.851624 -0.771381
5.50251e-08 1.02845
0.823382 -0.456205
0.652227 -0.45618
0.618439 -0.122211
0.453578 -0.12207
0.409347 0.244786
0.257972 0.244816
0.18232 0.672532
0.0826125 0.672878
0.831748 -0.605771
0.828873 -0.558799
2.88629e-06 1.00934
0.830561 -0.588849
0.826817 -0.523093
0.445898 -0.106026
0.839503 -0.705231
0.825923 -0.504471
0.443155 -0.0938431
0.235122 0.309878
0.0402824 0.766104
0.428879 0.0130062
0.840934 -0.719523
0.634669 -0.354225
0.0430014 0.755175
0.24775 0.259994
0.636134 -0.366491
0.0291843 0.812326
0.430021 0.000101007
0.0252288 0.82916
0.0273383 0.818836
0.829895 -0.574463
0.410005 0.237144
0.834403 -0.645219
0.237581 0.298181
0.41421 0.181372
0.411151 0.223725
0.252429 0.253343
0.000498835 0.987304
0.412925 0.199185
0.434846 -0.0409042
0.643202 -0.423703
0.0153107 0.875083
0.216285 0.433102
0.0777415 0.675711
4.0261e-05 0.999754
0.627584 -0.261686
0.648135 -0.44812
0.00888411 0.907618
0.64006 -0.405858
0.418433 0.12671
0.000784742 0.977522
0.197507 0.575021
0.420452 0.104562
0.82823 -0.549143
0.62132 -0.169738
0.224585 0.375124
0.427889 0.0222265
0.842788 -0.73595
0.61909 -0.132336
0.427087 0.0312089
0.628186 -0.273882
0.836811 -0.674558
0.21366 0.456192
0.417446 0.140943
0.00167568 0.967351
0.0359764 0.785473
0.621863 -0.179122
0.204583 0.524393
0.827741 -0.538983
0.645033 -0.436626
0.0235696 0.836424
0.188751 0.636859
0.416141 0.163242
0.439975 -0.0764169
0.00574577 0.932391
0.421318 0.0947409
0.836276 -0.665306
0.187219 0.644983
0.214441 0.447364
0.630647 -0.307323
0.219187 0.411743
0.636707 -0.375852
0.625307 -0.234284
0.0107145 0.902148
0.240874 0.283441
0.0607183 0.701086
0.20753 0.500069
0.00363313 0.945413
0.620695 -0.159404
0.0585879 0.706252
0.0634054 0.695671
0.846279 -0.756138
0.183921 0.667063
0.841647 -0.727256
0.629998 -0.299667
0.62477 -0.225065
0.0447985 0.749291
0.0138939 0.884147
0.419755 0.113721
0.43674 -0.0550739
0.633718 -0.34511
0.192805 0.609227
0.833498 -0.632717
0.416297 0.155104
0.211773 0.467661
0.227889 0.353821
0.206568 0.509347
0.00740843 0.918153
0.629512 -0.28944
0.185243 0.658356
0.633075 -0.337644
0.639234 -0.396147
0.205719 0.515618
0.423683 0.0658544
0.83782 -0.683839
0.0748269 0.680606
0.245699 0.2652
0.0314329 0.801714
0.848037 -0.763573
0.208521 0.492731
0.0506293 0.730463
0.222259 0.388906
0.23263 0.323195
0.242386 0.276411
0.198817 0.569123
0.189836 0.629102
0.2233 0.383011
0.234159 0.317872
0.624348 -0.21604
0.824687 -0.481612
0.425996 0.0401097
0.414914 0.173563
0.825147 -0.487834
0.0526255 0.725719
0.622571 -0.188654
0.825564 -0.498112
0.844103 -0.744011
0.0378041 0.777934
0.421931 0.0865251
0.244369 0.27198
0.215585 0.439284
0.424392 0.0574488
0.646654 -0.437873
0.63235 -0.328691
0.827603 -0.528958
0.637637 -0.384218
0.0069817 0.922951
0.641255 -0.414472
0.0676267 0.687323
0.217916 0.420844
0.185994 0.652129
0.631428 -0.317558
0.432573 -0.0227585
0.433745 -0.0307472
0.00547593 0.941078
0.225775 0.366133
0.210531 0.480174
0.0563946 0.712518
0.19155 0.617462
0.0196037 0.855463
0.824175 -0.471336
0.0484909 0.735916
0.19964 0.560726
0.201934 0.543359
0.0667098 0.693236
0.838588 -0.696603
0.0387987 0.773172
0.823867 -0.465933
0.22648 0.361643
0.0213156 0.84786
0.411999 0.209634
0.844939 -0.749672
0.650398 -0.452967
0.44767 -0.112234
0.229121 0.347828
0.417036 0.145375
0.0120965 0.893559
0.220458 0.403397
0.0025663 0.955654
0.832347 -0.61532
0.0218333 0.84341
0.230009 0.341668
0.619573 -0.14173
0.62374 -0.208673
0.430902 -0.00846248
0.411601 0.216276
0.438567 -0.0688139
0.231467 0.331055
0.438234 -0.0642308
0.830132 -0.581098
0.418971 0.121621
0.62679 -0.253787
0.422994 0.0737234
0.194402 0.597321
0.451699 -0.118923
0.212356 0.464577
0.850296 -0.766661
0.638258 -0.390402
0.194028 0.602863
0.190871 0.622582
0.623296 -0.202096
0.449426 -0.115267
0.196745 0.587097
0.422513 0.0790372
0.201042 0.548893
0.622841 -0.195362
0.0167743 0.866764
0.20077 0.555932
0.441723 -0.0834938
0.203421 0.532298
0.0553552 0.722121
0.209478 0.485191
0.832651 -0.620126
0.838012 -0.69123
0.833195 -0.627939
0.620159 -0.151528
0.203035 0.535813
0.0186714 0.859688
0.0704728 0.683552
0.239227 0.290496
0.0466263 0.742572
0.230958 0.335517
0.195487 0.590358
0.835338 -0.656531
0.00222302 0.958978
0.425253 0.0511112
0.441803 -0.0872783
0.642946 -0.417482
0.835059 -0.654242
0.0341437 0.791765
0.0124174 0.889166
0.0821668 0.672881
0.6318 -0.322432
0.221218 0.397504
0.425452 0.0462909
0.0320051 0.799164
0.625912 -0.243544
0.255625 0.24795
0.434334 -0.0365269
0.412703 0.201841
0.43692 -0.0564956
0.431998 -0.0169098
0.0721281 0.682993
0.253489 0.248116
0.0335243 0.793568
0.0557397 0.717688
0.218416 0.419992
0.238682 0.292604
0.0177852 0.865467
