137097 460.082
0.851833 -0.773369
1.80709e-16 1
0.652512 -0.458263
0.823332 -0.458263
0.453882 -0.124218
0.618397 -0.124218
0.409314 0.24216
0.257762 0.242161
0.182229 0.669652
0.0830011 0.669652
0.208394 0.489734
0.63007 -0.304308
0.0489822 0.729909
0.202552 0.533726
0.428084 0.0151559
0.419459 0.111627
0.0076122 0.910949
0.20456 0.518511
0.631408 -0.321348
0.234473 0.309608
0.236358 0.298854
0.0166176 0.862804
0.219334 0.406493
0.841072 -0.725307
0.23284 0.317692
0.212091 0.460827
0.828076 -0.549296
0.418406 0.124479
0.231042 0.328072
0.210274 0.474744
0.206426 0.504273
0.842347 -0.735571
0.412134 0.204704
0.217648 0.418888
0.641291 -0.418243
0.0525899 0.718259
0.426687 0.0295775
0.824162 -0.475053
0.830669 -0.593543
0.437029 -0.0623024
0.628472 -0.28284
0.440286 -0.0834825
0.422704 0.0732598
0.624204 -0.218791
0.834884 -0.656222
0.646112 -0.445104
0.635119 -0.363905
0.634216 -0.354201
0.627699 -0.272114
0.19168 0.611722
0.834237 -0.647375
0.825583 -0.502979
0.00159692 0.959958
0.43273 -0.028407
0.01814 0.855528
0.633412 -0.345201
0.0470362 0.736289
0.833513 -0.637156
0.00743622 0.922442
0.618898 -0.132925
0.192846 0.604152
0.198547 0.563471
0.423562 0.0635165
0.620183 -0.154936
0.0637734 0.689572
0.237988 0.290916
0.636989 -0.379721
0.639713 -0.406414
0.450331 -0.121374
0.421869 0.0829129
0.836786 -0.680471
0.441803 -0.0919181
0.199537 0.55621
0.00291303 0.945764
0.831197 -0.602046
0.41635 0.150168
0.0123391 0.884254
0.415589 0.159846
0.241789 0.27449
0.635983 -0.372796
0.1973 0.572532
0.647959 -0.451588
0.429045 0.00560399
0.430966 -0.0112401
0.840299 -0.713992
0.424784 0.0499201
0.0338525 0.786421
0.415006 0.167312
0.200683 0.547721
0.421223 0.0904925
0.226123 0.359044
0.209743 0.480543
0.849305 -0.770679
0.0359771 0.777782
0.221915 0.387926
0.644296 -0.436659
0.4143 0.176413
0.826091 -0.512705
0.0581523 0.702597
0.0411972 0.757397
0.823415 -0.459961
0.222805 0.381659
0.0317078 0.795318
0.627104 -0.263603
0.0114541 0.89002
0.433782 -0.0373093
0.82994 -0.581527
0.425738 0.0396145
0.642266 -0.424816
0.00956254 0.899515
0.0755378 0.672672
0.839395 -0.709419
0.824459 -0.480982
0.248812 0.252552
0.843531 -0.744601
0.0144052 0.87368
0.837421 -0.687981
0.20156 0.541175
0.0277499 0.812175
0.827504 -0.534694
0.621555 -0.177846
0.844934 -0.753459
0.639189 -0.40217
0.21422 0.444616
0.185164 0.652905
0.625342 -0.237691
0.412997 0.193732
0.828532 -0.557372
0.188444 0.632819
0.620978 -0.168271
0.0427648 0.751539
0.0217589 0.838846
0.183861 0.66592
0.00234257 0.951428
0.434625 -0.0427908
0.25227 0.246107
0.835714 -0.666917
0.0256738 0.822455
0.832064 -0.615604
0.0369158 0.774024
0.00421514 0.935134
0.060324 0.697212
0.626579 -0.256046
0.838462 -0.699654
0.0668902 0.683677
0.0450386 0.743284
0.0564347 0.707738
0.0051913 0.927106
0.650067 -0.456332
0.42425 0.0558311
0.643441 -0.431978
0.829687 -0.57727
0.227944 0.34719
0.409874 0.23467
0.416954 0.142553
0.835995 -0.670697
0.184421 0.657258
0.826467 -0.519805
0.227384 0.350809
8.19797e-05 0.990946
0.413761 0.183402
0.194037 0.595641
0.638036 -0.392247
0.443018 -0.0979982
0.62193 -0.183998
0.631895 -0.327325
0.247276 0.256359
0.186577 0.644423
0.225203 0.365298
0.187074 0.641383
0.445498 -0.108507
0.257247 0.242196
0.0708152 0.677689
0.83179 -0.611377
0.0197998 0.847752
0.240013 0.281795
0.846672 -0.762194
0.826844 -0.526856
0.243288 0.268859
0.22929 0.338757
0.620643 -0.162681
0.438237 -0.0706474
0.0140562 0.875434
0.0723854 0.675743
0.435728 -0.0527533
0.0618578 0.693747
0.832757 -0.62608
0.637739 -0.389597
0.420414 0.100092
0.189113 0.628556
0.245556 0.261298
0.215595 0.434228
0.0299147 0.802887
0.229752 0.335959
0.0547896 0.711758
0.0238811 0.829183
0.829099 -0.567238
0.623513 -0.209354
0.0679547 0.681891
0.417738 0.132796
0.0229744 0.833248
0.629366 -0.295025
0.629152 -0.29216
0.223955 0.373684
0.847128 -0.764065
0.623042 -0.201967
0.220769 0.396168
0.838112 -0.695626
0.410764 0.222823
0.41035 0.228329
0.25159 0.24726
0.000499223 0.97767
0.411426 0.214201
0.195032 0.588689
0.213087 0.453226
0.000993715 0.970492
0.00989293 0.897511
0.619561 -0.144345
0.0387461 0.766871
0.0328524 0.79055
0.239364 0.284627
0.214906 0.439423
0.190296 0.620887
0.824991 -0.491475
0.625822 -0.244885
0.196027 0.581653
0.44793 -0.116259
0.0786884 0.670698
0.0442751 0.746779
0.438904 -0.074957
0.0206865 0.845496
0.429898 -0.00264977
0.447334 -0.114598
0.619481 -0.142982
0.626112 -0.249186
0.825065 -0.492925
0.832927 -0.628614
0.63261 -0.335894
0.205889 0.513528
0.624793 -0.229345
0.244418 0.264943
0.43174 -0.019698
0.435463 -0.0507335
0.0396003 0.763496
0.42621 0.034577
0.413263 0.189889
0.216413 0.428086
0.844278 -0.749514
0.196455 0.578601
0.216828 0.425011
