163225 440.064
0.851833 -0.773369
0 1
0.823338 -0.458387
0.652501 -0.458263
0.453881 -0.124218
0.618398 -0.124238
0.409315 0.242149
0.257763 0.242161
0.0830018 0.669652
0.182232 0.669637
0.053243 0.716289
0.412756 0.196912
0.00160405 0.96066
0.621546 -0.176582
0.186195 0.646957
0.427225 0.0255599
0.836468 -0.676047
0.620583 -0.160018
0.422224 0.0799842
0.416171 0.155693
0.620087 -0.151908
0.199593 0.556862
0.188389 0.633464
0.228637 0.345554
0.413989 0.181911
0.829503 -0.570983
0.000794601 0.973496
0.231092 0.331029
0.838305 -0.69269
0.00596431 0.923055
0.192925 0.603447
0.0561493 0.708302
0.835401 -0.659704
0.624493 -0.224738
0.050153 0.726388
0.625662 -0.237103
0.826964 -0.528999
0.0197335 0.849497
0.191305 0.615429
0.435863 -0.0530786
0.0466637 0.738838
0.417398 0.138012
0.428155 0.014932
0.635787 -0.36756
0.426 0.0388054
0.0265242 0.818648
0.198615 0.567632
0.0173661 0.859672
0.419592 0.111601
0.207823 0.493973
0.0784312 0.670775
0.823872 -0.468591
0.240872 0.281856
0.827758 -0.540108
0.0317529 0.79541
0.834363 -0.648011
0.442499 -0.0937803
0.0295263 0.804641
0.247253 0.256421
0.431325 -0.0147811
0.201071 0.545729
0.840924 -0.721647
0.825409 -0.498028
0.631605 -0.322761
0.619076 -0.135987
0.62814 -0.277889
0.440928 -0.0862343
0.436986 -0.0613598
0.646105 -0.445079
0.0352684 0.783524
0.6428 -0.426382
0.423252 0.0689672
0.623597 -0.205933
0.628896 -0.287497
0.00271664 0.947701
0.623997 -0.215494
0.0586562 0.70245
0.424493 0.0535437
0.84389 -0.74556
0.0161943 0.864873
0.208911 0.486046
0.641412 -0.419056
0.83089 -0.597115
0.0283546 0.810154
0.242832 0.270519
0.847493 -0.765152
0.826049 -0.507481
0.0498876 0.734017
0.637019 -0.37862
0.044481 0.746901
0.638303 -0.390475
0.434614 -0.0421509
0.250025 0.250341
0.220228 0.402823
0.841809 -0.730927
0.445283 -0.107124
0.839156 -0.706127
0.0329958 0.789974
0.8403 -0.712656
0.214434 0.442993
0.443886 -0.101908
0.632842 -0.33708
0.014377 0.873855
0.842812 -0.737053
0.625944 -0.246363
0.215685 0.436542
0.411903 0.207991
0.421185 0.0921762
0.0607026 0.697171
0.633529 -0.345581
0.627516 -0.269066
0.638973 -0.400145
0.836285 -0.669093
0.245462 0.262644
0.216422 0.42824
0.237724 0.292373
0.0371281 0.777502
0.429174 0.0055473
0.420274 0.102385
0.0210632 0.843079
0.439669 -0.0784016
0.0225024 0.836977
0.630795 -0.31082
0.000345857 0.983655
0.251931 0.246792
0.432235 -0.0236692
0.205422 0.512093
0.410997 0.221086
0.424146 0.0631343
0.430285 -0.0060378
0.00996925 0.898066
0.213391 0.450928
0.220928 0.394969
0.234145 0.310945
0.425471 0.0453533
0.635074 -0.35879
0.00745475 0.911929
0.644039 -0.434455
0.828096 -0.548574
0.415508 0.161253
0.0252079 0.827001
0.622044 -0.185553
0.21887 0.410024
0.432901 -0.0295688
0.845816 -0.758023
0.626465 -0.254335
0.830129 -0.584582
0.223957 0.374344
0.449499 -0.119891
0.209887 0.477935
0.849625 -0.770039
0.19553 0.58518
0.833921 -0.640926
0.824856 -0.488554
0.000180141 0.990352
0.227192 0.364332
0.64856 -0.453227
0.6272 -0.261098
0.632198 -0.329285
0.829034 -0.561202
0.255381 0.243384
0.225163 0.367535
0.222016 0.388567
0.197176 0.575023
0.183265 0.665538
0.640713 -0.410427
0.844921 -0.753133
0.634123 -0.353181
0.0424188 0.757952
0.00331267 0.943537
0.23663 0.300039
0.433928 -0.0375956
0.235419 0.303727
0.622768 -0.197295
0.833524 -0.632636
0.0402443 0.761414
0.831401 -0.604678
0.217752 0.422433
0.190327 0.622267
0.417859 0.135121
0.023672 0.830312
0.410088 0.232632
0.0665752 0.686729
0.00876915 0.903991
0.824329 -0.47826
0.418475 0.124637
0.204427 0.520151
0.419219 0.122533
0.043098 0.751048
0.414848 0.170563
0.202004 0.540226
0.189822 0.628069
0.838326 -0.697445
0.00492295 0.93186
0.20768 0.505761
0.227487 0.355322
0.0681721 0.682946
0.00422486 0.93464
0.411577 0.213297
0.447517 -0.113671
0.645378 -0.438742
0.438423 -0.0688963
0.218131 0.415955
0.832204 -0.610256
0.629943 -0.294863
0.0381026 0.771074
0.828963 -0.555233
0.637207 -0.384293
0.184971 0.654924
0.826541 -0.518106
0.202888 0.53424
0.063002 0.692718
0.18446 0.657736
0.0388922 0.766581
0.830312 -0.586644
0.074411 0.673871
0.194017 0.595905
0.231634 0.326303
0.639937 -0.405645
0.429724 -0.000105136
0.194553 0.592897
0.196383 0.57956
0.410598 0.229269
0.0638431 0.689484
0.244776 0.26978
0.832433 -0.617249
0.622584 -0.191967
0.650234 -0.453494
0.0740174 0.67569
0.630372 -0.299042
0.618909 -0.133037
0.210875 0.472864
0.414458 0.174366
0.0129221 0.88281
0.212693 0.458272
0.630518 -0.306879
0.232829 0.320718
0.233015 0.316662
0.0113589 0.891402
0.211294 0.467255
0.227573 0.349958
0.421174 0.0965928
0.438627 -0.0727498
0.0137818 0.87888
0.83283 -0.627143
0.82628 -0.516062
0.824677 -0.482451
0.20631 0.506015
0.0704071 0.678752
0.832665 -0.622614
