229890 310.054
0.852551 -0.769897
4.51028e-17 1.00287
0.830913 -0.513659
0.65175 -0.456135
0.61852 -0.123598
0.45379 -0.121428
0.410502 0.229122
0.257949 0.245169
0.080794 0.674896
0.182083 0.673461
0.0285779 0.814916
0.0117335 0.892898
0.832508 -0.616208
0.838848 -0.6758
0.844252 -0.742247
0.841617 -0.713099
0.834149 -0.642634
0.0355635 0.786514
0.00699162 0.91981
0.0456484 0.747686
0.416159 0.158746
0.413673 0.187092
0.426965 0.0289304
0.430197 0.00121539
0.00450747 0.942968
0.00193385 0.962373
0.0506102 0.731299
0.0413256 0.764385
0.439352 -0.0748645
0.423112 0.0740812
0.00538732 0.933168
0.411474 0.218459
0.436996 -0.0573815
0.434881 -0.0428369
0.42421 0.0600719
0.0380658 0.777302
0.421602 0.0921584
0.437938 -0.0634928
0.417168 0.142645
0.422042 0.0847575
0.412912 0.20164
0.441437 -0.0855703
0.425015 0.0529938
0.0625002 0.697479
0.432389 -0.0227987
0.421346 0.106192
0.412575 0.20585
0.431304 -0.0128419
0.0710411 0.681938
0.000997972 0.977959
0.418271 0.128705
0.0744926 0.678447
0.420092 0.109113
0.00117246 0.971137
0.000388387 0.988551
0.449039 -0.111957
0.0539976 0.720355
0.41906 0.119052
0.0779095 0.677665
0.417544 0.139334
0.224635 0.373218
0.203027 0.535575
0.624602 -0.221971
0.198993 0.568704
0.245585 0.267
0.225714 0.367095
0.240597 0.284425
0.0392129 0.770253
0.0588238 0.710774
0.44617 -0.106445
0.068492 0.685236
0.24685 0.262273
0.625098 -0.228882
0.229073 0.345685
0.425758 0.0426732
0.209662 0.482615
0.449707 -0.116124
0.0645787 0.692651
0.44216 -0.0898156
0.6261 -0.244473
0.248226 0.257614
0.224259 0.380162
0.24202 0.27921
0.633688 -0.344824
0.628497 -0.277873
0.627935 -0.271283
0.210562 0.476544
0.634204 -0.350313
0.451964 -0.120242
0.619826 -0.145527
0.218365 0.418053
0.231456 0.330286
0.243673 0.271055
0.249839 0.254265
0.230006 0.339705
0.42664 0.0349298
0.20414 0.530215
0.621453 -0.170985
0.620294 -0.151421
0.236241 0.305192
0.232722 0.325995
0.060822 0.705343
0.255301 0.246816
0.209364 0.488438
0.433199 -0.0291448
0.202183 0.542155
0.639328 -0.398997
0.214626 0.445681
0.222422 0.389105
0.208681 0.493894
0.631157 -0.313949
0.626563 -0.25173
0.632076 -0.324788
0.650297 -0.453152
0.443956 -0.0984515
0.215334 0.440019
0.20436 0.524741
0.205113 0.519376
0.619476 -0.139347
0.634861 -0.356198
0.195974 0.586449
0.19966 0.560257
0.223083 0.384169
0.631607 -0.319336
0.621703 -0.176957
0.188951 0.633054
0.220649 0.403801
0.629601 -0.293375
0.197711 0.577553
0.251702 0.251223
0.446038 -0.103154
0.0521585 0.724918
0.226319 0.361564
0.196974 0.582762
0.187802 0.643066
0.219169 0.412658
0.646722 -0.442262
0.640584 -0.408462
0.230502 0.33504
0.000223586 0.993753
0.188243 0.638219
0.443251 -0.0960428
0.184047 0.665201
0.182937 0.668916
0.207891 0.498443
0.212764 0.459926
0.221719 0.394405
0.227004 0.357263
0.185603 0.656547
0.213809 0.455174
0.055771 0.715523
0.239707 0.289526
0.639722 -0.403559
0.623589 -0.207195
0.206013 0.515335
0.633174 -0.338358
0.189933 0.628998
0.638424 -0.393119
0.622873 -0.191922
0.641186 -0.412998
0.219646 0.408225
0.434176 -0.0371334
0.630667 -0.308242
0.629891 -0.298555
0.627693 -0.265486
0.184706 0.66025
0.253076 0.248358
0.19362 0.603632
0.618983 -0.128696
0.216687 0.431816
0.641766 -0.417971
0.643767 -0.43079
0.648776 -0.449411
0.644872 -0.434671
0.619171 -0.134057
0.625405 -0.235159
0.220962 0.398293
0.242928 0.2751
0.194208 0.598642
0.238739 0.292684
0.198049 0.57235
0.629063 -0.287611
0.233084 0.320221
0.635256 -0.36095
0.186781 0.647676
0.645412 -0.439093
0.647799 -0.446614
0.620717 -0.157153
0.64262 -0.421824
0.632445 -0.330531
0.237057 0.299783
0.643229 -0.426322
0.186442 0.651698
0.637668 -0.383804
0.211173 0.471734
0.63049 -0.303426
0.418904 0.123309
0.62735 -0.260602
0.193271 0.608569
0.214124 0.450622
0.622075 -0.182438
0.622486 -0.186508
0.056661 0.713767
0.216019 0.435683
0.635667 -0.365988
0.623424 -0.20139
0.233865 0.31689
0.624289 -0.215071
0.191744 0.615971
0.628988 -0.283162
0.19065 0.624557
0.638158 -0.389412
0.190865 0.620046
0.625706 -0.239278
0.218065 0.424133
0.206371 0.509949
0.201955 0.54657
0.235713 0.310443
0.62304 -0.197344
0.237694 0.296863
0.192445 0.612406
0.621168 -0.164588
0.217432 0.42681
0.195447 0.592407
0.430911 -0.00639667
0.626863 -0.255927
0.0671491 0.688841
0.199921 0.557868
0.23494 0.313107
0.040562 0.7674
0.207416 0.503548
0.433926 -0.0329081
0.212251 0.464194
0.211803 0.46782
0.200835 0.552359
0.0521472 0.729084
0.0600332 0.705708
7.60113e-06 1.00018
0.425926 0.0403785
0.228145 0.350382
0.632785 -0.334668
0.62402 -0.212213
0.227887 0.352619
0.0658995 0.690258
0.430429 -0.0041497
0.637021 -0.376456
0.195208 0.595394
0.637277 -0.379926
0.207132 0.506964
0.62081 -0.161763
