50307 150.025
0.851982 -0.77022
1.20773e-07 1.02909
0.652828 -0.455427
0.823368 -0.455728
0.455043 -0.120684
0.618431 -0.120754
0.257419 0.246088
0.409364 0.246029
0.182439 0.673673
0.081296 0.673826
0.214394 0.447947
9.58118e-07 1.0078
0.0203244 0.854472
0.055634 0.715743
0.216711 0.432607
0.424741 0.0561352
0.0173463 0.867327
0.211071 0.478337
0.194328 0.599911
0.0602588 0.704465
0.432892 -0.0242411
0.423303 0.0720128
0.19269 0.613235
0.252373 0.252338
0.434606 -0.0375923
0.835636 -0.66195
0.212557 0.461735
0.208891 0.492321
0.622068 -0.182602
0.415942 0.161725
0.838045 -0.690074
0.00014191 0.995336
0.629064 -0.28649
0.825474 -0.495855
0.638352 -0.390038
0.00439808 0.946541
0.418458 0.134888
0.207355 0.506596
0.83071 -0.589209
0.249085 0.256543
0.648663 -0.450216
0.431856 -0.0141051
0.00279862 0.954732
0.64123 -0.413512
0.429475 0.00617332
0.413247 0.196812
0.00592483 0.927817
0.848686 -0.765919
0.414075 0.187133
0.619471 -0.135967
0.0365686 0.782061
0.637086 -0.379435
0.199067 0.565888
0.224555 0.374527
0.62121 -0.167489
0.00546331 0.936029
0.22361 0.383535
0.436595 -0.0495999
0.205516 0.516524
0.834944 -0.652865
0.630941 -0.309865
0.197878 0.573989
0.0422318 0.759589
0.439461 -0.0743199
0.410703 0.228181
0.201997 0.544019
0.195674 0.589999
0.412382 0.206351
0.0244435 0.833492
0.189188 0.636472
0.644958 -0.433527
0.410038 0.238469
0.443877 -0.0975323
0.624974 -0.226311
0.416807 0.149343
0.0402703 0.767944
0.203074 0.536608
0.230942 0.334801
0.83682 -0.675308
0.826069 -0.507289
0.012822 0.888744
0.445733 -0.104629
0.842036 -0.728814
0.243832 0.272794
0.225947 0.366232
0.426634 0.041526
0.0533242 0.722077
0.827421 -0.528946
0.211785 0.46875
0.628163 -0.273463
0.82404 -0.468351
0.186327 0.654108
0.051723 0.727268
0.420027 0.10951
0.450215 -0.114088
0.00200912 0.964633
0.635931 -0.36683
0.242072 0.279067
0.00126969 0.970731
0.62429 -0.216782
0.827901 -0.539616
0.831262 -0.599468
0.0224571 0.844654
0.447421 -0.110306
0.832732 -0.620596
0.21914 0.414954
0.068619 0.687281
0.0655776 0.691815
0.23927 0.290248
0.839143 -0.700109
0.834366 -0.642951
0.075614 0.678713
0.191154 0.62138
0.425558 0.0467292
0.6203 -0.152756
0.420495 0.102839
0.620244 -0.14562
0.631559 -0.319625
0.627329 -0.262609
0.640045 -0.404232
0.0456421 0.749646
0.237718 0.29788
0.41462 0.177073
0.833493 -0.630762
0.43791 -0.0625043
0.415194 0.171249
0.0119213 0.896222
0.417276 0.143977
0.626649 -0.253398
0.00961745 0.907244
0.0479532 0.744369
0.0076725 0.917935
0.639419 -0.398894
0.642484 -0.422178
0.227867 0.356053
0.208013 0.498179
0.825118 -0.484584
0.830104 -0.57858
0.01464 0.881607
0.442609 -0.0905604
0.618804 -0.126186
0.04985 0.734225
0.630112 -0.30102
0.204279 0.528385
0.83711 -0.67925
0.247034 0.264337
0.0349344 0.78966
0.0440541 0.754515
0.83181 -0.605854
0.241235 0.286508
0.418996 0.123316
0.635167 -0.355247
0.427195 0.0303932
0.826828 -0.522119
0.451999 -0.119996
0.629712 -0.295082
0.0260041 0.826493
0.832255 -0.614509
0.621021 -0.162584
0.220391 0.404959
0.644162 -0.425079
0.21772 0.423828
0.826532 -0.513994
0.200536 0.557303
0.201182 0.553922
0.229071 0.3464
0.828239 -0.546204
0.0784412 0.676155
0.435835 -0.0451102
0.626224 -0.247023
0.828647 -0.554381
0.632717 -0.332799
0.427504 0.0264875
0.633892 -0.342953
0.0626522 0.701195
0.419617 0.120382
0.0103513 0.901526
0.623435 -0.203755
0.41187 0.214964
0.411356 0.219931
0.421424 0.0939105
0.632222 -0.325692
0.232826 0.323948
0.0642371 0.69685
0.229485 0.34312
0.839553 -0.705668
0.000609414 0.984164
0.0723895 0.681988
0.0288254 0.813361
0.622936 -0.195741
0.02281 0.840789
0.0316493 0.801728
0.235778 0.308203
0.646314 -0.441242
0.184223 0.665387
0.245571 0.266472
0.840873 -0.719842
0.828963 -0.560766
0.438056 -0.0646916
0.440631 -0.0805735
0.636356 -0.371944
0.634711 -0.352524
0.622721 -0.189824
0.623842 -0.209593
0.232317 0.328676
0.00102929 0.981727
0.0085108 0.915488
0.845113 -0.749132
0.829432 -0.567847
0.430735 -0.0056432
0.625461 -0.234957
0.430362 -0.00269018
0.204749 0.522781
0.237631 0.305047
0.226852 0.359411
0.222533 0.392162
0.441664 -0.0847573
0.0485888 0.738036
0.84353 -0.739539
0.823922 -0.457594
0.833811 -0.636562
0.220969 0.402226
0.647604 -0.44326
0.0385171 0.774868
0.842899 -0.735688
0.187364 0.645927
0.234144 0.316956
0.625712 -0.239255
0.846744 -0.758618
0.0159849 0.875114
0.422675 0.0802656
0.221826 0.393985
0.188003 0.643829
0.0707958 0.684001
0.840226 -0.713362
0.824536 -0.475901
0.428435 0.0162267
0.844379 -0.746695
0.846323 -0.757312
0.0334099 0.795385
0.0273787 0.820548
0.633314 -0.339442
0.627996 -0.269058
0.185436 0.661387
0.421702 0.0897229
0.0315829 0.806884
0.0298772 0.810372
0.42842 0.0169377
0.23467 0.314127
0.829721 -0.573791
