92646 250.038
0.851839 -0.773369
0 1
0.652518 -0.458263
0.823336 -0.458344
0.618403 -0.124332
0.453893 -0.124218
0.409315 0.24216
0.257759 0.242161
0.182231 0.669639
0.0830149 0.669652
0.191114 0.615538
0.641474 -0.41952
0.229157 0.339941
0.412515 0.200347
0.231392 0.326174
0.193381 0.600177
0.411218 0.216971
0.41369 0.191885
0.0255381 0.821908
0.204959 0.515523
0.419529 0.110747
0.037064 0.773714
0.824161 -0.473312
0.639162 -0.401232
0.0753926 0.673234
0.203279 0.529336
0.226411 0.358439
0.625312 -0.237225
0.414647 0.176093
0.4399 -0.0811438
0.436045 -0.0541621
0.635565 -0.36437
0.623182 -0.2008
0.427336 0.0230042
0.227984 0.349671
0.630663 -0.309736
0.624733 -0.224442
0.198094 0.568567
0.0705064 0.678548
0.232817 0.31778
0.224767 0.368438
0.829638 -0.570913
0.834341 -0.647647
0.833594 -0.637254
0.418708 0.121191
0.420617 0.0976676
0.235786 0.302259
0.830286 -0.583117
0.837287 -0.685803
0.438028 -0.0689193
0.426348 0.0348063
0.0460695 0.740238
0.61901 -0.133406
0.434754 -0.045193
0.201541 0.543451
0.0593376 0.699711
0.627091 -0.263459
0.210753 0.471737
0.234478 0.308969
0.43189 -0.018075
0.0170879 0.862001
0.827349 -0.53259
0.432312 -0.0246064
0.423742 0.0626584
0.0272839 0.814642
0.0549755 0.711471
0.240289 0.281149
0.824563 -0.482976
0.843362 -0.741717
0.63632 -0.375425
0.0441695 0.7492
0.430445 -0.00685279
0.0572152 0.705493
0.215142 0.438045
0.415589 0.160223
0.842179 -0.733978
0.222536 0.384068
0.221744 0.39306
0.832899 -0.627798
0.826811 -0.523412
0.209585 0.480284
0.634339 -0.35525
0.844454 -0.750227
0.642675 -0.424786
0.631403 -0.321076
0.41732 0.138471
0.0490147 0.729634
0.82887 -0.562587
0.446086 -0.110615
0.22369 0.376295
0.831797 -0.610089
0.417965 0.130169
0.428164 0.0143549
0.63804 -0.390178
0.0515441 0.722127
0.245558 0.262402
0.832298 -0.619181
0.040105 0.761614
0.633642 -0.347648
0.220303 0.400197
0.206823 0.50141
0.00313416 0.945463
0.0290578 0.808034
0.189933 0.624636
0.628976 -0.287425
0.845729 -0.75747
0.211994 0.463486
0.216316 0.429108
0.410597 0.225344
0.199621 0.55717
0.847186 -0.764303
0.409944 0.234024
0.0305163 0.801455
0.620003 -0.151393
0.0208931 0.843017
0.0790898 0.670536
0.0229672 0.83369
0.00550435 0.925742
0.00143022 0.970369
0.629968 -0.300037
0.429467 0.00729912
0.247458 0.256201
0.625974 -0.246958
0.218209 0.414874
0.219458 0.408263
0.00189142 0.96053
0.437927 -0.0629976
0.626441 -0.253949
0.249449 0.251302
0.0658661 0.685504
0.424332 0.0551615
0.0184054 0.854399
0.849042 -0.770091
0.0356643 0.779443
0.448336 -0.117195
0.836549 -0.677248
0.637208 -0.381897
0.217248 0.422713
0.206154 0.507597
0.840517 -0.720288
0.422912 0.0735574
0.826253 -0.514107
0.646754 -0.44124
0.0154606 0.869789
0.825843 -0.507509
0.827759 -0.54288
0.415005 0.169542
0.0528314 0.717528
0.23769 0.293068
0.202341 0.53582
0.199998 0.552919
0.197869 0.577276
0.831193 -0.601231
0.00269664 0.95409
0.000945647 0.977964
0.0127337 0.885053
0.238358 0.289861
0.185897 0.6487
0.65062 -0.456427
0.0346654 0.787136
0.644439 -0.43402
0.841109 -0.725592
0.208108 0.491737
0.628021 -0.276063
0.62064 -0.161398
0.825093 -0.492427
0.839666 -0.71061
0.244027 0.26908
0.214308 0.445764
0.0476321 0.734371
0.823411 -0.458586
0.825381 -0.498075
0.0683853 0.682371
0.0202454 0.849788
0.00960014 0.899251
0.0423409 0.753351
0.623973 -0.216205
0.421662 0.0853698
0.425096 0.0466779
0.429795 -0.00156975
0.000228808 0.985522
0.622205 -0.187587
0.188155 0.634899
0.184252 0.660292
0.835965 -0.670216
0.621656 -0.177351
0.0322991 0.795305
0.433621 -0.035848
0.828354 -0.553218
0.213295 0.457278
0.441876 -0.0912463
0.416716 0.148055
0.18529 0.66024
6.66262e-05 0.992299
0.839305 -0.706015
0.00714724 0.914344
0.0063391 0.919424
0.838213 -0.696232
0.629241 -0.293294
0.627862 -0.272901
0.208587 0.487989
0.416309 0.151432
0.425692 0.0417441
0.421139 0.09151
0.443267 -0.0976295
0.42237 0.0777254
0.0043222 0.934655
0.0134751 0.878579
0.441034 -0.0871374
0.450175 -0.120462
0.0632929 0.690584
0.18701 0.642705
0.835566 -0.663559
0.188863 0.630737
0.631981 -0.327653
0.633003 -0.338063
0.0623345 0.694189
0.444861 -0.104153
0.0225672 0.835161
0.213972 0.452361
0.63878 -0.398738
0.00393833 0.936758
0.254817 0.24577
0.195656 0.584342
0.647834 -0.450783
0.0328167 0.790743
0.6209 -0.166344
0.241616 0.275535
0.0143623 0.874207
0.0110824 0.891076
0.62134 -0.172977
0.830597 -0.591409
0.00858936 0.905531
0.838417 -0.698267
0.644562 -0.438025
0.834978 -0.657371
0.61961 -0.14381
0.252149 0.247141
0.0081152 0.908295
0.647672 -0.449469
0.433742 -0.0369684
0.196246 0.582419
0.828233 -0.548586
0.194647 0.592197
0.45304 -0.121593
0.242501 0.272804
0.622129 -0.18697
0.0410151 0.759044
0.0109379 0.893897
0.830841 -0.594423
