111680 300.041
0.851835 -0.773369
0 1
0.823335 -0.458287
0.652509 -0.458263
0.618399 -0.12426
0.453877 -0.124218
0.409315 0.242139
0.257765 0.242161
0.18223 0.669649
0.0830011 0.669652
0.00319453 0.943315
0.824849 -0.487114
0.82395 -0.469871
0.195396 0.586771
0.834544 -0.651578
0.635478 -0.36763
0.0549762 0.713047
0.634061 -0.351431
0.825658 -0.50404
0.618985 -0.132786
0.0464394 0.743064
0.621607 -0.176048
0.438125 -0.069552
0.636416 -0.376078
0.00146797 0.964697
0.250242 0.252043
0.0135898 0.877797
0.185833 0.648961
0.0482959 0.732074
0.833444 -0.634945
0.637899 -0.389065
0.62068 -0.163268
0.625959 -0.246884
0.191181 0.615545
0.619826 -0.148872
0.19367 0.598179
0.0304395 0.80151
0.197236 0.573837
0.625138 -0.234601
0.41265 0.198397
0.416637 0.148261
0.830482 -0.589386
0.0512561 0.724361
0.235494 0.303464
0.841964 -0.732651
0.192667 0.605241
0.440403 -0.0841671
0.632024 -0.327597
0.826635 -0.521697
0.0126902 0.888689
0.831851 -0.612193
0.00491058 0.929398
0.623977 -0.216731
0.630918 -0.309774
0.184119 0.66025
0.829744 -0.574868
0.629859 -0.301327
0.827133 -0.53214
0.0157112 0.869262
0.82828 -0.55281
0.202277 0.537993
0.62359 -0.206848
0.227013 0.353538
0.846196 -0.760001
0.435178 -0.0485216
0.0592058 0.701084
0.209417 0.481462
0.208242 0.491003
0.418075 0.130301
0.068573 0.680909
0.22832 0.34526
0.417764 0.140359
0.642241 -0.424076
0.204235 0.521441
0.230655 0.33302
0.629295 -0.291661
0.0566767 0.706715
0.433364 -0.0250374
0.442411 -0.093866
0.203254 0.528998
0.411407 0.214307
0.628685 -0.282914
0.430159 0.00196508
0.0321953 0.794212
0.624622 -0.226457
0.225905 0.361547
0.83246 -0.621371
0.645256 -0.441379
0.631364 -0.319871
0.247485 0.259338
0.444998 -0.0984598
0.222613 0.383574
0.0397335 0.763007
0.234434 0.315305
0.236927 0.297611
0.189922 0.62387
0.219059 0.410001
0.413569 0.185915
0.826127 -0.512116
0.0209325 0.842901
0.415742 0.159213
0.828951 -0.562595
0.232756 0.323657
0.199648 0.555385
0.0617105 0.69595
0.445378 -0.107765
0.418718 0.121279
0.0198345 0.851793
0.207307 0.498243
0.847873 -0.765732
0.623563 -0.196239
0.641039 -0.416353
0.205522 0.512829
0.436318 -0.0571087
0.835845 -0.667347
0.217723 0.418499
0.221442 0.391977
0.41453 0.175218
0.844921 -0.750577
0.216932 0.424713
0.423826 0.0607366
0.00936601 0.900506
0.638515 -0.396397
0.0350576 0.781498
0.420236 0.105744
0.238323 0.289397
0.0375728 0.77228
0.212925 0.454488
0.0106096 0.893565
0.419335 0.113467
0.0335628 0.787678
0.0259674 0.820244
0.831572 -0.601312
0.00654203 0.918522
0.415193 0.164914
0.412054 0.205842
0.835302 -0.660696
0.632866 -0.338907
0.206449 0.506724
0.22482 0.369192
0.0233785 0.831459
0.649912 -0.456081
0.188815 0.630518
0.626826 -0.255524
0.840045 -0.710409
0.411009 0.224284
0.425866 0.0386546
0.449253 -0.117369
0.0166824 0.862821
0.423203 0.069303
0.447046 -0.113738
0.0180044 0.856259
0.21035 0.474167
0.431609 -0.0183405
0.840619 -0.72123
0.425029 0.0472862
0.842895 -0.739072
0.229683 0.338127
0.0440333 0.750765
0.427803 0.0231514
0.216013 0.433896
0.433528 -0.0350755
0.434309 -0.0400328
0.211322 0.467873
0.212134 0.461126
0.0249806 0.824608
0.0658084 0.685867
0.0223689 0.837402
0.253014 0.245122
0.430262 -0.00593237
0.242707 0.275626
0.437219 -0.0634674
0.620176 -0.154484
0.83748 -0.688672
0.639546 -0.404427
0.62788 -0.274062
0.424526 0.0532253
0.000712507 0.976259
0.851194 -0.769029
0.028438 0.809926
0.4292 0.012361
0.843746 -0.746067
0.421622 0.085887
0.833067 -0.629863
0.622227 -0.187542
0.18712 0.641262
0.0278269 0.811876
0.0715623 0.676822
0.0761762 0.672166
0.240902 0.279863
0.647812 -0.449921
0.431108 -0.0122796
0.627509 -0.261708
0.00820627 0.907381
0.420643 0.0974156
0.243456 0.26897
0.640074 -0.409254
0.633937 -0.342008
0.838869 -0.70365
0.239913 0.285066
0.451324 -0.122619
0.219897 0.403141
0.198659 0.563068
0.00761186 0.912009
0.0366097 0.775245
0.000273864 0.987624
0.220612 0.398508
0.188163 0.638312
0.00535689 0.925912
0.0730951 0.674954
0.410348 0.233829
0.831217 -0.594865
0.836525 -0.677302
0.829333 -0.570264
0.441091 -0.0859047
0.0502716 0.726215
0.646736 -0.447453
0.428358 0.0139803
0.421162 0.0926032
0.836736 -0.679673
0.183642 0.665999
0.21535 0.43841
0.00127999 0.965309
0.627564 -0.269165
0.827862 -0.543478
0.202067 0.547902
0.000249637 0.993487
0.644089 -0.432797
0.827638 -0.5411
0.254164 0.243866
0.426572 0.0326657
0.063753 0.690963
0.414158 0.181837
0.64353 -0.43209
0.200914 0.548146
0.000518682 0.979613
0.838656 -0.698366
0.0408906 0.759185
0.838264 -0.692647
0.426897 0.0279862
0.214004 0.446278
0.840342 -0.718618
0.422292 0.0792913
0.42249 0.0757267
0.233074 0.318417
0.622309 -0.190129
0.24579 0.262888
0.0784617 0.670844
0.244742 0.264825
0.410399 0.230153
