192990 590.107
0.851041 -0.771676
7.40787e-08 1.00459
0.651913 -0.456607
0.823425 -0.457043
0.453771 -0.122382
0.618442 -0.122477
0.409351 0.244292
0.257635 0.244325
0.182302 0.672256
0.0810976 0.672457
0.628921 -0.286659
0.209706 0.483134
0.826303 -0.511873
0.433283 -0.0255762
0.630479 -0.304474
0.440369 -0.080166
0.202672 0.53627
0.186188 0.651757
0.448827 -0.112135
0.434515 -0.0407823
0.0560781 0.713756
0.208238 0.496299
0.843358 -0.740589
0.067324 0.6867
0.845264 -0.751257
0.211145 0.471999
0.827139 -0.52964
0.44322 -0.0931048
0.626146 -0.246489
0.831385 -0.600749
0.0367279 0.780889
0.62291 -0.193696
0.628112 -0.274215
0.832397 -0.617136
0.029216 0.810539
0.224108 0.377469
0.422906 0.0750275
0.624814 -0.22744
0.416768 0.147813
0.188916 0.641001
0.420777 0.100339
0.836183 -0.668451
0.064867 0.693139
0.071409 0.681073
0.645588 -0.437972
0.83337 -0.628649
0.0155892 0.874115
0.201274 0.547685
0.417576 0.137455
0.835624 -0.658532
0.0216939 0.847466
0.000735565 0.977786
0.423677 0.0653223
0.235824 0.305148
0.00382226 0.942456
0.00293906 0.952353
0.413323 0.198369
0.414937 0.17292
0.627057 -0.258905
0.62563 -0.236788
0.41011 0.235746
0.829409 -0.567836
0.620476 -0.152734
0.0592782 0.704449
0.831017 -0.584679
0.00480322 0.934077
0.643558 -0.429883
0.038597 0.770984
0.848349 -0.765633
0.648868 -0.452104
0.827948 -0.544735
0.204357 0.525537
0.631758 -0.32149
0.646912 -0.445842
0.184474 0.660156
0.846569 -0.759542
0.825304 -0.494065
0.027375 0.819827
0.420048 0.108299
0.220875 0.400049
0.033198 0.79288
0.191444 0.621369
0.419314 0.117966
0.824719 -0.48358
0.0201162 0.856523
0.624092 -0.216183
0.830497 -0.58102
0.198539 0.567573
0.225454 0.367799
0.828485 -0.553679
0.825669 -0.502354
0.047688 0.73829
0.234259 0.316564
0.0536981 0.720265
0.630994 -0.311896
0.439046 -0.0726768
0.00132796 0.967982
0.21248 0.463709
0.823959 -0.464406
0.640728 -0.41133
0.8387 -0.699927
0.222788 0.386125
0.21974 0.408351
0.034689 0.787599
0.248904 0.255633
0.634041 -0.349463
0.0169363 0.866098
0.61964 -0.142986
0.00205628 0.960927
0.0136306 0.881835
0.0116306 0.895404
0.240607 0.283521
0.42628 0.0376013
0.0459897 0.746718
0.023134 0.840454
0.831942 -0.607592
0.238948 0.290368
0.0258102 0.824152
0.413765 0.187392
0.010246 0.900932
0.435613 -0.0487349
0.221904 0.392275
0.431983 -0.0164994
0.189918 0.627808
0.0130028 0.887709
0.217857 0.421632
0.446508 -0.10921
0.0424505 0.756053
0.627559 -0.265376
0.416076 0.157835
0.623743 -0.208177
0.415629 0.162938
0.834694 -0.649181
0.639941 -0.402867
0.199886 0.559007
0.0618483 0.698231
0.421899 0.0888387
0.21875 0.415
0.634726 -0.356269
0.83373 -0.637016
0.000252225 0.989766
0.414274 0.18206
0.430197 -0.00118507
0.00897173 0.908077
0.632462 -0.329852
0.827703 -0.534162
0.246992 0.261818
0.0451401 0.751545
0.411675 0.213684
0.445323 -0.101832
0.183593 0.667168
0.425421 0.0471114
0.0520413 0.725089
0.424827 0.0567087
0.242231 0.278246
0.638999 -0.397488
0.410928 0.225807
0.622334 -0.186436
0.0180584 0.860165
0.828961 -0.562567
0.636174 -0.367776
0.229323 0.345065
0.436608 -0.0543885
0.633857 -0.33893
0.421958 0.0855899
0.63821 -0.390059
0.192138 0.611934
0.427329 0.0264645
0.0741061 0.677896
0.0398759 0.765956
0.0766341 0.676424
0.00613393 0.925738
0.254852 0.247994
0.61902 -0.132189
0.215307 0.440433
0.214697 0.445622
0.18894 0.634024
0.0413256 0.761128
0.641824 -0.418411
0.192859 0.608526
0.438242 -0.0649839
0.0318883 0.802298
0.642573 -0.422742
0.620842 -0.162126
0.195199 0.59186
0.621637 -0.173078
0.622045 -0.179291
0.24618 0.266694
0.635421 -0.363722
0.837769 -0.689518
0.0509458 0.731095
0.196389 0.587986
0.213745 0.452553
0.200859 0.55506
0.834247 -0.643952
0.233226 0.31954
0.25099 0.250835
0.636625 -0.377291
0.230112 0.338099
0.842112 -0.73158
0.437709 -0.0603427
0.0498482 0.734881
0.0308388 0.803049
0.840894 -0.718887
0.418304 0.12863
0.213359 0.457075
0.237759 0.295957
0.411129 0.221516
0.228287 0.35033
0.428124 0.0181033
0.197762 0.574748
0.024747 0.832645
0.427222 0.0319843
0.207291 0.504681
0.0804425 0.675596
0.237018 0.300107
0.443813 -0.0981742
0.193901 0.600353
0.000270964 0.988138
0.431209 -0.00921969
0.232116 0.326246
0.21614 0.433235
0.841222 -0.720976
0.418699 0.125991
0.836889 -0.678946
0.621164 -0.166307
0.841902 -0.729608
0.637672 -0.384457
0.836906 -0.679596
0.00813596 0.913393
0.837974 -0.691874
0.00762874 0.917677
0.226238 0.361904
0.824297 -0.4747
0.230963 0.334439
0.619278 -0.136135
0.205774 0.513152
0.839769 -0.710193
0.205311 0.520755
0.632817 -0.336083
0.243925 0.270187
0.207125 0.507267
0.243322 0.272643
0.0601953 0.700735
0.42934 0.00585006
0.839633 -0.70782
0.196741 0.580756
0.42867 0.0138955
0.217147 0.429337
0.227288 0.354397
