290952 460.037
0.851833 -0.773369
0 1
0.823336 -0.458266
0.652511 -0.458263
0.618398 -0.124239
0.453885 -0.124218
0.409314 0.242156
0.257766 0.242161
0.0830019 0.669652
0.182229 0.669652
0.0321503 0.797321
0.0355929 0.780992
0.422385 0.0815066
0.0584205 0.704255
0.0137903 0.880584
0.054226 0.713392
0.227155 0.353812
0.0288403 0.807781
0.224899 0.367244
0.0054447 0.926995
0.0181461 0.855829
0.423753 0.0613785
0.828125 -0.547768
0.4399 -0.0781416
0.63362 -0.344257
0.830414 -0.589327
0.844907 -0.752565
0.201354 0.544845
0.644509 -0.437739
0.620627 -0.16076
0.841677 -0.72904
0.829037 -0.562693
0.628111 -0.276752
0.00413557 0.938792
0.835755 -0.666615
0.836876 -0.680661
0.0624845 0.695837
0.632299 -0.331505
0.000923014 0.970106
0.252473 0.248278
0.627152 -0.264318
0.411768 0.209906
0.193428 0.599922
0.643204 -0.426935
0.220607 0.397266
0.228284 0.345766
0.434172 -0.0402746
0.41689 0.145003
0.8322 -0.617531
0.0114212 0.893896
0.444074 -0.0987579
0.00690253 0.917283
0.199224 0.559278
0.825576 -0.502501
0.0448143 0.744321
0.622658 -0.195814
0.445693 -0.108933
0.216583 0.427327
0.830009 -0.579457
0.000349637 0.981774
0.215196 0.437776
0.619737 -0.145621
0.0015385 0.960955
0.210057 0.476987
0.0160747 0.865514
0.242568 0.271619
0.221875 0.389008
0.429384 0.00265811
0.185948 0.652185
0.192082 0.609696
0.0428477 0.751345
0.646212 -0.445514
0.824122 -0.471744
0.44155 -0.0899968
0.624937 -0.229385
0.240736 0.27887
0.19005 0.622879
0.203764 0.531215
0.232813 0.32053
0.417698 0.136503
0.41556 0.162149
0.414809 0.173284
0.62983 -0.297069
0.831467 -0.601957
0.641064 -0.412967
0.219522 0.406775
0.842915 -0.73811
0.43573 -0.04766
0.849024 -0.770015
0.416259 0.156063
0.420227 0.104929
0.249717 0.251933
0.0153944 0.871064
0.419477 0.114579
0.206959 0.501972
0.618805 -0.131062
0.0521755 0.719951
0.436193 -0.0560093
0.623301 -0.20595
0.826142 -0.512633
0.427015 0.0284581
0.438259 -0.0707953
0.00784915 0.909863
0.211247 0.469068
0.196229 0.580248
0.414147 0.179375
0.637792 -0.388285
0.00915852 0.902506
0.421805 0.0922303
0.839641 -0.707388
0.204963 0.51654
0.247658 0.258157
0.437407 -0.0638087
0.18675 0.643877
0.000101611 0.989927
0.838427 -0.698899
0.634146 -0.353283
0.188856 0.631515
0.829309 -0.56999
0.206185 0.509214
0.624292 -0.219957
0.202283 0.540616
0.0467857 0.737642
0.22305 0.381486
0.433115 -0.0304617
0.641725 -0.42068
0.229667 0.336382
0.826732 -0.519641
0.625448 -0.238044
0.236499 0.30172
0.223839 0.374508
0.648281 -0.450555
0.825293 -0.492342
0.835168 -0.659937
0.635641 -0.368112
0.634866 -0.360567
0.639736 -0.404713
0.212991 0.455386
0.00229682 0.951909
0.0727611 0.68147
0.840649 -0.716637
0.430617 -0.00801256
0.622142 -0.186511
0.626649 -0.256627
0.824724 -0.486234
0.191259 0.616142
0.208018 0.493272
0.212041 0.461668
0.833205 -0.632241
0.203898 0.523632
0.23388 0.311866
0.257765 0.245513
0.831613 -0.606945
0.418181 0.127403
0.42602 0.0368845
0.00305426 0.946354
0.0225849 0.836388
0.0395216 0.766146
0.238329 0.296738
0.833203 -0.626054
0.187841 0.637169
0.448673 -0.117252
0.43202 -0.020653
0.847119 -0.763257
0.833862 -0.641879
0.0274765 0.815528
0.0732114 0.67483
0.020029 0.846689
0.0790974 0.671719
0.619438 -0.141804
0.631272 -0.318317
0.231495 0.327211
0.827076 -0.529005
0.623757 -0.213143
0.451465 -0.12178
0.420834 0.0974929
0.636559 -0.378156
0.628693 -0.285601
0.82429 -0.476912
0.218518 0.412967
0.0380003 0.771903
0.021147 0.845502
0.428714 0.00887201
0.236018 0.310056
0.431581 -0.0104551
0.41888 0.121911
0.244563 0.265914
0.411467 0.221221
0.0765059 0.672688
0.198085 0.569559
0.631857 -0.324028
0.621767 -0.180023
0.834789 -0.650644
0.410078 0.232193
0.427629 0.0207075
0.195378 0.589184
0.184252 0.659507
0.239515 0.285641
0.194586 0.591929
0.827826 -0.53892
0.630482 -0.307719
0.649942 -0.455808
0.0244476 0.827862
0.197489 0.574257
0.447919 -0.112458
0.0684537 0.682623
0.24626 0.263869
0.0667839 0.69071
0.213909 0.447685
0.428272 0.015958
0.0635388 0.690871
0.209015 0.485399
0.442516 -0.093311
0.638989 -0.399403
0.0503935 0.725125
0.629104 -0.290434
0.425241 0.0486179
0.83793 -0.692033
0.638228 -0.393968
0.837447 -0.687229
0.238853 0.289815
0.425709 0.0427363
0.0105646 0.896255
0.230409 0.33187
0.198964 0.561995
0.626125 -0.24891
0.0255409 0.823108
0.214695 0.444835
0.413352 0.189552
0.412477 0.20024
0.023556 0.833575
0.626005 -0.245316
0.0411787 0.757467
0.630548 -0.310298
0.621087 -0.167601
0.42468 0.0544268
0.0410596 0.759874
0.432493 -0.0252449
0.636315 -0.375524
0.412826 0.1996
0.842546 -0.737433
0.0262065 0.818896
0.0670533 0.684004
0.827278 -0.534788
0.840245 -0.714328
0.184031 0.663138
0.413301 0.190182
0.217436 0.420773
0.834316 -0.64656
0.0482776 0.732924
