251786 460.044
0.851833 -0.773369
1.21864e-16 1
1.21864e-16 1
0.652512 -0.458263
0.823332 -0.458264
0.618397 -0.124219
0.453882 -0.124218
0.409314 0.242161
0.257762 0.242161
0.0830016 0.669652
0.182229 0.669652
0.824219 -0.476195
0.415703 0.159981
0.0381235 0.769712
0.0354288 0.779993
0.444841 -0.105975
0.0054957 0.924923
0.637319 -0.385733
0.186845 0.642784
0.834254 -0.647622
0.621319 -0.173942
0.00953044 0.899565
0.832535 -0.622771
0.0780462 0.670971
0.631473 -0.32215
0.2312 0.329362
0.431674 -0.0191098
0.0318944 0.794538
0.648891 -0.454034
0.0643157 0.688475
0.84225 -0.735148
0.628601 -0.284672
0.0615664 0.694328
0.619989 -0.151348
0.0181848 0.855316
0.197093 0.574023
0.835104 -0.659135
0.0167224 0.8623
0.0591597 0.700045
0.0337178 0.787051
0.229474 0.33757
0.825081 -0.493248
0.22639 0.357276
0.632806 -0.331249
0.627154 -0.26436
0.430619 -0.00944989
0.236582 0.297731
0.0109859 0.89147
0.636183 -0.374799
0.848338 -0.768235
0.442094 -0.0934292
0.18351 0.663126
0.232381 0.320257
0.435229 -0.0489202
0.214854 0.439814
0.846812 -0.762794
0.831265 -0.60312
0.829915 -0.581103
0.632993 -0.340381
0.211473 0.465554
0.414916 0.168463
0.845087 -0.754325
0.213762 0.448088
0.411601 0.211731
0.42713 0.0249055
0.639404 -0.403924
0.424706 0.0507757
0.826869 -0.52717
0.0730488 0.675004
0.423279 0.066715
0.425521 0.0419136
0.419516 0.110959
0.414371 0.17753
0.217276 0.421671
0.198344 0.564957
0.420235 0.102239
0.823784 -0.46705
0.224237 0.371809
0.0246454 0.825817
0.00356945 0.939856
0.195963 0.582109
0.630682 -0.31221
0.0398651 0.762476
0.623781 -0.213666
0.206251 0.505605
0.4381 -0.0697319
0.0429195 0.750968
0.00794206 0.908933
0.618983 -0.134402
0.429904 -0.00150285
0.826482 -0.520081
0.222184 0.386024
0.619384 -0.141314
0.245504 0.261458
0.225206 0.365176
0.00432211 0.933672
0.423987 0.0587403
0.42092 0.0940711
0.0567459 0.70631
0.41678 0.144745
0.624297 -0.221389
0.223 0.380301
0.000923397 0.969586
0.0490973 0.729389
0.190814 0.617597
0.439954 -0.0815116
0.233588 0.313477
0.044681 0.744563
0.209367 0.483789
0.244101 0.266014
0.43272 -0.0283241
0.835681 -0.666699
0.0521381 0.719642
0.839693 -0.712386
0.62198 -0.18482
0.841155 -0.726032
0.0413332 0.756884
0.625746 -0.243763
0.436507 -0.0585619
0.192035 0.609332
0.0231111 0.832633
0.189922 0.623342
0.422832 0.0762793
0.204761 0.516982
0.0679855 0.681841
0.642053 -0.423429
0.207983 0.492332
0.218957 0.409242
0.83346 -0.636384
0.219996 0.401673
0.638372 -0.395227
0.828229 -0.552021
0.24787 0.254823
0.838384 -0.698805
0.843406 -0.743748
0.207368 0.497052
0.242219 0.272827
0.622294 -0.189936
0.0199743 0.846943
0.825216 -0.495882
0.84056 -0.720683
0.0461408 0.739409
0.000100834 0.989958
0.836319 -0.67476
0.626535 -0.255414
0.839041 -0.705764
0.634172 -0.353716
0.622899 -0.199686
0.0219388 0.837932
0.228095 0.349538
0.428976 0.00627946
0.64673 -0.447515
0.0515295 0.721529
0.427891 0.0171062
0.630172 -0.3053
0.413591 0.185612
0.20201 0.539039
0.218152 0.415162
0.623188 -0.204302
0.629328 -0.29452
0.633802 -0.349611
0.0300479 0.802321
0.0150013 0.870709
0.188551 0.632143
0.000449364 0.978795
0.625119 -0.234323
0.825862 -0.508333
0.0550998 0.710872
0.417643 0.13393
0.23835 0.289325
0.449252 -0.11939
0.0129516 0.881069
0.026128 0.81924
0.640907 -0.415501
0.412239 0.203603
0.195163 0.589612
0.0276614 0.812564
0.252401 0.246423
0.0293934 0.805109
0.240762 0.280729
0.202652 0.532977
0.200978 0.545519
0.413173 0.191072
0.837734 -0.691532
0.00252306 0.94957
0.228276 0.345072
0.185522 0.650779
0.643901 -0.434171
0.624835 -0.229992
0.0144672 0.873369
0.00709541 0.914197
0.642976 -0.429242
0.421701 0.0866012
0.410903 0.220972
0.827454 -0.538062
0.0123312 0.884295
0.437228 -0.0625143
0.20538 0.512266
0.62068 -0.163305
0.412604 0.198515
0.450823 -0.122089
0.410651 0.224322
0.0738737 0.674151
0.409963 0.233481
0.418832 0.119237
0.831825 -0.611631
0.0671024 0.683311
0.64494 -0.439891
0.434377 -0.0421684
0.844079 -0.748258
0.63507 -0.363255
0.830527 -0.591236
0.442769 -0.0968015
0.439302 -0.0775219
0.238839 0.286983
0.836821 -0.68089
0.830671 -0.593363
0.620547 -0.161071
0.192819 0.604022
0.626162 -0.249929
0.418714 0.123589
0.446942 -0.113419
0.193614 0.599294
0.827784 -0.543662
0.0206661 0.843748
0.428442 0.0115616
0.825948 -0.509982
0.216062 0.430717
0.829287 -0.570476
0.234793 0.306942
0.235325 0.304143
0.194304 0.593959
0.833568 -0.637939
0.828765 -0.561455
0.20358 0.525955
0.00228478 0.952037
0.421974 0.0816923
0.22114 0.395492
0.832073 -0.615695
0.416864 0.143804
0.212656 0.456511
0.417918 0.130512
0.83727 -0.686229
0.629616 -0.298357
0.200305 0.550525
0.18492 0.654343
0.199236 0.558613
0.627834 -0.274027
0.250071 0.249859
0.627913 -0.275131
