67843 150.021
0.851867 -0.773368
0 1
0.823335 -0.458322
0.652526 -0.458263
0.453881 -0.124218
0.618405 -0.124222
0.409314 0.242158
0.257771 0.242161
0.182229 0.669649
0.0829871 0.669652
0.410649 0.2279
0.411969 0.208113
0.834653 -0.649608
0.628272 -0.275399
0.827175 -0.530261
0.0339946 0.786258
0.253199 0.245007
0.0170589 0.86068
0.227004 0.353871
0.826302 -0.513282
0.419176 0.116031
0.0670826 0.683346
0.433728 -0.0368587
0.0148066 0.872812
0.0278379 0.812936
0.432686 -0.0251529
0.418333 0.131734
0.224684 0.371747
0.239711 0.287372
0.0716527 0.676622
0.0365462 0.775694
0.248858 0.255556
0.624181 -0.219441
0.627171 -0.264204
0.0253333 0.822878
0.220333 0.400577
0.847813 -0.765091
0.221739 0.390945
0.833476 -0.635043
0.439213 -0.0766505
0.623291 -0.205932
0.435255 -0.047378
0.450102 -0.120131
0.41274 0.198384
0.0381109 0.769524
0.620085 -0.152402
0.193281 0.60226
0.42705 0.027956
0.217708 0.430802
0.634504 -0.352427
0.843799 -0.745955
0.244696 0.264027
0.237146 0.298595
0.234461 0.309677
0.61959 -0.142072
0.842566 -0.737002
0.416747 0.148465
0.195071 0.590519
0.209794 0.478438
0.824625 -0.483178
0.031915 0.794452
0.841656 -0.728395
0.0042631 0.937669
0.18372 0.66184
0.0785472 0.671194
0.447363 -0.114281
0.429035 0.00693831
0.228852 0.341547
0.415788 0.157819
0.415111 0.166009
0.641905 -0.41888
0.0481429 0.733197
0.211298 0.469679
0.200056 0.55269
0.424352 0.0547297
0.190559 0.623409
0.426053 0.0380519
0.840585 -0.719617
0.436125 -0.0554129
0.618945 -0.132679
0.0403611 0.760575
0.633586 -0.34473
0.42566 0.0456521
0.431247 -0.0150436
0.640341 -0.411026
0.417469 0.139345
0.635129 -0.363989
0.646045 -0.444463
0.0641966 0.688713
0.240734 0.279516
0.188713 0.636888
0.0748022 0.674026
0.839683 -0.71192
0.648178 -0.449829
0.429883 -0.00122813
0.00851761 0.905457
0.00332904 0.947176
0.639789 -0.403238
0.0502343 0.726808
0.64298 -0.426465
0.63735 -0.382701
0.622336 -0.189564
0.191967 0.612349
0.204945 0.515967
0.00997592 0.897501
0.208792 0.486298
0.440819 -0.0839714
0.219101 0.409839
0.207976 0.493861
0.215285 0.436768
0.630224 -0.306302
0.414392 0.175852
0.205972 0.507767
0.2303 0.334
0.632638 -0.33608
0.441977 -0.0899138
0.0614427 0.697881
0.631036 -0.314771
0.838001 -0.691784
0.831343 -0.603834
0.0462131 0.739275
0.445465 -0.108384
0.625379 -0.238253
0.231135 0.327583
0.620901 -0.162329
0.413459 0.18773
0.626153 -0.248345
0.622885 -0.198508
0.0432917 0.749888
0.825141 -0.493256
0.629679 -0.29875
0.206851 0.501207
0.836355 -0.673673
0.00599299 0.923367
0.626589 -0.254216
0.0015482 0.96082
0.0295807 0.804613
0.00531692 0.929807
0.835287 -0.661465
0.223181 0.382615
0.423858 0.0626734
0.0580341 0.70315
0.651408 -0.453028
0.0132978 0.880293
0.202792 0.534797
0.00233838 0.953219
0.198238 0.566011
0.189797 0.628435
0.011036 0.891443
0.00102592 0.968409
0.0231501 0.833237
0.421713 0.0883566
0.197397 0.574375
0.204415 0.52382
0.247097 0.257115
0.198987 0.56036
0.409868 0.239585
0.420934 0.0949558
0.438136 -0.0658952
0.000623735 0.976146
0.443286 -0.0975382
0.823983 -0.470464
0.629214 -0.289954
0.0419113 0.757143
0.84971 -0.771425
0.000119086 0.989199
0.0449349 0.745144
0.217777 0.419028
0.235843 0.301662
0.430859 -0.00890569
0.631693 -0.32193
0.845643 -0.755867
0.621822 -0.181414
0.827848 -0.544702
0.638482 -0.395432
0.636217 -0.375025
0.227574 0.349611
0.632116 -0.32908
0.0516856 0.721121
0.21199 0.462172
0.419942 0.10719
0.0123302 0.885098
0.827554 -0.539829
0.0187634 0.852857
0.423027 0.0696226
0.0213325 0.841022
0.444044 -0.102591
0.825705 -0.505339
0.831852 -0.612163
0.637947 -0.390799
0.829947 -0.578445
0.0304835 0.800524
0.0239768 0.829311
0.0624399 0.693627
0.828491 -0.554165
0.213703 0.454559
0.830319 -0.583642
0.644615 -0.437269
0.437749 -0.062676
0.00699197 0.915272
0.62472 -0.227699
0.835632 -0.665237
0.233181 0.318228
0.422154 0.0802912
0.428322 0.0168833
0.203324 0.529753
0.833 -0.62934
0.420231 0.102303
0.185762 0.649436
0.828818 -0.557578
0.0569234 0.706003
0.644444 -0.432982
0.0552775 0.711627
0.829357 -0.566589
0.000447805 0.984217
0.62177 -0.174331
0.82421 -0.473412
0.839004 -0.703165
0.413896 0.182302
0.621026 -0.168991
0.243025 0.271015
0.832657 -0.622413
0.845226 -0.753923
0.427742 0.0186291
0.232578 0.320177
0.838694 -0.699986
0.831009 -0.595258
0.837234 -0.684349
0.636077 -0.369174
0.24225 0.272712
0.825425 -0.499792
0.214285 0.444962
0.0203522 0.851782
0.829527 -0.570257
0.830651 -0.591814
0.00761734 0.912217
0.192402 0.60794
0.020737 0.843859
0.201422 0.543197
0.836851 -0.680729
0.422502 0.0755872
0.256179 0.242491
0.196358 0.579292
0.201272 0.544315
0.218165 0.415078
0.832398 -0.616833
0.624994 -0.232187
0.0531047 0.716705
0.212827 0.4568
0.184987 0.653947
