232787 480.051
1 0
0 1
0.736809 0.141624
0.618003 0.213868
0.747357 0.135502
0.556844 0.25378
0.647779 0.195153
0.546847 0.260509
0.91384 0.0440503
0.284281 0.46682
0.169713 0.588038
0.109078 0.669731
0.443608 0.333961
0.515033 0.282342
0.211357 0.540264
0.679588 0.175628
0.163048 0.596208
0.505299 0.289156
0.598799 0.226179
0.0595809 0.755908
0.0452026 0.787391
0.727431 0.147104
0.568123 0.24626
0.628588 0.207165
0.232186 0.518143
0.636647 0.202098
0.215857 0.535396
0.794474 0.108667
0.288955 0.462455
0.455511 0.325085
0.237021 0.513152
0.39392 0.37237
0.362404 0.398
0.252086 0.497918
0.114681 0.661354
0.103067 0.678959
0.949764 0.0254415
0.0482496 0.780342
0.38707 0.37785
0.13934 0.626717
0.491657 0.298817
0.642238 0.198603
0.14318 0.621608
0.407198 0.361879
0.0702393 0.734973
0.191567 0.562316
0.613058 0.21702
0.920305 0.0406749
0.129723 0.639829
8.5737e-05 0.990741
0.401165 0.366624
0.757596 0.1296
0.76384 0.126021
0.572651 0.243263
0.578627 0.239325
0.710596 0.157032
0.883236 0.0601934
0.367715 0.393605
0.80086 0.105092
0.693735 0.167092
0.050728 0.774771
0.336957 0.41952
0.320118 0.43421
0.177007 0.579278
0.788863 0.11182
0.357621 0.401985
0.260523 0.489585
0.532705 0.270134
0.66217 0.186262
0.256507 0.493535
0.0322419 0.82044
0.768727 0.123229
0.0398591 0.800353
0.277987 0.472756
0.00636478 0.92022
0.849017 0.0785791
0.206181 0.545929
0.752712 0.13241
0.666918 0.18335
0.0261251 0.838367
0.704979 0.16037
0.832686 0.0874837
0.0856926 0.707267
0.265006 0.485212
0.41594 0.355066
0.341368 0.415733
0.371823 0.390227
0.594735 0.228809
0.297023 0.455002
0.467898 0.315969
0.00981806 0.900914
0.135435 0.631985
0.411211 0.358742
0.293957 0.457822
0.484618 0.303855
0.965584 0.0173589
0.0628247 0.749351
0.687178 0.171038
0.0374647 0.806442
0.195911 0.557382
0.958951 0.0207395
0.106473 0.673698
0.220391 0.530542
0.0298565 0.82721
0.420147 0.351812
0.925506 0.0379676
0.0197373 0.859511
0.0243717 0.843887
0.943471 0.0286754
0.478311 0.308837
0.203643 0.548731
0.275898 0.47474
0.424532 0.348439
0.536772 0.267353
0.826764 0.0907342
0.0283142 0.831732
0.981791 0.00914614
0.0791441 0.718674
0.906304 0.0479998
0.00547106 0.926033
0.00209349 0.954245
0.497604 0.294589
0.0890739 0.701547
0.0044874 0.933012
0.774412 0.119993
0.270306 0.48009
0.247299 0.502709
0.0176931 0.866984
0.994002 0.00300342
0.00375649 0.93871
0.656079 0.190013
0.0535559 0.768579
0.120169 0.653345
0.837137 0.085048
0.376366 0.386513
0.187601 0.56687
0.152875 0.609008
0.955487 0.02251
0.12537 0.645924
0.160744 0.599072
0.472059 0.312934
0.147078 0.616493
0.777887 0.118021
0.526801 0.274189
0.589267 0.232362
0.0564049 0.762503
0.379582 0.383898
0.132737 0.635669
0.383857 0.380438
0.308624 0.44446
0.815512 0.096943
0.0761443 0.724057
0.149134 0.613821
0.812315 0.0987147
0.899826 0.0514086
0.98641 0.00681807
0.460462 0.321426
0.583151 0.236357
0.60669 0.221097
0.397356 0.369638
0.436847 0.339056
0.463015 0.319548
0.0144479 0.8798
0.561196 0.25087
0.976536 0.0118019
0.241354 0.508722
0.0993384 0.68482
0.0955634 0.690867
0.00773144 0.912071
0.345471 0.412233
0.855334 0.0751571
0.123947 0.647939
0.724724 0.148693
0.182301 0.573033
0.672172 0.180139
0.156898 0.603896
0.223221 0.527537
0.0342598 0.814906
0.939821 0.0305564
0.870039 0.0672413
0.520973 0.278215
0.43034 0.343997
0.449762 0.329357
0.348212 0.409905
0.487041 0.302116
0.54161 0.264059
0.674667 0.178619
0.00294952 0.945691
0.0736921 0.728537
0.0646818 0.745674
0.307149 0.445789
0.000924208 0.969599
0.227678 0.522844
0.820972 0.0939249
0.0932286 0.694666
0.719535 0.151746
0.0355859 0.811358
0.969121 0.0155607
0.875794 0.0641611
0.861476 0.0718425
0.877549 0.0632244
0.990525 0.00474898
0.630648 0.205866
0.0158855 0.873962
0.000617519 0.97515
0.97325 0.0134657
0.0209986 0.855091
0.867726 0.0684819
0.324084 0.430716
0.895431 0.053728
0.842763 0.081979
0.0109424 0.895394
0.93528 0.0329012
0.314246 0.439423
0.0911271 0.698127
0.699849 0.16343
0.000299853 0.982684
0.715845 0.153924
0.332204 0.423628
0.448514 0.330288
0.315056 0.438702
0.930309 0.0354749
0.00137919 0.962863
0.806981 0.101679
0.172366 0.58483
0.689132 0.16986
0.185041 0.569836
0.268595 0.481739
0.607165 0.220792
0.199061 0.553838
0.0424186 0.794042
0.302144 0.450324
0.435611 0.339991
0.475872 0.310165
0.353227 0.405671
0.428629 0.345303
0.0133776 0.884338
0.174524 0.582239
0.331177 0.42452
0.586502 0.234166
0.517291 0.28077
0.00837629 0.908478
0.067502 0.740188
0.500224 0.292735
0.904112 0.049152
0.524594 0.275711
0.656524 0.189738
0.0980933 0.686802
0.853257 0.0762807
0.326779 0.428354
