393436 450.051
1 9.21021e-09
0 1
0.364024 0.396804
0.909948 0.0460883
0.0351516 0.812512
0.0479936 0.780926
0.0849569 0.708526
0.0749615 0.726209
0.0325149 0.819681
0.903392 0.0495307
0.0565455 0.762207
0.369561 0.392215
0.667239 0.183153
0.132139 0.636517
0.285813 0.465385
0.320003 0.434312
0.410955 0.358943
0.0218183 0.85229
0.838932 0.0840679
0.0449457 0.787996
0.0100507 0.899747
0.972634 0.0137779
0.00734866 0.914276
0.429788 0.344418
0.358332 0.401542
0.340405 0.416558
0.461816 0.320429
0.467054 0.316586
0.011965 0.890615
0.472483 0.312626
0.2577 0.492358
0.136778 0.630165
0.832635 0.0875114
0.673386 0.179399
0.156387 0.604542
0.0811065 0.715208
0.0299659 0.826893
0.954351 0.0230912
0.874994 0.0645887
0.916738 0.0425355
0.869094 0.0677478
0.863243 0.0708913
0.661387 0.186743
0.897133 0.0528289
0.766227 0.124656
0.160311 0.599611
0.0510523 0.774053
0.019695 0.859661
0.772154 0.121277
0.168116 0.589981
0.0424087 0.794066
0.164197 0.594788
0.558118 0.252927
0.424752 0.34827
0.750731 0.133552
0.552856 0.256457
0.0534466 0.768815
0.100183 0.683483
0.491586 0.298868
0.943519 0.0286512
0.96172 0.0193268
0.00881062 0.906135
0.501454 0.291866
0.534699 0.268769
0.4564 0.324426
0.932533 0.0343225
0.0783239 0.720136
0.0239734 0.845166
0.0967336 0.68898
0.374569 0.387979
0.716319 0.153643
0.721699 0.150471
0.103447 0.678369
0.880907 0.0614338
0.0597026 0.755659
0.186309 0.568364
0.303202 0.449363
0.345393 0.412298
0.891772 0.0556634
0.263257 0.486914
0.710973 0.156808
0.641333 0.199167
0.128661 0.641306
0.496514 0.295363
0.00607756 0.922041
0.152257 0.609799
0.0380268 0.804995
0.29153 0.460065
0.529556 0.272294
0.827113 0.0905423
0.807536 0.10137
0.636062 0.202465
0.125077 0.646338
0.938257 0.0313635
0.226263 0.524329
0.886069 0.0586878
0.477704 0.308839
0.298791 0.453382
0.00506146 0.928856
0.571174 0.24424
0.172069 0.585188
0.965774 0.0172622
0.0278216 0.833202
0.802205 0.104341
0.277427 0.473286
0.678576 0.176243
0.949676 0.0254866
0.646465 0.195969
0.631058 0.205608
0.281619 0.469322
0.0936293 0.694011
0.486416 0.302565
0.121755 0.651066
0.926942 0.037222
0.84475 0.0808974
0.10683 0.673151
0.777376 0.118311
0.215131 0.536178
0.520218 0.278739
0.190389 0.563664
0.656218 0.189927
0.797 0.107251
0.307662 0.445328
0.0148414 0.878175
0.20789 0.54405
0.602987 0.223478
0.353904 0.405252
0.415929 0.355075
0.506594 0.288246
0.756557 0.130197
0.515202 0.282224
0.109857 0.668553
0.589449 0.232244
0.584221 0.235657
0.00142752 0.962218
0.442961 0.334446
0.821813 0.0934612
0.0258541 0.839208
0.315855 0.438142
0.651437 0.192883
0.203598 0.548781
0.524739 0.275611
0.727035 0.147336
0.451945 0.327732
0.688381 0.170313
0.683587 0.173207
0.626064 0.208758
0.00215391 0.954401
0.447369 0.331143
0.994083 0.002963
0.745553 0.136546
0.419964 0.351954
0.782474 0.115424
0.062099 0.750803
0.349547 0.408775
0.182543 0.572749
0.175585 0.580972
0.921838 0.0398762
0.608166 0.22015
0.539767 0.265311
0.31164 0.441753
0.0164667 0.871677
0.14575 0.618228
0.0133222 0.884578
0.405317 0.363355
0.0398555 0.800362
0.273202 0.477313
0.0179665 0.865961
0.760862 0.127726
0.179147 0.576743
0.211239 0.540393
0.547744 0.259903
0.791893 0.110116
0.230519 0.519876
0.219013 0.532012
0.088433 0.702623
0.386662 0.378178
0.598417 0.226426
0.237671 0.512484
0.435321 0.340211
0.335479 0.420945
0.482109 0.305659
0.621417 0.2117
0.148993 0.614004
0.222405 0.528402
0.071362 0.732863
0.705708 0.159936
0.332347 0.423505
0.616908 0.214565
0.593852 0.229382
0.7408 0.139302
0.787346 0.112675
0.113174 0.663586
0.118391 0.65592
0.510836 0.285272
0.693411 0.167287
0.0648977 0.74525
0.812981 0.0983454
0.193814 0.559757
0.731643 0.144638
0.857513 0.0739799
0.233641 0.516636
0.736236 0.141958
0.00403101 0.93651
0.57605 0.24102
0.246892 0.503118
0.390755 0.374896
0.612382 0.217452
0.378888 0.384461
0.250589 0.499411
0.0670135 0.74113
0.253998 0.496018
0.382416 0.381602
0.000955502 0.969089
0.325881 0.42914
0.197215 0.555911
0.00272574 0.947791
0.294541 0.457283
0.849445 0.0783468
0.398321 0.368873
0.0905548 0.699077
0.816913 0.0961676
0.269619 0.480751
0.142354 0.622701
0.39463 0.371804
0.579842 0.238526
0.200393 0.552347
0.978157 0.0109818
0.438325 0.337938
0.543854 0.262536
0.563266 0.24949
0.697505 0.164832
0.566125 0.247587
0.701653 0.162353
0.139895 0.625975
0.000604638 0.975411
0.115772 0.659747
0.000152581 0.987648
0.000344736 0.981433
0.0697438 0.73591
0.00340197 0.941674
0.266257 0.483999
0.402371 0.365673
3.71346e-05 0.993906
0.85378 0.0759977
0.989554 0.00523653
0.327451 0.427767
0.986 0.00702485
0.981602 0.00924146
0.243437 0.506607
