137902 260.046
0.999996 0.000297245
0 1.00043
0.445347 0.333213
0.222 0.529357
0.197231 0.556441
0.468199 0.316299
0.214423 0.537519
0.869278 0.0681423
0.02312 0.850244
0.0295631 0.828863
0.852809 0.0770207
0.186585 0.568601
0.847309 0.0800047
0.484691 0.304347
0.508573 0.287395
0.881072 0.0617209
0.833696 0.0874069
0.517552 0.281124
0.00400923 0.939134
0.00234313 0.95402
0.784797 0.115342
0.49352 0.298032
0.478226 0.309007
0.638647 0.202339
0.542029 0.264328
0.588869 0.233138
0.81489 0.0977691
0.0174544 0.870207
0.580537 0.238587
0.000842639 0.971882
0.0145522 0.881704
0.877338 0.0638279
0.89191 0.0560526
0.53389 0.269852
0.775528 0.120717
0.569206 0.246063
0.0106622 0.8991
0.0122273 0.89053
0.0210061 0.855879
0.154624 0.607346
0.0459908 0.786217
0.657817 0.189462
0.5249 0.275877
0.179667 0.57682
0.562476 0.250538
0.823004 0.0933089
0.0489234 0.779635
0.000421311 0.980388
0.219631 0.531895
0.645085 0.198316
0.825229 0.0920582
0.00154814 0.962891
0.531414 0.27155
0.0594827 0.756879
0.15064 0.612483
0.694767 0.166985
0.17438 0.583004
0.0367608 0.808908
0.609625 0.22076
0.000186646 0.98721
0.665961 0.185287
0.614312 0.217732
0.169243 0.589137
7.3075e-05 0.993973
0.0188571 0.863258
0.832872 0.0878842
0.00505568 0.931339
0.690173 0.169774
0.0314391 0.823531
0.810676 0.100107
0.0749782 0.728324
0.632433 0.205272
0.521496 0.278387
0.0576358 0.762113
0.504762 0.291137
0.712139 0.157437
0.795987 0.10905
0.699812 0.164899
0.671593 0.18184
0.622948 0.21126
0.0673988 0.741041
0.158126 0.603052
0.0620266 0.751569
0.626954 0.209575
0.0508977 0.775137
0.652235 0.19375
0.00756338 0.913916
0.0656885 0.745627
0.647725 0.195685
0.076851 0.723389
0.0413259 0.798946
0.725581 0.149617
0.553124 0.256648
0.79146 0.111627
0.148251 0.615537
0.166983 0.591993
0.110823 0.667688
0.173035 0.584517
0.14567 0.618905
0.0901761 0.700308
0.76302 0.12701
0.00608366 0.92289
0.896574 0.053475
0.0137551 0.884853
0.47987 0.307819
0.0694051 0.737206
0.0442049 0.791793
0.0807578 0.716537
0.931711 0.0351584
0.76628 0.125146
0.181949 0.574036
0.968494 0.0162612
0.961449 0.0198043
0.124611 0.64758
0.078596 0.720297
0.721982 0.151618
0.935518 0.0332098
0.108594 0.671093
0.770451 0.12352
0.1011 0.682704
0.164206 0.595476
0.0341067 0.816159
0.964898 0.0180679
0.900083 0.0516231
0.716576 0.154918
0.0988587 0.686286
0.082544 0.713284
0.0921315 0.697178
0.0879219 0.704159
0.00651985 0.92164
0.75212 0.134002
0.951352 0.0249898
0.78815 0.112736
0.0398164 0.802698
0.947757 0.0267416
0.113078 0.664246
0.957733 0.0217229
0.910024 0.0464181
0.55739 0.253938
0.59281 0.231616
0.605131 0.222609
0.991029 0.00491588
0.497108 0.296582
0.0845509 0.709828
0.702952 0.162904
0.981183 0.0097183
0.18468 0.570945
0.0339084 0.816655
0.122078 0.65129
0.0431289 0.79437
0.136276 0.631559
0.0530552 0.771796
0.906319 0.0483144
0.117011 0.658517
0.106623 0.674133
0.972087 0.0143913
0.729282 0.147285
0.747819 0.135759
0.128683 0.641822
0.655052 0.19117
0.740352 0.140946
0.126505 0.644906
0.801436 0.105281
0.573036 0.243528
0.630891 0.207213
0.140205 0.626135
0.550426 0.258566
0.754929 0.132425
0.944531 0.028494
0.0558447 0.765698
0.708716 0.159469
0.00199092 0.957811
0.114965 0.661521
0.954672 0.0232683
0.916324 0.0431208
0.063456 0.748826
0.913028 0.0448452
0.928283 0.0369153
0.987556 0.0065541
0.90351 0.0498846
0.984632 0.00807032
0.731752 0.145873
0.68673 0.171823
0.00944348 0.905188
0.684797 0.173898
0.162217 0.59783
0.60041 0.225651
0.138264 0.628772
0.159996 0.600673
0.104699 0.677164
0.977926 0.0114561
0.0383743 0.806349
0.799356 0.107154
0.681451 0.17596
0.706052 0.161047
0.0728513 0.732065
0.922252 0.0400073
0.102985 0.679789
0.134052 0.63459
0.925384 0.0384212
0.666443 0.184187
0.919399 0.0415818
0.0868303 0.70745
0.577577 0.240558
0.545515 0.261884
0.618986 0.21375
0.938765 0.0315536
0.0970301 0.689138
0.0544341 0.768651
0.597736 0.22842
0.00461919 0.93451
0.941356 0.0300857
0.743381 0.139096
0.97508 0.0128968
0.130653 0.639158
0.994354 0.00320391
0.718713 0.153503
0.0941414 0.693774
0.618046 0.21535
0.0717387 0.73426
0.806691 0.102324
0.996787 0.0019621
0.735395 0.143869
0.119003 0.655582
0.559302 0.252658
0.00803551 0.911382
0.849304 0.0788966
0.674022 0.179529
0.0181148 0.86627
0.547311 0.260615
0.805676 0.103664
0.499446 0.293825
0.595662 0.229765
0.759712 0.129754
0.501909 0.293181
0.132372 0.636786
0.737151 0.142728
0.773495 0.121734
0.74585 0.137629
0.603443 0.224734
0.00886387 0.906732
0.0953676 0.691709
0.575059 0.242132
0.143388 0.621943
0.758349 0.130457
0.142453 0.62318
0.120495 0.653497
0.678515 0.176823
0.892798 0.0554939
0.0308357 0.826426
