642660 280.007
3.44745e-12 5.72328
1.17679e-08 5.3566
2.08036e-08 4.01343
6.12605e-08 3.72846
6.91718e-07 3.70877
0.0859325 3.14582
0.258439 2.73234
0.966374 1.81323
0.0859394 3.13647
0.943693 1.84476
0.937307 1.86591
0.25843 2.74115
0.275483 2.69893
0.619199 2.18634
0.146306 2.95352
5.94674e-07 3.71543
0.619182 2.19316
0.816034 1.97013
0.505506 2.35304
0.999894 1.77895
0.666988 2.11438
0.89818 1.87567
0.948097 1.83099
0.769642 2.01103
0.266135 2.70497
0.959246 1.82162
0.175191 2.90877
0.725517 2.05289
0.710601 2.08444
0.725514 2.05354
0.769643 2.00093
0.218963 2.81332
0.184756 2.86768
0.762508 2.02477
7.35815e-07 3.69325
0.869689 1.92276
0.974319 1.79641
0.659331 2.1197
0.505514 2.33023
0.505517 2.31937
0.47351 2.38272
0.649894 2.13118
0.473518 2.37164
0.0978242 3.08647
0.218964 2.79372
0.428629 2.42305
0.201607 2.82908
0.151867 2.93835
0.505507 2.33391
0.319667 2.60976
0.0582886 3.21143
0.135497 2.97533
0.319669 2.59862
0.86969 1.89534
0.975686 1.77987
0.202403 2.82029
0.218973 2.78057
0.0114212 3.47546
0.428617 2.43026
0.151876 2.93315
7.19262e-06 3.66037
0.725525 2.04087
4.92757e-06 3.6629
0.00394279 3.55516
2.0931e-06 3.6733
0.0613049 3.20515
0.428622 2.43
0.0917729 3.09961
