21312 80.014
1 0
8.94012e-18 1
0.00425493 0.93477
0.562723 0.249851
0.41055 0.359258
0.401294 0.366523
0.552124 0.25695
0.00233985 0.951628
0.868857 0.0678751
0.512353 0.284211
0.798862 0.106209
0.878637 0.0626437
0.117557 0.657134
0.0959738 0.690213
0.367883 0.393466
0.807512 0.101383
0.778044 0.117932
0.718229 0.152516
0.0615871 0.751832
0.283478 0.467573
0.504051 0.290034
0.00577394 0.924014
0.740835 0.139282
0.0515397 0.772976
0.423103 0.349536
0.943934 0.0284374
0.646873 0.195716
0.971872 0.0141642
0.670898 0.180917
0.937779 0.0316099
0.703913 0.161005
0.901363 0.0505984
0.589248 0.232375
0.889025 0.0571189
0.22235 0.52846
0.213995 0.537404
0.162505 0.59688
0.217962 0.533136
0.677079 0.177152
0.688579 0.170193
0.0258186 0.839318
0.784184 0.114458
0.33993 0.416964
0.641717 0.198928
0.60834 0.220038
0.144663 0.619654
0.307659 0.44533
0.771759 0.121502
0.058672 0.757777
0.265447 0.484784
0.582402 0.236847
0.850361 0.0778499
0.236399 0.513792
0.352748 0.406074
0.133473 0.63466
0.63646 0.202216
0.279178 0.471627
0.172204 0.585025
0.360013 0.399989
0.538764 0.265995
0.855479 0.0750788
0.0777635 0.721139
0.388764 0.376491
0.0286494 0.830739
0.833136 0.087237
0.470792 0.313857
0.758349 0.129168
0.122134 0.650523
0.254129 0.495888
0.543685 0.26265
0.882741 0.0604569
0.380078 0.383496
0.486477 0.302521
0.00100405 0.968313
0.259466 0.490622
0.631643 0.20524
0.205054 0.547172
0.38516 0.379387
0.0195419 0.860208
0.0379704 0.80514
0.373718 0.388675
0.652833 0.192019
0.0469441 0.783334
0.0355739 0.811389
0.793603 0.109156
0.932152 0.03452
0.245338 0.504684
0.232083 0.51825
0.0650908 0.744871
0.0997824 0.684116
0.0690865 0.737157
0.844764 0.0808896
0.579215 0.238938
0.656417 0.189804
0.275067 0.475532
0.183622 0.571489
0.0323128 0.820242
0.734593 0.142916
0.302453 0.450043
0.965653 0.0173235
0.108266 0.670963
0.789011 0.111737
0.149252 0.613669
0.927692 0.0368321
8.54555e-05 0.990756
0.474557 0.311119
0.101852 0.680858
0.141944 0.623245
0.442762 0.334596
0.129675 0.639896
0.573278 0.242849
0.0803171 0.716597
0.394089 0.372235
0.158879 0.601404
0.724022 0.149105
0.449912 0.329245
0.324313 0.430516
0.186496 0.568148
0.0298274 0.827294
0.548251 0.25956
0.0745466 0.726968
0.179583 0.576228
0.457709 0.323458
0.991647 0.00418518
0.0113926 0.893264
0.438907 0.3375
0.344804 0.412799
0.3176 0.43644
0.711814 0.156309
0.329977 0.425564
0.11363 0.66291
0.00671138 0.918077
0.294776 0.457067
0.479216 0.307746
0.955228 0.0226423
0.922564 0.0394982
0.150996 0.611418
0.455335 0.325215
0.19618 0.557078
0.0429167 0.792836
0.914924 0.0434833
0.0131807 0.885193
0.226468 0.524113
0.111958 0.665399
0.626795 0.208296
0.127435 0.64302
0.698331 0.164338
0.662153 0.186272
0.463419 0.319251
0.000205508 0.985664
0.0863175 0.706202
0.415844 0.355141
0.0454014 0.786924
0.746535 0.135977
0.56847 0.246031
0.90761 0.0473144
0.396756 0.370114
0.0919686 0.696737
0.417921 0.353532
0.0230779 0.848086
0.124102 0.647718
0.00167796 0.959037
0.465323 0.317854
0.0894499 0.700918
0.825992 0.0911588
0.319833 0.434463
0.7095 0.157682
0.997479 0.00126112
0.613577 0.216689
0.447171 0.331292
0.0525796 0.770698
0.48255 0.305342
0.138447 0.627915
0.860846 0.0721821
0.166908 0.591456
0.623419 0.210431
0.000486011 0.977954
0.86357 0.0707154
0.530027 0.271971
0.763904 0.125984
0.523438 0.27651
0.039932 0.80017
0.619231 0.213088
0.0337412 0.816312
0.820159 0.0943739
0.00772474 0.912109
0.312457 0.441022
0.270512 0.479892
0.0175342 0.867583
0.262071 0.488071
0.727211 0.147233
0.155256 0.605974
0.136616 0.630384
0.0667207 0.741696
0.731462 0.144745
0.603276 0.223292
0.0829649 0.711964
0.918671 0.0415268
0.00986666 0.900669
0.347452 0.410549
0.434811 0.340598
0.376418 0.386471
0.299893 0.452375
0.362737 0.397724
0.0244289 0.843702
0.2289 0.521565
0.838671 0.0842101
0.492993 0.297866
0.200594 0.552122
0.69448 0.166645
0.289143 0.462279
0.0170266 0.869514
0.491743 0.298756
0.0554932 0.76443
0.596948 0.227376
0.498432 0.294003
0.683729 0.173121
0.909836 0.046147
0.525087 0.275371
0.828335 0.0898709
0.00850323 0.907787
0.983459 0.0083049
0.0152554 0.876487
0.289262 0.462169
0.105447 0.675274
0.89601 0.0534217
0.0148384 0.878187
0.43233 0.342485
0.534073 0.269197
0.818191 0.0954609
0.894283 0.0543347
0.681628 0.174393
0.327394 0.427817
0.0719659 0.731735
0.250132 0.499868
0.334813 0.42137
0.20958 0.542201
0.753764 0.131804
0.601242 0.224602
0.194222 0.559294
0.958943 0.0207439
0.190199 0.563881
0.0414337 0.796447
0.97754 0.0112938
0.000685635 0.973815
0.665974 0.183928
0.962097 0.0191344
0.242519 0.507538
0.813264 0.0981884
0.517885 0.280358
