807261 180.002
2.15622e-11 159.179
1.46422e-10 6.47071
1.58576e-09 4.59805
0.327969 3.22252
0.155806 3.55069
0.0657888 4.01998
0.0657925 3.89538
0.327973 3.22135
0.568242 2.8435
0.203098 3.49086
0.15579 3.57314
0.203098 3.50922
0.327964 3.22808
0.968077 2.37108
0.821706 2.50538
0.778173 2.54381
0.327977 3.15813
0.56824 2.87439
0.344926 3.11664
0.132088 3.63345
0.327964 3.23158
0.968083 2.2684
0.259205 3.26527
0.64038 2.56378
0.568248 2.76264
0.356542 3.08673
3.68306e-08 4.39926
0.568252 2.71937
0.15581 3.51818
0.000568094 4.39333
0.436344 2.95087
0.327964 3.26016
0.0107724 4.0776
0.0776097 3.71675
0.13208 3.67614
