413058 600.001
1 0.150593
0 1.28374
0.142631 0.857959
0.508681 0.475837
0.350313 0.613133
0.5 0.482152
0.384917 0.582093
0.0430995 1.05063
0.0799996 0.966599
0.0120997 1.16066
0.085022 0.957675
0.357889 0.605621
0.165569 0.824313
0.265994 0.70394
0.0458786 1.04114
0.135023 0.866342
0.0945419 0.935529
0.398842 0.569114
0.278005 0.689387
0.622175 0.389835
0.763354 0.295321
0.162066 0.833235
0.169413 0.818391
0.630187 0.385495
0.00787212 1.183
0.102022 0.922662
0.199258 0.77942
0.957493 0.176359
0.370751 0.594348
0.878485 0.2218
0.90929 0.204698
0.717395 0.326193
0.126065 0.880863
0.903855 0.209245
0.0989956 0.929903
0.415042 0.555809
0.803066 0.269352
0.340048 0.624204
0.796486 0.274371
0.28546 0.679173
0.769286 0.290661
0.0398973 1.05886
0.885108 0.217915
0.547394 0.444204
0.312639 0.64994
0.515077 0.472266
0.00726255 1.19517
0.541973 0.450131
0.106617 0.916815
0.404211 0.563982
0.841381 0.245221
0.496721 0.487299
0.950467 0.179766
0.873676 0.226369
0.211578 0.764495
0.408335 0.559212
0.437053 0.536049
0.326642 0.636877
0.442502 0.532081
0.000885774 1.2553
0.814018 0.262313
0.146462 0.850847
0.0605544 1.01018
0.897098 0.212247
0.835914 0.249388
0.780753 0.283884
0.18418 0.799277
0.000432941 1.26558
0.964179 0.173736
0.0268328 1.10714
0.42018 0.551308
0.0232339 1.11502
0.587619 0.415445
0.979301 0.16403
0.0301431 1.09324
0.914715 0.200142
0.0740014 0.979244
0.462718 0.516463
0.581991 0.419344
0.774688 0.287058
0.291143 0.673707
0.0673345 0.991381
0.0703549 0.984575
0.848195 0.242704
0.00240631 1.2317
0.0906046 0.942833
0.808563 0.266769
0.0769933 0.972234
0.455227 0.519653
0.24085 0.729751
0.830835 0.253476
0.756657 0.29846
0.490195 0.49164
0.19664 0.787559
0.89254 0.216661
0.131484 0.875407
0.946177 0.184118
0.993698 0.155444
0.692875 0.343303
0.712289 0.331569
0.0169695 1.14019
0.698027 0.339968
0.037723 1.06563
0.365811 0.60011
0.122426 0.886513
0.281796 0.684248
0.251661 0.716415
0.000217331 1.2747
0.0567273 1.01597
0.567306 0.430763
0.00954678 1.17598
0.786424 0.280166
0.572647 0.426983
0.319083 0.645904
0.121271 0.894127
0.245207 0.723435
0.273107 0.696759
0.554321 0.443061
0.173651 0.811465
0.205409 0.769633
0.819518 0.258894
0.477969 0.499885
0.868362 0.230886
0.22936 0.741552
0.0322537 1.08525
0.824174 0.255471
0.557801 0.437527
0.577803 0.424098
0.0111998 1.16816
0.378223 0.588247
0.109869 0.91086
0.157585 0.837294
0.0361687 1.07343
0.334195 0.628732
0.392852 0.573492
0.939296 0.186287
0.983965 0.160758
0.651252 0.369472
0.188041 0.793109
0.744712 0.308868
0.0277447 1.10003
0.602965 0.406272
0.3896 0.576446
0.322304 0.642345
0.856765 0.234979
0.56427 0.436099
0.648285 0.374071
0.180332 0.804558
0.855082 0.241162
0.432204 0.540818
0.935895 0.190225
0.153286 0.841286
0.538027 0.454292
0.150219 0.846304
0.863791 0.23348
0.0037097 1.21599
0.791537 0.2775
0.00367505 1.22475
0.686621 0.346059
0.259204 0.709679
0.308963 0.655367
0.474095 0.504469
0.929546 0.192627
0.0621743 1.0019
0.427868 0.550315
0.657274 0.366523
0.00462902 1.20862
0.613932 0.402148
0.972813 0.168015
0.596988 0.409514
0.665875 0.359533
0.921424 0.198557
0.465854 0.511878
0.701886 0.334644
0.203574 0.77382
0.469581 0.507452
0.660433 0.362924
0.331284 0.632177
0.723901 0.323332
0.233813 0.736356
0.730908 0.31582
0.0497582 1.03558
0.606149 0.402245
0.594457 0.413526
0.00641183 1.2021
0.0650625 0.998273
0.989062 0.157342
0.643908 0.378595
0.675091 0.354809
0.0353121 1.08083
0.0222869 1.12201
0.0191657 1.1337
0.22672 0.746595
0.0150259 1.149
0.296009 0.671358
0.00227554 1.24269
0.635271 0.38274
0.969095 0.169381
0.520005 0.467755
0.308207 0.662064
0.726687 0.32005
0.11349 0.906553
0.19426 0.793014
0.748521 0.303851
0.259086 0.713258
0.269481 0.698211
0.526824 0.462328
0.0196769 1.12717
0.298498 0.666141
0.671991 0.359128
0.925159 0.195102
0.303128 0.664242
0.738817 0.310532
0.706149 0.3324
0.752938 0.302903
0.237032 0.73358
0.376633 0.590895
0.484071 0.497429
0.362503 0.603732
0.177306 0.808927
0.678859 0.350632
0.428438 0.543711
0.250285 0.721936
0.735685 0.313641
0.223036 0.75046
0.116699 0.898553
0.00146321 1.24644
0.447613 0.527691
0.0510533 1.03045
0.639552 0.380468
0.215683 0.760736
0.618642 0.394642
0.056577 1.02431
0.0869579 0.951008
0.682546 0.348785
0.22068 0.753986
0.532812 0.457086
0.52265 0.465342
0.134688 0.871404
0.451806 0.52353
0.615707 0.396128
0.488583 0.497387
0.347585 0.620209
0.346121 0.620988
0.220401 0.760718
0.0525499 1.02477
0.0905318 0.950494
0.53256 0.461337
0.115072 0.90131
0.0152389 1.14817
