168509 360.043
1 1.11022e-16
2.13865e-18 1
0.0481156 0.780647
0.171359 0.586044
0.929494 0.0358973
0.290414 0.461099
0.1648 0.594045
0.0287823 0.830346
0.45264 0.327215
0.801619 0.104668
0.409296 0.360237
0.0325963 0.819456
0.444134 0.333566
0.298145 0.453973
0.511929 0.284508
0.226451 0.524132
0.912076 0.0449733
0.337809 0.418786
0.505102 0.289295
0.348654 0.40953
0.19048 0.56356
0.00996405 0.90018
0.087182 0.704734
0.485381 0.303307
0.28572 0.465472
0.0435201 0.791385
0.89708 0.0528571
0.21392 0.537485
0.426955 0.346582
0.18379 0.571292
0.470298 0.314217
0.548504 0.259389
0.382747 0.381334
0.0200985 0.858231
0.175799 0.580716
0.280846 0.470051
0.160797 0.599005
0.23101 0.519365
0.0782242 0.720314
0.0267286 0.836511
0.0244304 0.843698
0.00216154 0.953508
0.872057 0.06616
0.054383 0.766798
0.235178 0.515049
0.688462 0.170264
0.85515 0.075257
0.064832 0.745379
0.465468 0.317748
0.74394 0.13748
0.63928 0.20045
0.0750202 0.726102
0.0813899 0.714711
0.554039 0.255662
0.331897 0.423895
0.66121 0.186852
0.73762 0.141152
0.475964 0.310099
0.919763 0.0409575
0.543225 0.262962
0.840933 0.0829763
0.000840992 0.971
0.416933 0.354296
0.0915247 0.69747
0.861679 0.0717333
0.624233 0.209916
0.314837 0.438897
0.000414423 0.979643
0.220909 0.529991
0.877593 0.0632006
0.139394 0.626645
0.196615 0.556587
0.0124435 0.88845
0.480167 0.307059
0.977199 0.0114663
0.72311 0.149641
0.404796 0.363778
0.568216 0.246199
0.353891 0.405113
0.866081 0.0693652
0.728258 0.14662
0.14846 0.614695
0.793149 0.109411
0.0845289 0.709261
0.807532 0.101372
0.125096 0.646311
0.760126 0.128148
0.704967 0.160377
0.0398696 0.800326
0.311063 0.44227
0.748672 0.134742
0.0344154 0.814486
0.105918 0.67455
0.652246 0.192383
0.599811 0.225525
0.31995 0.434359
0.132979 0.635337
0.00520115 0.927881
0.666106 0.183847
0.371184 0.390751
0.68324 0.173416
0.0573836 0.760451
0.811701 0.0990557
0.0677686 0.739676
0.135672 0.631663
0.246498 0.503515
0.983535 0.00826674
0.253599 0.496414
0.322958 0.431706
0.962324 0.019019
0.103328 0.678553
0.263933 0.486256
0.573358 0.242796
0.73315 0.143758
0.156846 0.603962
0.497473 0.294682
0.850248 0.0779112
0.400275 0.367327
0.0154294 0.875786
0.440494 0.336303
0.655481 0.190382
0.51742 0.280681
0.218388 0.53268
0.422261 0.350184
0.46022 0.321605
0.767982 0.123654
0.845656 0.0804042
0.0720616 0.731557
0.618943 0.213271
0.301423 0.45098
0.239705 0.510404
0.142674 0.622278
0.249758 0.500242
0.00920352 0.904065
0.995838 0.00208309
0.00772796 0.912091
0.82699 0.0906098
0.0181607 0.865238
0.527441 0.273748
0.579605 0.238682
0.679 0.175986
0.670663 0.18106
0.00635632 0.920273
0.207643 0.544321
0.179583 0.576227
0.242246 0.507815
0.968463 0.0158951
0.0141773 0.880932
0.950927 0.0248453
0.201214 0.551431
0.558862 0.252429
0.203045 0.549395
0.00300817 0.945153
0.435858 0.339805
0.674651 0.178629
0.109427 0.669203
0.145535 0.618509
0.699139 0.163854
0.272699 0.477843
0.0171011 0.869229
0.774271 0.120073
0.152451 0.60955
0.360403 0.399664
0.457135 0.323882
0.25955 0.49054
0.944893 0.0279441
0.209575 0.542206
6.23562e-05 0.992103
0.694235 0.166792
0.500543 0.29251
0.00440998 0.933592
0.990601 0.00471067
0.70888 0.15805
0.615462 0.215486
0.817273 0.0959682
0.000167237 0.987068
0.387918 0.377169
0.0426073 0.793585
0.594122 0.229207
0.940743 0.030081
0.0618568 0.75129
0.0699983 0.735428
0.905021 0.048674
0.39466 0.37178
0.765077 0.125313
0.784096 0.114508
0.891911 0.0555895
0.113342 0.663337
0.389741 0.375707
0.903959 0.0492326
0.71811 0.152587
0.365658 0.395303
0.780082 0.116777
0.538443 0.266213
0.3574 0.402171
0.834732 0.0863633
0.257296 0.492756
0.0510756 0.774001
0.524282 0.275927
0.646018 0.196249
0.918362 0.0416879
0.520474 0.278561
0.958427 0.0210072
0.787944 0.112338
0.121727 0.651106
0.634274 0.203587
0.129228 0.640517
0.491026 0.299267
0.882822 0.0604138
0.0935013 0.69422
0.10009 0.683629
0.276499 0.474168
0.491932 0.298621
0.343418 0.413981
0.00149548 0.961329
0.268357 0.481969
0.644986 0.19689
0.591824 0.230699
0.822595 0.0930298
0.935607 0.0327324
0.629233 0.206758
0.88908 0.0570898
0.0381587 0.804658
0.0221483 0.851177
0.61106 0.218297
0.987205 0.00641832
0.713089 0.155554
0.32791 0.427366
0.0517579 0.772496
0.374009 0.388438
0.377934 0.385237
0.585579 0.234769
0.532555 0.270236
0.117556 0.657136
0.116123 0.659232
0.342702 0.414592
0.577149 0.240297
0.432628 0.342256
0.00131979 0.963671
0.0957574 0.690553
0.306666 0.446226
0.120378 0.653045
0.753736 0.13182
0.563672 0.249219
0.396616 0.370226
0.0592781 0.756529
0.305653 0.447141
0.154263 0.607236
0.128221 0.64192
0.585498 0.234821
