255381 580.065
1 0.6258
0 2.06246
0.942471 0.668883
0.696208 0.865711
0.953609 0.660491
0.00550579 1.96141
0.827322 0.76012
0.401619 1.15419
0.817422 0.764434
0.231949 1.37285
0.687546 0.871839
0.832087 0.753258
0.353879 1.21099
0.408245 1.14789
0.275056 1.31187
0.702069 0.858257
0.22596 1.38218
0.0799225 1.66156
0.0592078 1.7147
0.00414176 1.9809
0.346869 1.21903
0.887017 0.711824
0.149702 1.50954
0.499926 1.04791
0.562878 0.984334
0.145176 1.5182
0.89481 0.707704
0.119977 1.56792
0.709229 0.854627
0.787746 0.790669
0.611946 0.940683
0.00988565 1.9246
0.000228629 2.04942
0.982177 0.640179
0.900534 0.703334
0.930061 0.677277
0.988845 0.635671
0.326929 1.24232
0.871234 0.727581
0.0473545 1.7551
0.862389 0.729322
0.0450516 1.76513
0.776729 0.799643
0.0682724 1.69009
0.0627311 1.70691
0.630753 0.924129
0.714661 0.848842
0.938262 0.674524
0.519792 1.02946
0.880933 0.716653
0.011643 1.91201
0.604113 0.945168
0.995395 0.632201
0.0963975 1.6186
0.116697 1.5765
0.419792 1.13593
0.236844 1.36677
0.425027 1.1302
0.758946 0.811556
0.447851 1.10284
0.0998898 1.61085
0.0499496 1.74539
0.190162 1.43859
0.461642 1.08978
0.429778 1.12451
0.269183 1.31867
0.016945 1.88354
0.379376 1.18059
0.669213 0.890067
0.617235 0.936691
0.0834925 1.65157
0.0144629 1.89252
0.0209606 1.86073
0.36531 1.1955
0.968695 0.648849
0.914633 0.690171
0.157285 1.49614
0.242064 1.3616
0.52566 1.02598
0.875999 0.722054
0.0761696 1.67056
0.781054 0.79472
0.0665034 1.69883
0.576669 0.974752
0.0230331 1.85071
0.109721 1.58886
0.76901 0.80396
0.80178 0.776101
0.0556168 1.72609
0.153561 1.50145
0.0370884 1.79767
0.674072 0.884114
0.84877 0.741264
0.279062 1.30288
0.792343 0.783532
0.441968 1.10741
0.494115 1.05435
0.194313 1.43194
0.513796 1.03511
0.201166 1.41991
0.185987 1.44555
0.0021749 1.99999
0.042077 1.77412
0.434805 1.11879
0.644741 0.909185
0.0323996 1.81337
0.0133059 1.90347
0.635412 0.918926
0.964458 0.654947
0.839892 0.747911
0.10509 1.59684
0.505473 1.04209
0.0927869 1.62651
0.387669 1.16967
0.640751 0.91497
0.926934 0.685259
0.529129 1.01797
0.294923 1.28392
0.161924 1.4885
0.732351 0.834207
0.477246 1.06907
0.383313 1.17343
0.321639 1.24838
0.206085 1.4139
0.920109 0.686043
0.370296 1.18917
0.291017 1.28898
0.299427 1.27811
0.13027 1.54796
0.0340831 1.80253
0.00673403 1.95084
0.396176 1.16241
0.112596 1.5831
0.00052314 2.0359
0.141208 1.52533
0.754357 0.817635
0.310881 1.26351
0.650388 0.90522
0.662428 0.892728
0.0288547 1.8186
0.765708 0.808226
0.124248 1.5598
0.0240306 1.84059
0.244647 1.35305
0.00375548 1.98806
0.222906 1.38947
0.580329 0.969588
0.251857 1.34331
0.19794 1.42598
0.182332 1.45108
0.473709 1.0762
0.286568 1.29446
0.438615 1.1136
0.373758 1.18505
0.31396 1.25875
0.266032 1.32434
0.103529 1.60325
0.318023 1.25221
0.0861209 1.64526
0.46674 1.08361
0.342581 1.22365
0.809397 0.773367
0.959344 0.658796
0.557699 0.990318
0.745925 0.824925
0.332646 1.23724
0.546046 1.0021
0.255978 1.33773
0.797893 0.781189
0.551514 0.99875
0.453609 1.09846
0.305947 1.26947
0.00867099 1.93507
0.125712 1.55417
0.813104 0.771237
0.221826 1.39815
0.907659 0.699087
0.0727282 1.6813
0.00122142 2.01777
0.682553 0.877008
0.0401846 1.78709
0.539049 1.01195
0.534414 1.01553
0.357382 1.204
0.720145 0.844083
0.456927 1.09507
0.170102 1.47356
0.65521 0.902139
0.338589 1.2283
0.249105 1.34975
0.17916 1.4576
0.174061 1.46896
0.858423 0.735785
0.541769 1.0058
0.360755 1.20061
0.728133 0.838953
0.660007 0.898921
0.585397 0.965392
0.0526756 1.73716
0.215104 1.39871
0.131832 1.54045
0.491153 1.05928
0.592332 0.957691
0.393322 1.16465
0.601039 0.95104
0.483197 1.06698
0.751199 0.822723
0.842541 0.744937
0.854555 0.738061
0.680169 0.881644
0.282908 1.29904
0.599083 0.957354
0.00164147 2.00871
0.486436 1.06287
0.000961091 2.02814
0.134904 1.53507
0.509685 1.03872
0.908675 0.694585
0.139773 1.53274
0.208406 1.40772
0.176527 1.46278
0.211859 1.40345
0.00854639 1.94336
0.0276405 1.82859
0.261167 1.3287
0.0881468 1.63687
0.624002 0.928807
0.165976 1.47751
0.302726 1.27259
0.589119 0.962553
0.622682 0.930777
0.336026 1.23434
0.738302 0.830691
0.47008 1.08062
0.555644 0.995041
0.0270984 1.83458
0.0912019 1.63431
0.165315 1.48477
0.740409 0.828318
0.724617 0.842894
0.25937 1.33307
0.0187302 1.87322
0.413365 1.14106
0.0198169 1.87124
0.0758355 1.68053
0.0402028 1.78183
0.0550159 1.73302
0.975746 0.643982
0.974892 0.644799
0.572925 0.98197
