6118 10.0014
0.0486615 0.963137
0.0129792 1.17962
0.0362241 1.02214
0.0635338 0.839008
0.0568361 0.956438
0.097905 0.789148
0.0265429 1.05587
0.0384821 0.964895
0.0362698 1.01368
0.000625593 1.62587
0.0387442 0.964318
0.0583332 0.949449
0.00422516 1.22459
0.0181833 1.15197
0.0250054 1.14219
0.522992 0.367445
0.118033 0.777466
0.14512 0.689045
0.000822302 1.39153
0.0130184 1.17958
0.436267 0.427146
0.277915 0.533828
0.925402 0.270505
0.336851 0.483086
0.177592 0.656523
0.313087 0.510685
0.19518 0.610823
0.265448 0.541653
0.133936 0.748941
0.15558 0.673347
0.413903 0.451738
0.300136 0.511834
0.314732 0.491445
0.248885 0.562922
0.303378 0.510729
0.362779 0.466827
0.242388 0.563187
0.282114 0.515545
0.255734 0.548366
0.963975 0.216669
0.271672 0.538058
0.91898 0.275893
0.214863 0.595624
0.953022 0.2381
1.38523e-16 1.90197
0.231924 0.571094
0.943638 0.263577
0.113472 0.779471
0.871649 0.302499
0.211628 0.6032
0.944323 0.241935
0.0947182 0.806002
0.135865 0.718876
0.836687 0.363176
0.126966 0.753705
0.189316 0.621663
0.186217 0.642079
0.00373969 1.24166
0.060586 0.907811
0.219119 0.586881
0.227032 0.581117
