208149 470.051
1 0.688691
0 2.15683
0.0557323 1.81326
0.0510296 1.83044
0.000496004 2.13888
0.0237822 1.93409
0.653105 0.973586
0.549006 1.07387
0.00341166 2.07485
0.821626 0.82826
0.634273 0.988632
0.000770464 2.12507
0.612748 1.00947
0.458658 1.1663
0.359706 1.27778
0.868464 0.790045
0.993607 0.696103
0.87439 0.784045
0.418718 1.21033
0.882316 0.780868
0.00553296 2.06216
0.365679 1.27122
0.660771 0.967603
0.354403 1.28424
0.117671 1.65488
0.24647 1.4295
0.100446 1.6939
0.0268112 1.91852
0.0411868 1.86144
0.894181 0.770532
0.33359 1.31379
0.725843 0.908119
0.422728 1.20171
0.564031 1.05613
0.627789 0.995504
0.888313 0.775063
0.411448 1.21461
0.0126881 1.9955
0.605521 1.01493
0.524258 1.09328
0.832342 0.81791
0.348564 1.29056
0.691939 0.93894
0.00272429 2.08832
0.00123733 2.10999
0.972458 0.712606
0.314095 1.33618
0.260628 1.41051
0.0165759 1.9757
0.433856 1.19123
0.5202 1.10136
0.542658 1.07678
0.0446709 1.85097
0.429205 1.19777
0.485446 1.13636
0.45101 1.17215
0.537709 1.08412
0.114617 1.66481
0.0959206 1.70354
0.285691 1.37497
0.571159 1.05229
0.555962 1.06537
0.39203 1.23937
0.827735 0.823503
0.24145 1.43646
0.145903 1.60116
0.148954 1.59227
0.596361 1.02681
0.194064 1.5146
0.107131 1.67897
0.965133 0.715834
0.255544 1.41771
0.327641 1.31898
0.5 1.11865
0.476851 1.14654
0.0144337 1.98708
0.300983 1.35467
0.318731 1.33022
0.602022 1.02143
0.663961 0.96025
0.698254 0.933717
0.732337 0.903729
0.141038 1.60666
0.647333 0.978832
0.978023 0.707725
0.11011 1.67023
0.386994 1.24529
0.252173 1.42373
0.0741244 1.75818
0.122179 1.64682
0.736183 0.898019
0.801576 0.845895
0.337434 1.30516
0.514714 1.10622
0.0600253 1.80711
0.0841209 1.73644
0.49165 1.1308
0.104234 1.6873
0.370515 1.26436
0.220791 1.46911
0.844295 0.811052
0.618375 1.00393
0.461999 1.15863
0.438977 1.18516
0.308228 1.34182
0.840592 0.814846
0.494785 1.1253
0.131452 1.62948
0.19782 1.50605
0.32317 1.32411
0.13621 1.62199
0.163153 1.56691
0.175052 1.54815
0.0663298 1.78096
0.743215 0.894766
0.899815 0.763703
0.0074354 2.03318
0.850166 0.804236
0.00258791 2.10071
0.0106188 2.0092
0.589945 1.02968
0.15375 1.58668
0.234631 1.44811
0.407453 1.22152
0.264831 1.40433
0.0348253 1.88747
0.806156 0.839362
0.813157 0.832326
0.304856 1.34707
0.91619 0.756766
0.759246 0.877743
0.281684 1.38154
0.031198 1.90287
0.167573 1.56007
0.181939 1.53599
0.0648667 1.79133
0.0774662 1.74944
0.291999 1.37041
0.171081 1.55536
0.0618859 1.79747
0.480442 1.14097
0.0383993 1.87009
0.0697385 1.77437
0.509737 1.11083
0.0810236 1.74531
0.787647 0.855437
0.383238 1.25161
0.225139 1.46384
0.156195 1.57917
0.0722218 1.76683
0.0377697 1.87922
0.670181 0.956132
0.784585 0.862598
0.159123 1.57192
0.861745 0.795043
0.921296 0.751721
0.137952 1.6147
0.986736 0.698739
0.403753 1.22702
0.177015 1.5399
0.622555 0.999253
0.207673 1.48971
0.505769 1.11587
0.755601 0.882581
0.0290593 1.9134
0.910812 0.759763
0.960518 0.720714
0.93336 0.739834
0.183765 1.52676
0.216604 1.47598
0.469663 1.15069
0.574885 1.04582
0.982983 0.702893
0.0181075 1.96549
0.954885 0.722827
0.240296 1.44645
0.00825289 2.02468
0.445372 1.18363
0.72022 0.914053
0.558988 1.06232
0.124484 1.63983
0.086753 1.72892
0.0343111 1.89784
0.379239 1.25665
0.128296 1.63476
0.685906 0.942672
0.375445 1.26085
0.207368 1.50021
0.0945792 1.7117
0.344914 1.29765
0.67467 0.953397
0.0189918 1.95751
0.585228 1.03428
0.904046 0.761001
0.750535 0.887069
0.201355 1.50095
0.296402 1.36005
0.447306 1.17618
0.765514 0.873755
0.928861 0.744345
0.0230981 1.94476
0.0464222 1.8423
0.27709 1.38565
0.0919043 1.71804
0.679522 0.949563
0.941787 0.73356
0.468477 1.15611
0.0101913 2.01567
0.267715 1.39721
0.795065 0.84798
0.778558 0.864575
0.0216412 1.95053
0.947148 0.729974
0.229788 1.45475
0.938714 0.736813
0.0496314 1.83883
0.855272 0.803229
0.950027 0.726975
0.341759 1.30093
0.924658 0.74678
0.74748 0.890591
0.0891195 1.72299
0.792629 0.851649
0.00653454 2.04615
0.397731 1.23487
0.580151 1.04369
0.773976 0.865841
0.211473 1.48403
0.273826 1.38936
0.85821 0.797432
0.702736 0.92951
0.640074 0.983538
0.709979 0.922773
0.00574246 2.04895
0.704741 0.925708
0.811506 0.836915
0.189895 1.5203
0.531445 1.09031
0.715999 0.91486
0.581702 1.0377
0.271622 1.39536
0.295268 1.36608
0.712052 0.918946
0.399602 1.23235
0.68412 0.947984
0.227618 1.45647
0.215547 1.48331
0.189555 1.52527
0.533166 1.08933
0.642186 0.982744
