26793 100.017
1 0
0 1
0.55802 0.252993
0.797324 0.10707
0.332782 0.423127
0.468842 0.31528
0.00302019 0.945044
0.325286 0.429662
0.460854 0.321137
0.260167 0.489934
0.403592 0.364711
0.506006 0.288659
0.549374 0.258802
0.525589 0.275191
0.30018 0.452113
0.066769 0.741603
0.183849 0.571224
0.359228 0.400644
0.367055 0.39415
0.33781 0.418786
0.887147 0.0581151
0.652155 0.192439
0.869455 0.0675544
0.700918 0.162791
0.0904131 0.699312
0.943627 0.0285956
0.274172 0.476386
0.625526 0.209098
0.58421 0.235664
0.80706 0.101635
0.191275 0.56265
0.48289 0.305097
0.563635 0.249243
0.987349 0.00634547
0.178285 0.577762
0.314555 0.439148
0.141884 0.623325
0.0632395 0.748525
0.770875 0.122005
0.958428 0.0210067
0.856093 0.0747469
0.0127726 0.886984
0.832944 0.0873424
0.657863 0.188916
0.416389 0.354718
0.385162 0.379386
0.195873 0.557425
0.8762 0.0639446
0.0109866 0.895183
0.0860242 0.706701
0.219387 0.531612
0.601965 0.224136
0.447621 0.330955
0.72389 0.149183
0.00474609 0.931108
0.0789677 0.718988
0.569018 0.245667
0.121183 0.651886
0.7816 0.115918
0.286313 0.464917
0.77704 0.118501
0.154643 0.606753
0.880807 0.061487
0.215281 0.536016
0.0473104 0.782491
0.488943 0.300755
0.0542942 0.766989
0.642069 0.198708
0.431194 0.343347
0.100435 0.683085
0.000161593 0.987288
0.646085 0.196206
0.694435 0.166672
0.00973847 0.901316
0.110522 0.667552
0.765584 0.125023
0.124659 0.646929
0.0755294 0.725174
0.18728 0.567242
0.497666 0.294546
0.147018 0.616571
0.608335 0.220042
0.236335 0.513857
0.809162 0.100467
0.0962341 0.689784
0.305259 0.447497
0.15874 0.601578
0.531377 0.271044
0.96499 0.0176611
0.253115 0.496895
0.0569386 0.761386
0.131819 0.636931
0.000465009 0.978436
0.817119 0.0960538
0.685477 0.172065
0.63595 0.202535
0.343109 0.414245
0.23053 0.519865
0.426655 0.346812
0.743478 0.137748
0.353538 0.405409
0.519572 0.279187
0.718539 0.152333
0.00643364 0.91979
0.920884 0.040373
0.022614 0.849621
0.379963 0.383589
0.206352 0.54574
0.201865 0.550706
0.175538 0.581028
0.949907 0.0253681
0.749057 0.134519
0.436025 0.339786
0.0213224 0.853978
0.928285 0.0365243
0.44309 0.33435
0.690725 0.168901
0.348437 0.409715
0.0288977 0.830007
0.0308829 0.824265
0.619911 0.212656
0.498171 0.294188
0.136562 0.630638
0.934843 0.033127
0.369809 0.391881
0.714668 0.15462
0.226096 0.524504
0.288934 0.462474
0.706311 0.159577
0.28019 0.470671
0.729406 0.145947
0.611527 0.217998
0.223672 0.52706
0.541927 0.263843
0.597812 0.226817
0.392019 0.373886
0.616789 0.214641
0.681465 0.174491
0.117656 0.65699
0.00153188 0.960861
0.211326 0.540298
0.0142348 0.88069
0.103188 0.678772
0.0175676 0.867457
0.752621 0.132462
0.787928 0.112347
0.2475 0.502506
0.167354 0.59091
0.0247126 0.842798
0.676997 0.177202
0.410446 0.35934
0.937621 0.0316915
0.709707 0.157559
0.374807 0.387786
0.241038 0.509044
0.901775 0.0503814
0.0732336 0.729383
0.0445175 0.789008
0.269666 0.480706
0.909975 0.0460739
0.164365 0.59458
0.577232 0.240242
0.242902 0.507149
0.0355123 0.811553
0.89512 0.0538923
0.83941 0.0838069
0.00779547 0.911708
0.91558 0.0431407
0.953166 0.0236978
3.16952e-05 0.99437
0.000744826 0.972709
0.452967 0.326972
0.66551 0.184212
0.11329 0.663415
0.199472 0.553377
0.477288 0.30914
0.975696 0.0122266
0.00113562 0.966301
0.294877 0.456974
0.161517 0.598108
0.757627 0.129583
0.0193769 0.860799
0.0402571 0.799358
0.760589 0.127882
0.993425 0.00329271
0.824818 0.0918051
0.903797 0.0493174
0.4394 0.337127
0.546031 0.261061
0.0272489 0.834928
0.39733 0.369659
0.389659 0.375773
0.663027 0.185735
0.00832198 0.908775
0.67093 0.180897
0.320703 0.433694
0.537909 0.26675
0.893288 0.0548606
0.573928 0.24242
0.631254 0.205485
0.0607356 0.753554
0.106832 0.673148
0.032607 0.819426
0.0699429 0.735533
0.818867 0.0950875
0.0516943 0.772636
0.862049 0.0715342
0.850458 0.0777974
0.14427 0.620344
0.0827187 0.712391
0.311147 0.442194
0.233308 0.51698
0.0891288 0.701455
0.279141 0.471662
0.0592433 0.756601
0.981365 0.00936155
0.473789 0.311677
0.739758 0.139908
0.00573032 0.924301
0.420954 0.35119
0.293593 0.458157
0.863842 0.0705689
0.593579 0.229559
0.736209 0.141974
0.848363 0.0789336
0.171706 0.585626
0.510144 0.285756
0.398921 0.368398
0.308323 0.444732
0.791926 0.110098
0.588395 0.232931
0.135811 0.631474
0.843149 0.0817684
0.534656 0.268798
0.115642 0.659938
0.0340663 0.81543
0.732627 0.144063
0.0417508 0.79567
0.0157527 0.87449
0.0968428 0.688804
0.971236 0.0144869
0.411081 0.358844
0.0495804 0.777337
0.356402 0.403006
0.20877 0.543086
0.0257967 0.839386
0.487986 0.30144
0.081682 0.714199
0.456298 0.324502
0.26746 0.482835
