330906 540.094
0.999975 0.000443174
3.1225e-17 1.00056
0.720558 0.15502
0.550414 0.263241
0.77425 0.12395
0.885396 0.062894
0.863653 0.0743659
0.096568 0.689818
0.0644273 0.752501
0.510198 0.286292
0.088017 0.703852
0.0548757 0.766446
0.502011 0.291873
0.0136005 0.884221
0.0724624 0.73155
0.520814 0.278896
0.0299535 0.834386
0.0110703 0.895632
0.0448564 0.788848
0.495002 0.296939
0.0662378 0.743174
0.00639906 0.920864
0.811632 0.102887
0.00811 0.910798
0.791068 0.114321
0.777946 0.118487
0.019681 0.860542
0.802771 0.107835
0.0491004 0.778966
0.018316 0.872405
0.833729 0.0873984
0.925746 0.0413398
0.799648 0.109781
0.994985 0.00615458
0.0395634 0.807303
0.934553 0.0370327
0.826181 0.091543
0.851858 0.07752
0.787084 0.11715
0.968867 0.0192024
0.0357581 0.818421
0.52442 0.276401
0.4898 0.300534
0.113736 0.663302
0.962824 0.0224607
0.0157924 0.87517
0.0238483 0.853537
0.542473 0.263926
0.0432439 0.798078
0.109951 0.668994
0.104445 0.677422
0.540676 0.26983
0.890325 0.0602688
0.533584 0.274719
0.815802 0.100568
0.0775705 0.722019
0.00619908 0.929242
0.859155 0.0767976
0.0381708 0.811176
0.838069 0.0850239
0.127817 0.643138
0.989958 0.00868054
0.0746239 0.72741
0.000335825 0.98256
0.119473 0.655044
0.0307788 0.825377
0.922814 0.043484
0.957851 0.024827
0.116653 0.659004
0.485197 0.303994
0.0251896 0.841897
0.107481 0.672724
0.445812 0.332708
0.0545299 0.772884
0.408508 0.361423
0.000131256 0.989257
0.946639 0.0305914
0.940043 0.0339991
0.43142 0.343775
0.909946 0.0499995
0.953304 0.0271673
0.974243 0.0166381
0.845599 0.0809188
0.916849 0.0467396
0.453393 0.327248
0.819158 0.095416
0.381702 0.382798
0.449583 0.330056
0.165262 0.594189
0.0248405 0.84322
0.377767 0.385856
0.13487 0.633481
0.441599 0.33595
0.122529 0.65055
0.977851 0.0148115
0.124663 0.647418
0.162365 0.597767
0.435616 0.340586
0.384959 0.380006
0.16821 0.590577
0.192094 0.562412
0.905345 0.052606
0.45711 0.324492
0.100848 0.683104
0.194785 0.559181
0.00448005 0.933929
0.137864 0.629426
0.197836 0.555907
0.364845 0.396599
0.159633 0.601173
0.895286 0.057442
0.00269231 0.948984
0.000652968 0.975328
0.481751 0.306464
0.536097 0.272993
0.368161 0.393859
0.0319478 0.822073
0.200586 0.552824
0.388622 0.377219
0.286027 0.465839
0.299926 0.452993
0.189061 0.565887
0.203468 0.549618
0.37457 0.388598
0.371391 0.391202
0.845499 0.0844094
0.156973 0.604518
0.478149 0.308973
0.0522326 0.777562
0.206159 0.546642
0.270525 0.48054
2.44305e-05 0.995917
0.350284 0.408659
0.208915 0.543617
0.313151 0.440904
0.296506 0.456126
0.341389 0.416223
0.233119 0.517706
0.216979 0.534875
0.00145371 0.962536
0.143986 0.62127
0.214253 0.537812
0.0210298 0.855813
0.460481 0.321961
0.0850364 0.70892
0.338287 0.418872
0.466605 0.317338
0.227724 0.523444
0.245581 0.504978
0.982693 0.0123514
0.361442 0.399288
0.404893 0.364298
0.211601 0.540686
0.0653477 0.744958
0.230344 0.520589
0.22497 0.526371
0.344475 0.413711
0.219579 0.531883
0.146384 0.617934
0.00342201 0.94237
0.316364 0.438022
0.427922 0.346443
0.985354 0.0111647
0.335453 0.421451
0.412561 0.358259
0.0800313 0.71782
0.222324 0.529169
0.822087 0.0937986
0.347363 0.411133
0.130827 0.638888
0.0443216 0.795956
0.391626 0.374813
0.248312 0.502215
0.0815631 0.715089
0.282899 0.468598
0.46354 0.319751
0.170861 0.58732
0.267421 0.483534
0.318972 0.435739
0.999932 0.000481252
0.253623 0.496928
0.2891 0.462972
0.46998 0.315035
0.399443 0.368596
0.438577 0.338345
0.251033 0.499638
0.902066 0.0545221
0.419891 0.352495
0.280475 0.471057
0.148747 0.61501
0.353548 0.405905
0.322121 0.433051
0.242836 0.507889
0.327389 0.428319
0.310433 0.443447
0.332497 0.424011
0.914218 0.0480947
0.179675 0.576641
0.265003 0.48575
0.302676 0.450487
0.186625 0.568699
0.256399 0.494308
0.358693 0.401594
0.949134 0.0294868
0.00943675 0.903708
0.00194722 0.956715
0.273251 0.477926
0.182063 0.573979
0.324467 0.430893
0.307836 0.445815
0.240458 0.510177
0.184366 0.571322
0.305232 0.448167
0.177398 0.579474
0.151031 0.612092
0.402287 0.366348
0.0108657 0.903498
0.898097 0.0559526
0.173066 0.584695
0.235964 0.514916
0.0839629 0.710966
0.175266 0.582058
0.294005 0.458428
0.00380843 0.939098
0.356002 0.403953
0.132378 0.636857
0.29156 0.460689
0.329996 0.426184
0.277592 0.473789
0.416783 0.354833
0.422833 0.350347
0.101396 0.682277
0.475069 0.311296
0.237874 0.512804
0.141543 0.624282
0.00114079 0.967102
0.425191 0.348507
0.154452 0.607574
0.47286 0.312939
0.140035 0.62648
0.258776 0.491966
0.000880736 0.97103
0.396266 0.370957
0.937805 0.0353463
0.394565 0.372349
0.275648 0.475637
0.00224046 0.953273
0.262271 0.48854
0.153054 0.609497
0.414666 0.356659
