25150 40.0027
0.0886328 0.774356
0.172303 0.640085
0.142138 0.672164
0.16042 0.648283
0.161504 0.643592
0.115402 0.720292
0.027167 0.927473
0.140717 0.677763
0.0918453 0.745582
0.106925 0.72582
0.0411874 0.907396
0.208879 0.579845
0.148228 0.650576
0.173022 0.637183
0.0509815 0.868014
0.0770873 0.779535
0.0198956 0.972238
0.251672 0.544046
0.259758 0.532763
0.296057 0.509774
0.17766 0.618492
0.214169 0.575177
0.172468 0.63982
0.101922 0.740895
0.198729 0.603329
0.202088 0.596671
0.107028 0.725128
0.176602 0.629937
0.225939 0.567069
0.0454416 0.896634
0.321267 0.483528
0.191227 0.60655
0.105651 0.731896
0.0610857 0.84676
0.0652616 0.841976
0.0947382 0.741674
0.116668 0.716486
0.208449 0.59616
0.0116459 1.01162
0.307958 0.509106
0.0546461 0.860672
0.0672241 0.830444
0.0246684 0.952418
0.125868 0.695788
0.0747047 0.828532
6.73145e-30 2.41013
0.279067 0.51264
0.238399 0.555645
0.133957 0.688632
0.174238 0.635484
0.149861 0.649123
0.200679 0.602675
0.185638 0.61521
0.312088 0.500459
0.131679 0.691267
0.369233 0.457107
0.353982 0.474756
0.606434 0.28431
0.464871 0.395572
0.470899 0.369942
0.895567 0.117495
0.771169 0.177357
0.389842 0.436402
0.469324 0.379933
0.490881 0.344222
0.895727 0.116424
0.559491 0.296305
0.599946 0.285263
0.487376 0.36723
0.44633 0.405448
1.06555e-14 2.00923
1.37587e-13 1.51942
0.812221 0.146745
0.649077 0.257375
0.689116 0.242652
0.46633 0.392557
0.990282 0.0647726
0.377253 0.446707
0.64559 0.261756
0.394657 0.432425
0.350814 0.479462
0.694313 0.210216
0.000818094 1.12527
0.351888 0.478964
0.994607 0.0644624
0.63139 0.274473
0.0453579 0.899424
0.400511 0.420289
0.894573 0.11894
0.36002 0.470549
0.994645 0.063809
0.997607 0.0463682
0.997795 0.0462704
0.953073 0.0674837
9.48082e-11 1.13557
0.810854 0.174345
1.37016e-12 1.4683
6.7971e-12 1.22022
0.595352 0.296006
0.737727 0.191494
0.665149 0.255485
0.0381653 0.912459
0.768737 0.17973
0.868784 0.121859
1.99844e-12 1.22695
0.997035 0.0481695
1.20849e-11 1.15881
0.719524 0.208997
0.017544 0.972643
5.20406e-11 1.14764
0.826618 0.135888
8.15957e-12 1.16677
1.40505e-12 1.24905
0.891481 0.121821
0.932299 0.075416
0.917648 0.0839869
0.010834 1.06389
0.0276571 0.920252
0.00104217 1.07476
