366902 380.033
1 0.00109628
0 1.00047
0.976636 0.177417
0.532711 0.27116
1 0.141973
1 0.00122297
0.111094 0.668046
0.103117 0.680933
0.145593 0.619386
0.996684 0.165878
0.0904897 0.701262
0.13626 0.63213
0.0300875 0.828544
0.157524 0.60411
0.0790321 0.720757
0.0685052 0.739934
0.124487 0.648246
0.0177223 0.86839
0.0256635 0.841818
0.0544206 0.768654
0.0127506 0.889149
0.000979119 0.970599
0.1279 0.64323
0.0358428 0.812416
0.0221794 0.853101
0.0493989 0.779689
0.997891 0.151226
0.0859014 0.708781
0.511329 0.286316
0.0622045 0.75251
0.0195017 0.86239
0.0433129 0.793846
0.067101 0.742869
0.0814326 0.716098
0.523726 0.277759
0.000293061 0.984784
0.0590501 0.758923
0.00645124 0.921573
0.0390803 0.804287
0.162807 0.598227
0.00474883 0.932942
0.00204371 0.956934
0.173694 0.584795
0.503269 0.291799
0.00828836 0.910842
0.16885 0.59058
0.516375 0.282612
0.00585222 0.925608
0.0105807 0.899216
0.00381434 0.940363
0.489906 0.301002
0.00910643 0.906659
0.496845 0.295787
0.495143 0.297422
0.192581 0.562441
1 0.144985
0.0465328 0.78624
0.176129 0.581881
0.502122 0.291923
0.164986 0.594736
0.462339 0.321492
0.0600008 0.756973
0.0025031 0.952106
0.0445653 0.790855
0.518801 0.280613
0.402177 0.366947
0.178421 0.578881
2.57368e-05 0.996598
0.0374377 0.808491
0.203846 0.550203
0.00306406 0.946777
0.210836 0.54248
0.000100292 0.991601
0.189467 0.565824
0.124734 0.648034
0.481089 0.307467
0.450742 0.330083
0.44601 0.33362
0.309859 0.444521
0.212567 0.539522
0.478668 0.309576
0.447719 0.331767
0.465073 0.319161
0.0120007 0.892523
0.245028 0.505817
0.345705 0.412661
0.0112753 0.89589
0.354422 0.406206
0.247582 0.503423
0.399633 0.368962
0.167225 0.592239
0.426869 0.347723
0.186601 0.5693
0.32381 0.431926
0.208989 0.544538
0.325636 0.429738
0.348485 0.411219
0.522032 0.278882
0.278212 0.47291
0.487685 0.302538
0.343553 0.414438
0.442877 0.335281
0.485269 0.304068
0.341745 0.416386
0.229022 0.52245
0.483554 0.306049
0.332451 0.423748
0.361124 0.399514
0.410064 0.359956
0.408094 0.362105
0.253926 0.497318
0.185132 0.571451
0.404643 0.364788
0.350482 0.409528
0.476341 0.311014
0.180145 0.57679
0.219729 0.532926
0.31148 0.442537
0.392324 0.375147
0.352297 0.407653
0.389565 0.376207
0.276338 0.475131
0.255742 0.495565
0.221459 0.531082
0.380636 0.384133
0.00332701 0.944184
0.227312 0.524896
0.257409 0.493627
0.296275 0.456441
0.283744 0.467946
0.243543 0.507564
0.459633 0.323463
0.285678 0.466302
0.197467 0.55693
0.287398 0.464489
0.259073 0.491744
0.289186 0.462733
0.359227 0.401174
0.000180273 0.988186
0.385962 0.379277
0.29488 0.45828
0.429062 0.345896
0.456083 0.325736
0.214835 0.538181
0.321833 0.433896
0.274584 0.476487
0.363478 0.397916
0.298131 0.454391
0.280152 0.47124
0.414204 0.357176
0.41213 0.358637
0.266854 0.484369
0.241901 0.509819
0.301346 0.45139
0.28222 0.469986
0.195103 0.559962
0.393742 0.373083
0.470427 0.315079
0.424385 0.349211
0.183183 0.573277
0.217916 0.534865
0.339433 0.417903
0.205762 0.547645
0.43283 0.343185
0.3668 0.395105
0.272573 0.478326
0.383848 0.380908
0.387905 0.377975
0.231007 0.521006
0.198937 0.554847
0.368984 0.393707
0.397383 0.370195
0.292535 0.459687
0.419614 0.353118
0.328168 0.428357
0.271336 0.479955
0.240163 0.511095
0.0461131 0.787217
0.318242 0.436828
0.181693 0.574817
0.334695 0.421805
0.251753 0.49905
0.395684 0.371664
0.320065 0.435142
0.232398 0.519155
0.373935 0.389681
0.430687 0.344565
0.222685 0.52871
0.201767 0.552514
0.382572 0.382572
0.41605 0.355628
0.467078 0.318012
0.472689 0.313533
0.216439 0.536429
0.291051 0.461084
0.316605 0.438255
0.378437 0.385606
0.356544 0.403799
0.188499 0.566856
0.207039 0.546638
0.235502 0.515997
0.468738 0.316424
0.337755 0.419166
0.234008 0.517501
0.238323 0.512842
0.441458 0.336715
0.300085 0.453314
0.260803 0.489944
0.331113 0.42579
0.474201 0.312454
0.264984 0.485686
0.365187 0.396639
0.406085 0.363463
0.452849 0.328514
0.437866 0.339203
0.439407 0.338043
0.313335 0.440696
0.417803 0.35435
0.454104 0.327347
0.237136 0.514315
0.24903 0.501747
0.371623 0.390753
0.375627 0.388262
0.0383965 0.806026
0.42196 0.351875
0.457927 0.324195
0.435937 0.340658
0.263905 0.487555
0.314778 0.439758
0.336432 0.421183
0.434543 0.341673
0.370884 0.392522
0.225618 0.526209
0.329144 0.426624
0.262116 0.488594
0.376704 0.386563
0.22439 0.527538
0.303327 0.449649
0.25065 0.500581
0.195975 0.558972
0.357657 0.40309
0.00218485 0.955398
0.269189 0.481562
0.200691 0.553485
0.268466 0.482252
0.423223 0.350899
0.306018 0.447321
0.304709 0.44933
0.00854325 0.90966
0.307409 0.446788
