365889 490.036
0.999238 1.68728
0 3.57729
0.576166 2.14831
0.109854 2.95656
0.0100191 3.41599
0.564659 2.15981
0.0812947 3.04805
0.843326 1.84147
0.476896 2.27553
0.104294 2.97415
0.645216 2.06888
0.839313 1.85186
0.855359 1.83851
0.88968 1.79368
0.0108683 3.38655
0.468219 2.29013
0.0163724 3.35343
0.421893 2.35372
0.92105 1.77103
0.128005 2.90708
0.289509 2.57157
0.64997 2.05313
0.541562 2.1913
0.0185782 3.33877
0.533633 2.19832
0.0913536 3.01849
0.0208446 3.32333
0.140667 2.87838
0.0945759 3.00385
0.742191 1.95861
0.428818 2.34463
0.372403 2.43144
0.965175 1.72764
0.000396585 3.55006
0.292763 2.55409
0.203077 2.73125
0.196944 2.73785
0.0750544 3.06974
0.686054 2.01054
0.97098 1.71728
0.0363375 3.22641
0.486474 2.2627
0.00099947 3.53235
0.270269 2.60304
0.302379 2.54402
0.556737 2.17397
0.021396 3.30615
0.01387 3.36931
0.305612 2.53078
0.0234004 3.29351
0.438994 2.33291
0.746467 1.94912
0.662131 2.04356
0.24401 2.64379
0.866379 1.82631
0.909969 1.78104
0.733099 1.96136
0.00551015 3.45121
0.870309 1.81777
0.682886 2.02091
0.350088 2.46294
0.394434 2.39182
0.13419 2.89276
0.751556 1.94201
0.039039 3.21286
0.5 2.24267
0.193406 2.7492
0.250596 2.63639
0.070583 3.08103
0.758538 1.93825
0.075741 3.05476
0.506829 2.23894
0.0985178 2.99425
0.443686 2.32324
0.415917 2.35954
0.034554 3.24014
0.859696 1.83187
0.359091 2.44754
0.928047 1.76343
0.172131 2.80686
0.655629 2.04964
0.354295 2.45367
0.779608 1.90916
0.461277 2.30242
0.518666 2.21762
0.261952 2.60927
0.676448 2.02631
0.579367 2.13964
0.510088 2.22828
0.208083 2.72258
0.623744 2.08744
0.802827 1.89009
0.40444 2.39056
0.145315 2.86819
0.884032 1.80151
0.0605806 3.12299
0.00134566 3.51628
0.762203 1.92863
0.0340622 3.25522
0.526758 2.2126
0.0858678 3.0302
0.718917 1.97951
0.344616 2.4693
0.102408 2.98535
0.912992 1.77399
0.434835 2.34086
0.480268 2.26945
0.004798 3.46549
0.93725 1.75334
0.722886 1.97104
0.992402 1.70387
0.175921 2.79497
0.831543 1.8613
0.378186 2.42224
0.189421 2.7572
0.818268 1.87153
0.774961 1.91612
0.415504 2.37483
0.11727 2.95133
0.713059 1.98368
0.00346175 3.47818
0.0454812 3.18043
0.807472 1.88077
0.668511 2.03972
0.0439426 3.19312
0.812464 1.87833
0.897961 1.78743
0.0567445 3.13283
0.214994 2.70828
0.999154 1.69866
0.600847 2.11481
0.0278061 3.28382
0.275427 2.58816
0.050836 3.16319
0.162733 2.82516
0.549561 2.17741
0.56204 2.16629
0.877006 1.81236
0.900131 1.78379
0.0294161 3.26177
0.547775 2.1862
0.0426007 3.20464
0.729484 1.9687
0.05332 3.15152
0.221499 2.69206
0.587192 2.1372
0.616948 2.09317
0.00642442 3.43446
0.821848 1.86568
0.49304 2.25791
0.311034 2.5259
0.318303 2.51159
0.218987 2.69986
0.673211 2.03458
0.496058 2.25216
0.298391 2.55195
0.454915 2.30564
0.315198 2.5203
0.124958 2.91433
0.000298255 3.56783
0.280021 2.57916
0.330308 2.49382
0.12249 2.92469
0.243947 2.65809
0.932158 1.75915
0.785393 1.90355
0.21022 2.71291
0.0482519 3.17123
0.00246226 3.49111
0.00206035 3.50289
0.528974 2.20585
0.186657 2.76699
0.387619 2.40375
0.950665 1.73746
0.183784 2.77371
0.977058 1.71427
0.986821 1.70612
0.516902 2.22604
0.709672 1.99216
0.135638 2.8877
0.981341 1.70987
0.341425 2.47765
0.598236 2.12369
0.327878 2.50456
0.945201 1.753
0.610634 2.10713
0.605083 2.10724
0.694982 2.00778
0.226297 2.68474
0.157124 2.83884
0.2408 2.66522
0.614534 2.09886
0.448648 2.31793
0.147106 2.85895
0.946007 1.74361
0.153804 2.8491
0.383009 2.41104
0.284128 2.57672
0.119653 2.93184
0.467372 2.29709
0.00697741 3.42519
0.70086 1.99795
0.408277 2.37544
0.0543772 3.14089
0.323762 2.50794
0.957316 1.7283
0.0286582 3.27407
0.0623489 3.11192
0.335784 2.49189
0.638779 2.07458
0.338166 2.48363
0.257125 2.62469
0.391373 2.39971
0.273218 2.59565
0.260373 2.61637
0.23275 2.67399
0.36575 2.4424
0.180742 2.78286
0.158634 2.83226
0.450476 2.3102
0.881522 1.80984
0.255332 2.63167
0.117719 2.94115
0.235845 2.66868
0.78992 1.9012
0.063604 3.10365
0.365921 2.43599
0.22839 2.67909
0.0131074 3.3819
0.0684841 3.09084
0.593735 2.12788
0.829719 1.86444
0.796272 1.89131
0.16509 2.81524
0.150535 2.85219
0.705172 1.99548
0.40664 2.38323
0.0881833 3.02982
0.768878 1.92646
0.0670734 3.0973
0.628505 2.08326
0.795539 1.89892
0.770576 1.92243
0.953374 1.73046
0.166848 2.8104
0.589733 2.13041
0.176549 2.78445
0.631722 2.08052
0.697459 2.00611
0.381571 2.41809
