718484 300.007
6.16512e-11 11.9969
8.68397e-11 4.24566
1.87454e-08 3.72403
6.48466e-09 3.98566
0.0281057 3.18253
0.511855 2.16944
0.511851 2.17621
0.716622 1.91541
0.0281118 3.17887
0.81704 1.82018
0.946642 1.63861
1.90204e-07 3.42939
0.647751 1.98206
0.58449 2.06951
0.584488 2.07038
0.817035 1.82306
0.0280963 3.18979
0.130557 2.77432
0.893831 1.71764
0.835514 1.79839
0.115599 2.83785
0.256519 2.56112
0.735987 1.84263
0.584497 2.02742
0.130548 2.81407
0.73598 1.84689
0.330328 2.36745
0.544178 2.09139
0.130542 2.81774
0.893821 1.71791
0.376022 2.32726
0.647756 1.9515
0.511865 2.11345
0.94312 1.64823
0.89382 1.73276
0.236431 2.56701
0.105717 2.88066
0.058096 3.13793
0.511857 2.14867
0.91728 1.65543
0.105719 2.84068
0.330319 2.39972
0.735976 1.87984
0.458559 2.20306
0.130551 2.7989
