75859 120.011
0.194762 0.592163
0.175278 0.651549
0.189281 0.628917
0.178855 0.633701
0.124034 0.727345
0.172261 0.657939
0.296522 0.508315
0.228206 0.562895
0.237636 0.553241
0.272773 0.521668
0.299371 0.50095
0.258209 0.549616
0.176584 0.650369
0.552603 0.31786
0.301065 0.500611
0.841464 0.12946
0.0019373 1.06045
0.51533 0.3345
0.00391211 1.00317
0.820293 0.14758
0.44957 0.374028
0.0708538 0.789208
0.160583 0.663144
0.692948 0.214741
0.0634427 0.809831
0.168977 0.65971
0.0122442 0.977085
0.735188 0.199513
0.129673 0.692995
0.597422 0.280643
0.504419 0.336497
0.119137 0.729284
0.531249 0.320836
0.0376715 0.875906
0.0355916 0.879563
0.569896 0.282693
0.94641 0.0727278
0.646801 0.242313
0.965544 0.0509098
0.937565 0.0774784
0.668104 0.241413
0.0141969 0.955958
0.0944473 0.765287
0.0122884 0.969904
0.755501 0.175426
0.832494 0.14652
0.124978 0.719694
0.624827 0.252555
0.271384 0.525356
0.85939 0.114538
0.804432 0.150152
0.839949 0.140996
0.994039 0.0446578
0.999981 0.0444169
0.76978 0.16577
0.400696 0.414769
0.0544845 0.843609
0.00265388 1.02177
5.54165e-16 1.22841
0.316962 0.491409
0.0343369 0.888177
0.00234023 1.04268
0.05368 0.848414
0.645852 0.246251
0.844144 0.129419
0.672582 0.217998
0.919556 0.0854303
0.999985 0.0444145
0.631772 0.246608
0.36126 0.43901
0.595051 0.282289
0.0382781 0.87445
4.6258e-14 1.08591
0.50136 0.350982
0.493176 0.358938
5.00408e-13 1.06376
9.50809e-14 1.06556
0.797188 0.15514
0.396972 0.432401
8.65142e-14 1.07536
0.939961 0.0761892
5.14018e-14 1.08229
0.868135 0.0933691
1.80886e-13 1.06376
0.406334 0.411541
7.12232e-17 1.24571
0.0147508 0.938496
0.113037 0.733756
0.554695 0.301244
0.0957023 0.756597
0.428914 0.402995
0.43613 0.40105
0.748056 0.183521
0.601256 0.266487
0.999995 0.0444096
1.15969e-15 1.10557
0.0309903 0.890536
0.0899631 0.766365
0.136116 0.673749
0.148546 0.673106
0.469467 0.372427
0.935573 0.0785513
0.0817563 0.775331
0.0231916 0.903237
0.216769 0.587508
0.499996 0.351733
0.185864 0.632016
0.407244 0.409766
0.952755 0.0692305
0.0604195 0.831883
0.475576 0.360982
0.518357 0.321377
4.58442e-13 1.06376
0.379365 0.436625
0.099789 0.744577
0.395187 0.43491
0.0429753 0.849775
0.908011 0.089978
0.497476 0.357088
0.331578 0.47454
0.947382 0.070769
7.61836e-15 1.08739
0.0780911 0.786324
0.0671972 0.7964
0.0201185 0.934639
0.0051217 0.989949
0.0415361 0.867018
0.441848 0.391361
0.866494 0.106949
0.0768942 0.787558
0.720107 0.201256
0.999964 0.0444174
0.92123 0.0805284
0.851241 0.129299
0.999997 0.0429452
