491420 190.005
6.85571e-11 11.6346
2.94621e-09 10.2447
7.57973e-08 6.83639
1.49054e-07 6.60206
1.13815e-06 6.38259
0.651836 4.32587
0.0598919 6.00086
0.520945 4.55497
0.921055 3.93751
4.68663e-06 6.35292
0.921049 3.95564
0.44037 4.6978
0.227281 5.18873
0.211367 5.19509
0.834633 4.06212
0.109663 5.54349
0.99342 3.84596
0.921045 3.95592
0.520948 4.54943
0.440377 4.69513
0.651833 4.3327
0.834628 4.06455
0.211357 5.20066
0.109672 5.51257
0.520952 4.54929
0.109663 5.52807
0.385522 4.80607
3.97566e-06 6.37909
0.0598977 5.73857
0.120308 5.47452
0.440381 4.67609
0.0813102 5.64788
0.83462 4.27163
