186424 260.033
0.999999 6.20699e-06
3.46945e-18 1.00001
0.00169718 0.958855
0.823486 0.0925503
0.812496 0.0986256
0.782715 0.115299
0.00311539 0.944193
0.000471458 0.978605
0.773943 0.120271
0.849234 0.0784721
0.000102826 0.989869
0.455367 0.325205
0.322764 0.431915
0.00101192 0.968199
0.337797 0.419025
0.801653 0.10466
0.316625 0.437313
0.361404 0.399056
0.367714 0.39383
0.927784 0.0367952
0.0306015 0.825077
0.828603 0.089735
0.840019 0.0834855
0.0280305 0.832625
0.444576 0.333248
0.283952 0.467136
0.935117 0.0329963
0.462043 0.320474
0.634584 0.203405
0.34326 0.414124
0.449405 0.329637
0.311895 0.441531
0.590659 0.231489
0.794342 0.108753
0.499994 0.292905
0.911094 0.0454986
0.109179 0.669586
0.288844 0.462566
0.112998 0.663856
0.0331991 0.817804
0.149509 0.613345
0.212655 0.538863
0.116618 0.658513
0.548311 0.259532
0.789765 0.111491
0.541538 0.264119
0.185673 0.569109
0.332114 0.423714
0.966569 0.0168674
0.278986 0.471817
0.23812 0.512031
0.0067375 0.917928
0.0400569 0.799868
0.293566 0.458221
0.639073 0.200592
0.0257921 0.839411
0.193811 0.559769
0.120404 0.653015
0.597096 0.227293
0.0498082 0.776832
0.951189 0.0252376
0.836351 0.0854889
0.306717 0.446186
0.884546 0.0595078
0.627492 0.207868
0.328085 0.427442
0.972701 0.0137543
0.189686 0.564479
0.097466 0.687813
0.0938202 0.693707
0.854436 0.0756542
0.356423 0.402996
0.298175 0.453954
0.986134 0.00696269
0.042753 0.793241
0.0528479 0.770185
0.261903 0.488244
0.609437 0.219368
0.0776284 0.721391
0.266245 0.484018
0.25752 0.492544
0.616172 0.215046
0.0236828 0.846118
0.0104247 0.897909
0.807541 0.101378
0.153689 0.607977
0.4043 0.364373
0.198021 0.555013
0.890925 0.0561221
0.493833 0.29728
0.645673 0.196648
0.860562 0.0723461
0.270559 0.479855
0.123905 0.648006
0.274673 0.475915
0.0580157 0.759145
0.387364 0.377836
0.438482 0.337834
0.302627 0.449893
0.0132804 0.884769
0.139545 0.626452
0.0376053 0.806087
0.917475 0.0421614
0.100528 0.682948
0.0552342 0.76499
0.585764 0.23468
0.166266 0.59225
0.00572928 0.924317
0.035514 0.811558
0.879455 0.0622184
0.0117927 0.891425
0.905277 0.0485505
0.233646 0.516639
0.94503 0.0278827
0.12723 0.643316
0.217486 0.533655
0.351922 0.406996
0.34785 0.41022
0.0161988 0.872736
0.921746 0.0399348
0.474397 0.311249
0.512855 0.283872
0.417208 0.354302
0.0473393 0.782434
0.201703 0.550895
0.768329 0.123468
0.0451008 0.787639
0.208685 0.543187
0.400145 0.36765
0.0180399 0.865697
0.0673571 0.740476
0.0908258 0.698636
0.39236 0.373826
0.0881355 0.703133
0.0806849 0.715959
0.230271 0.520142
0.940328 0.0303058
0.517675 0.280517
0.900612 0.0510051
0.014838 0.878199
0.242554 0.50751
0.0605587 0.753921
0.956721 0.0218893
0.960693 0.0198611
0.372584 0.389827
0.0701987 0.735058
0.895481 0.0537121
0.561126 0.25095
0.13052 0.638734
0.205341 0.546863
0.008304 0.908884
0.874064 0.0650973
0.556833 0.253801
0.738709 0.14053
0.0745563 0.726959
0.00463039 0.931973
0.580877 0.23788
0.504777 0.289537
0.136577 0.630445
0.865184 0.0698584
0.565688 0.247911
0.725707 0.148127
0.133405 0.634761
0.162476 0.596926
0.552646 0.257055
0.169734 0.588021
0.143538 0.621145
0.684745 0.172695
0.181291 0.574224
0.601455 0.224497
0.176069 0.580403
0.466313 0.317142
0.743615 0.137681
0.156892 0.603911
0.470051 0.314411
0.39576 0.371126
0.1727 0.584437
0.485837 0.302994
0.721148 0.150808
0.420709 0.351415
0.730207 0.145491
0.14567 0.618342
0.409428 0.360142
0.508479 0.286936
0.00396794 0.937029
0.105612 0.67503
0.490247 0.299836
0.0852096 0.708101
0.375874 0.387137
0.869916 0.0673183
0.52171 0.277719
0.412024 0.358327
0.226277 0.524322
0.689309 0.169766
0.764119 0.125873
0.734405 0.143037
0.752145 0.132919
0.537489 0.266876
0.380122 0.383682
0.992143 0.00394198
0.533554 0.269565
0.479106 0.307833
0.0629322 0.749147
0.747609 0.135367
0.569749 0.245196
0.525725 0.274944
0.253349 0.49667
0.693092 0.167491
0.660973 0.18701
0.529556 0.272308
0.605724 0.22175
0.0089397 0.90547
0.0650169 0.745025
0.383282 0.381124
0.697565 0.164807
0.103757 0.677895
0.705566 0.160032
0.431496 0.343152
0.680435 0.175127
0.425026 0.348277
0.701229 0.162617
0.665061 0.1845
0.220295 0.530652
0.656879 0.189532
0.716993 0.153258
0.0218043 0.852346
0.623825 0.210206
0.0194068 0.860702
0.759711 0.128398
0.159882 0.600157
0.619787 0.212767
0.672687 0.179837
0.676631 0.177437
0.0724868 0.730776
0.0830827 0.711769
0.223634 0.527109
0.435243 0.340284
0.668885 0.182158
0.65314 0.191841
0.649295 0.194224
0.70936 0.157776
0.713195 0.155503
0.75613 0.130455
0.573659 0.24261
0.980646 0.00973007
0.978182 0.0109798
0.577027 0.24041
0.995059 0.00247939
0.42794 0.345864
0.482157 0.30565
