907609 200.003
4.42487e-11 6.76273
7.61284e-09 4.53199
5.48113e-08 4.16337
0.0107968 3.58813
0.0769406 3.08952
0.076933 3.2425
0.550581 2.20976
0.550576 2.21099
0.830938 1.88885
0.506956 2.27575
0.390223 2.42597
0.169238 2.83752
0.0311662 3.29817
0.142267 2.89657
2.99993e-07 3.59347
0.127228 2.9354
0.169227 2.83754
0.550586 2.19672
7.10695e-08 3.6275
0.728551 1.98737
0.811139 1.90037
0.173219 2.80416
0.269845 2.62491
0.728546 1.99571
0.359634 2.47791
0.711316 2.01408
0.078972 3.07653
0.138565 2.93308
0.0789761 3.07294
0.26034 2.62596
0.594394 2.14557
0.644704 2.08418
0.644691 2.09249
0.113234 2.97373
0.173213 2.80842
0.138568 2.89942
0.451707 2.31661
5.24652e-06 3.59153
2.46517e-06 3.59278
0.594401 2.14535
0.509526 2.2624
0.443911 2.32418
0.173214 2.80711
0.0317902 3.26473
0.260327 2.63189
0.509522 2.26326
0.72854 2.01106
0.732241 1.98019
0.359644 2.47402
0.509521 2.26733
0.138567 2.91332
0.173213 2.83426
0.881578 1.83962
0.193254 2.78456
0.443895 2.3573
0.0789587 3.08404
0.800597 1.92328
0.568272 2.18716
0.881584 1.66807
0.50953 2.25842
0.754891 1.95752
0.0789632 3.0768
0.359644 2.46268
0.260319 2.633
0.594389 2.1473
0.685075 2.02169
0.443902 2.35419
0.67398 2.05246
