146809 520.087
1 1.11022e-16
3.94178e-17 1
0.74959 0.134211
0.216521 0.534682
0.829985 0.088965
0.766261 0.124636
0.840654 0.0831279
0.169366 0.588459
0.891988 0.0555489
0.924308 0.0385908
0.430035 0.344229
0.968265 0.0159955
0.739398 0.140118
0.468904 0.315234
0.907779 0.0472254
0.0451025 0.787626
0.576708 0.240587
0.0769322 0.722634
0.570702 0.244552
0.0103317 0.898355
0.475115 0.310714
0.00206107 0.954601
0.118464 0.655815
0.0266533 0.836742
0.02912 0.829354
0.322706 0.431928
0.0316549 0.822082
0.36638 0.394707
0.104943 0.67605
0.386829 0.378044
0.0707013 0.734103
0.88216 0.0607664
0.00310514 0.944276
0.101285 0.681748
0.361188 0.399011
0.0370025 0.80764
0.532378 0.270358
0.691706 0.168312
0.00142011 0.962316
0.437578 0.338503
0.915591 0.043135
0.174686 0.582046
0.135988 0.631235
0.458688 0.322735
0.697429 0.164878
0.024279 0.844183
0.409717 0.359909
0.462882 0.319645
0.405111 0.363516
0.192932 0.56076
0.558802 0.252469
0.0224034 0.850322
0.339909 0.416982
0.196822 0.556354
0.718735 0.152218
0.224 0.526714
0.334876 0.421315
0.955739 0.0223808
0.344195 0.413319
0.00388331 0.937684
0.723839 0.149213
0.977793 0.0111658
0.824895 0.0917624
0.452557 0.327277
0.0489093 0.778846
0.592798 0.230066
0.812023 0.0988767
0.757032 0.129924
0.78453 0.114263
0.255413 0.494616
0.672112 0.180176
0.772177 0.121264
0.0621843 0.750632
0.797238 0.107118
0.610041 0.218949
0.158678 0.601656
0.677814 0.176705
0.0545559 0.766428
0.0869437 0.705138
0.000802269 0.971676
0.64219 0.198632
0.188634 0.565679
0.279042 0.471756
0.614188 0.216299
0.0674559 0.740277
0.206894 0.545144
0.126314 0.644593
0.0652818 0.744497
0.805802 0.102335
0.0976887 0.687448
0.132368 0.636176
0.934388 0.0333625
0.949906 0.0253685
0.238403 0.511734
0.234092 0.51617
0.012482 0.888277
0.164082 0.594929
0.901719 0.0504111
0.000512305 0.977366
0.445385 0.332629
0.68594 0.171785
0.629936 0.206315
0.0426937 0.793375
0.0815279 0.714469
0.848174 0.0790366
0.150801 0.611669
0.604389 0.222575
0.518277 0.280086
0.619717 0.212779
0.0145878 0.87922
0.0169919 0.869647
0.588529 0.232843
0.129433 0.640231
0.702906 0.161605
0.312078 0.44136
0.267429 0.482864
0.246827 0.503183
0.71301 0.155601
0.00502075 0.929143
0.399861 0.367655
0.513306 0.283546
0.146974 0.616628
0.862412 0.0713385
0.662433 0.1861
0.299686 0.452564
0.000111793 0.989427
0.638076 0.201203
0.736 0.142095
0.282914 0.468104
0.00823958 0.909228
0.870067 0.067226
0.440406 0.336369
0.54353 0.262755
0.0952919 0.691306
0.598613 0.226299
0.144665 0.619652
0.381359 0.382457
0.0522455 0.771427
0.546793 0.260546
0.307743 0.445254
0.94311 0.0288617
0.356223 0.403155
0.919721 0.0409793
0.633619 0.203998
0.425131 0.347979
0.526739 0.274232
0.349122 0.409134
0.873544 0.0653642
0.819057 0.0949824
0.936705 0.0321649
0.994545 0.00273099
0.108759 0.670214
0.379418 0.384031
0.0598711 0.755314
0.0840385 0.710106
0.039447 0.801387
0.397183 0.369775
0.991365 0.00432705
0.503906 0.290137
0.449043 0.329893
0.00559567 0.925196
0.000189602 0.98623
0.0202701 0.857627
0.779031 0.117373
0.0899717 0.700047
0.0190655 0.861922
0.212072 0.539487
0.553519 0.256012
0.110074 0.668225
0.259527 0.490563
0.162526 0.596855
0.582719 0.23664
0.140008 0.625824
0.649589 0.194029
0.791425 0.110379
0.251351 0.498651
0.647899 0.195079
0.016031 0.873387
0.114662 0.661383
0.493766 0.297315
0.1554 0.605792
0.37161 0.390402
0.328342 0.426989
0.203167 0.54926
0.374259 0.388233
0.864527 0.0702004
0.755803 0.130631
0.986162 0.00694321
0.274763 0.475821
0.263584 0.486596
0.845281 0.0806084
0.855379 0.0751331
0.420631 0.351439
0.509919 0.285914
0.491735 0.298762
0.961269 0.0195567
0.113636 0.6629
0.656572 0.189709
0.655366 0.190453
0.317957 0.436123
0.551474 0.257387
0.180829 0.57476
0.564787 0.248477
0.415082 0.355732
0.296705 0.455293
0.854871 0.0754075
0.624467 0.209768
0.667711 0.182864
0.270901 0.479519
0.177596 0.578578
0.706484 0.159474
0.293888 0.457885
0.816484 0.0964049
0.122704 0.649709
0.330685 0.424948
0.210634 0.541051
0.141154 0.624296
0.391864 0.37401
0.789501 0.111462
0.776624 0.118737
0.230779 0.519605
0.729427 0.145935
0.286187 0.465036
0.0573522 0.760517
0.00688258 0.917039
0.521976 0.277521
0.0740055 0.727961
0.537657 0.266749
0.963325 0.0185087
0.486074 0.30281
0.0343189 0.814746
0.291017 0.46054
0.153427 0.608302
0.730602 0.145247
0.709809 0.157498
0.945464 0.0276502
0.304016 0.448624
0.228826 0.521642
0.506482 0.288325
0.184912 0.569985
0.242273 0.507787
0.480362 0.306918
0.0341254 0.815269
0.983592 0.00823792
0.563985 0.249011
0.0924927 0.695874
0.538657 0.266068
0.415984 0.355031
0.48095 0.306495
0.487068 0.302098
