57917 210.041
1 0
1.14273e-17 1
0.89658 0.0531209
0.0795069 0.71803
0.98815 0.00594243
0.740138 0.139687
0.943458 0.0286824
0.466345 0.317106
0.197217 0.555909
0.204591 0.547683
0.458789 0.32266
0.326433 0.428657
0.320488 0.433884
0.33158 0.42417
0.777883 0.118023
0.0404543 0.798868
0.129744 0.6398
0.749017 0.134543
0.0370218 0.807589
0.292291 0.459361
0.101928 0.680739
0.0125578 0.887939
0.840278 0.0833333
0.795202 0.108259
0.00586016 0.923448
0.194194 0.559326
0.0979408 0.687045
0.387836 0.377235
0.606907 0.220958
0.977168 0.011482
0.846523 0.079933
0.0160844 0.873176
0.115383 0.660319
0.392945 0.373147
0.125205 0.646157
0.0142682 0.880551
0.223334 0.527418
0.788483 0.112034
0.042804 0.793109
0.0203298 0.857417
0.907609 0.0473148
0.480609 0.30674
0.0492157 0.778154
0.527852 0.273466
0.936411 0.0323167
0.734701 0.142853
0.581142 0.237673
0.406798 0.362193
0.27026 0.480135
0.30721 0.445735
0.728996 0.146187
0.495275 0.296242
0.173739 0.58318
0.951096 0.0247582
0.218731 0.532313
0.0046814 0.931579
0.00298828 0.945335
0.0258646 0.839175
0.07034 0.734783
0.370598 0.391232
0.587822 0.233305
0.274879 0.475711
0.783568 0.114806
0.723804 0.149233
0.540466 0.264836
0.183727 0.571366
0.0746617 0.726757
0.355171 0.404038
0.286043 0.46517
0.145522 0.618527
0.0829838 0.711931
0.597041 0.227316
0.601103 0.224691
4.40082e-05 0.993366
0.805367 0.102578
0.471532 0.313318
0.296129 0.455823
0.655719 0.190235
0.0276924 0.83359
0.703935 0.160992
0.763157 0.126411
0.488261 0.301243
0.800729 0.105166
0.0577153 0.75976
0.649282 0.194219
0.111433 0.666185
0.382544 0.381499
0.924246 0.0386226
0.337337 0.419193
0.475671 0.310311
0.000462658 0.978491
0.699898 0.163401
0.0518064 0.772391
0.399693 0.367788
0.374891 0.387716
0.25456 0.495461
0.00380964 0.938278
0.265992 0.484256
0.641308 0.199183
0.315403 0.438392
0.67204 0.18022
0.000253821 0.984068
0.591239 0.231079
0.884014 0.0597799
0.0641659 0.74669
0.00216398 0.953481
0.0236232 0.846301
0.623709 0.210248
0.359211 0.400658
0.350324 0.408118
0.161305 0.598372
0.665831 0.184015
0.834134 0.0866904
0.232091 0.518241
0.555158 0.254911
0.0107285 0.896421
0.510302 0.285646
0.0223085 0.85064
0.694141 0.166849
0.109065 0.66975
0.13561 0.631747
0.0322783 0.820338
0.188356 0.566
0.428875 0.345114
0.41348 0.356976
0.825896 0.0912117
0.51405 0.283027
0.441435 0.335594
0.16495 0.593859
0.00891165 0.905598
0.139724 0.626204
0.13367 0.634391
0.818666 0.0951984
0.37914 0.384256
0.718551 0.152326
0.612525 0.217361
0.498337 0.29407
0.00167087 0.959124
0.618132 0.213786
0.959924 0.0202429
0.0947001 0.692266
0.177699 0.578456
0.141572 0.623739
0.249685 0.500316
0.0854452 0.70769
0.156327 0.604618
0.365722 0.395251
0.954734 0.0228948
0.212616 0.538897
0.522284 0.277308
0.339997 0.416908
0.122091 0.650585
0.550877 0.257789
0.344483 0.413073
0.486028 0.302843
0.179953 0.575792
0.963802 0.018266
0.85235 0.0767721
0.000953897 0.969115
0.645984 0.196269
0.970697 0.0147603
0.683479 0.173272
0.534985 0.268573
0.559612 0.251928
0.715124 0.15435
0.830775 0.0885313
0.919623 0.0410304
0.215155 0.536152
0.447069 0.331368
0.247828 0.502176
0.636563 0.202151
0.452502 0.327317
0.301293 0.451098
0.419221 0.352528
0.148618 0.61449
0.770632 0.122143
0.243406 0.506638
0.0736403 0.728633
0.915861 0.0429939
0.503327 0.290545
0.0601556 0.754734
0.235953 0.51425
0.257445 0.492609
0.569437 0.24539
0.752679 0.132429
0.633589 0.204017
0.424449 0.348502
0.398096 0.369052
0.00720928 0.915093
0.0617478 0.751509
0.532798 0.27007
0.687129 0.171068
0.0457361 0.78614
0.363268 0.397283
0.409456 0.360112
0.505556 0.288975
0.812763 0.0984662
0.434115 0.341126
0.859368 0.072979
0.65913 0.188132
0.0349864 0.812953
0.890523 0.0563249
0.238133 0.512011
0.0879428 0.703448
0.911522 0.0452636
0.278788 0.471996
0.811089 0.0993953
0.872877 0.0657211
0.0463529 0.784703
0.929947 0.0356621
0.544824 0.261878
0.869717 0.067414
0.055031 0.765413
0.983105 0.00848356
0.208777 0.543079
0.690943 0.16877
0.821695 0.0935263
0.227592 0.522934
0.0100104 0.899948
0.865466 0.0696955
0.169165 0.588704
0.565076 0.248285
0.454257 0.326014
0.0180246 0.865744
0.662903 0.185811
0.85498 0.0753486
0.0668386 0.741468
0.347124 0.410827
0.118901 0.65518
0.768519 0.123348
0.00114286 0.966194
0.24167 0.5084
0.018348 0.864545
0.709846 0.157476
0.155349 0.605857
0.879114 0.062389
0.577262 0.240222
0.968596 0.0158272
0.0897443 0.700427
0.262481 0.487671
0.43722 0.338774
0.629112 0.206834
0.0540802 0.767448
0.41739 0.353943
0.0678296 0.739559
0.283853 0.467221
0.547256 0.260232
0.758439 0.129116
0.169886 0.587827
0.0338492 0.816018
