274405 440.033
0.803185 0.144682
0.597706 0.275413
0.790641 0.150613
0.795584 0.146251
0.95958 0.0422375
0.793251 0.146878
0.356629 0.453378
0.663749 0.218311
0.618831 0.249592
0.913955 0.0702363
0.450096 0.367658
0.642045 0.226099
0.396398 0.423842
0.734295 0.178248
0.747707 0.175293
0.67174 0.211113
0.497635 0.324049
0.301914 0.501126
0.884361 0.0919618
0.598343 0.263644
0.263065 0.533549
0.783497 0.153618
0.219746 0.594597
0.465388 0.355166
0.04203 0.859908
0.630601 0.241065
0.0290379 0.883176
0.252238 0.551347
0.101477 0.737747
0.0501939 0.835113
0.199564 0.601206
0.808608 0.121184
0.051863 0.830163
0.00119471 1.02294
0.464476 0.367245
0.138851 0.688236
0.343141 0.470974
0.726131 0.190633
0.424561 0.38716
0.0766216 0.76659
0.286264 0.509258
0.000200545 1.03576
0.257579 0.537728
0.0359968 0.862738
0.0775954 0.764793
0.0712654 0.776685
0.139925 0.686422
0.0102321 0.946603
0.99999 0.0257014
0.10733 0.714523
0.281643 0.525193
0.358751 0.448836
0.772674 0.155623
0.999995 0.0256992
0.231885 0.565407
0.301983 0.488862
0.61036 0.26122
0.0782771 0.761056
0.283372 0.514841
0.309586 0.487938
0.999994 0.0256997
0.803471 0.131929
0.0155373 0.922525
0.713391 0.195966
0.427698 0.38559
0.338436 0.476102
0.0294032 0.863061
0.749826 0.169867
0.0522139 0.812503
0.752545 0.164791
0.638289 0.231807
0.499995 0.31229
0.221717 0.575746
0.0443391 0.839263
0.35424 0.466207
0.715172 0.19466
0.0982422 0.749759
0.687893 0.20585
0.397321 0.411222
0.999995 0.0196956
0.0613527 0.786754
0.831281 0.109652
0.785668 0.15155
0.487492 0.353526
0.73105 0.180559
0.00998258 0.963495
0.435168 0.37522
0.914931 0.0640127
0.00238209 1.00025
0.117709 0.695512
0.131541 0.690179
0.708541 0.203517
0.0519731 0.816612
0.58301 0.282243
0.97125 0.0318453
0.222004 0.571431
0.180525 0.630633
0.85797 0.0948508
0.955391 0.0426881
0.10094 0.743112
1.28604e-21 1.03775
0.105658 0.72978
0.944844 0.0438632
0.521627 0.306169
0.00153301 1.01549
0.00468582 0.979156
0.163891 0.632268
0.0684661 0.781327
0.0100382 0.955084
0.608013 0.261419
0.987602 0.0260317
0.363155 0.426296
0.405241 0.391641
0.145379 0.676116
0.646526 0.21941
0.590651 0.280529
0.0808914 0.758991
0.184793 0.61871
0.543012 0.291892
0.0900291 0.754657
0.0210086 0.883246
0.15247 0.652425
0.980488 0.0296865
0.999999 0.0177955
0.347691 0.46628
0.999999 0.0173175
0.981058 0.026859
0.34668 0.466763
0.00274225 0.987461
0.251912 0.557353
0.761467 0.160638
0.640311 0.231626
0.332392 0.476644
0.884909 0.0877735
0.1842 0.62977
0.933059 0.0519473
0.930268 0.0534177
0.017348 0.903578
0.0161266 0.908387
0.282884 0.518351
0.315773 0.486342
0.999999 0.0173175
0.890155 0.0746879
1 0.0173173
