1744404 540.01
4.79254e-11 11.364
1.16384e-11 39.3189
1.3888e-11 26.0279
2.48192e-10 2.51397
0.0166879 1.75371
0.016688 1.73402
0.0788366 1.42223
0.801911 0.541005
0.0168856 1.67801
0.0168765 1.68354
0.0316495 1.60046
0.215966 1.20339
0.0234974 1.63061
0.0316444 1.61619
0.0655795 1.48732
0.0235038 1.62232
0.0234899 1.63187
0.0655731 1.48986
6.18748e-10 1.84337
0.268727 1.12143
0.715982 0.684997
0.801394 0.613691
0.901957 0.532958
0.0713977 1.45745
0.53396 0.832629
0.126203 1.34185
0.795756 0.616069
0.268721 1.12748
0.0713951 1.4667
0.715983 0.674565
0.111416 1.35898
0.391304 0.972443
0.111406 1.36425
0.487132 0.880255
0.268725 1.124
0.255561 1.13309
0.0528225 1.49915
0.747336 0.642323
0.128936 1.3306
0.0528196 1.50567
0.980196 0.479428
0.11877 1.35024
0.288363 1.08452
0.28835 1.08947
0.138049 1.32906
0.396473 0.958741
0.13805 1.30414
0.981825 0.474565
0.98183 0.468121
0.274285 1.09573
0.689137 0.691865
0.91618 0.519478
0.347766 1.01393
0.498557 0.86011
0.689141 0.68673
0.916187 0.512752
0.65642 0.711876
0.459335 0.900559
0.881319 0.540279
0.656415 0.720098
0.916178 0.523374
0.321373 1.02936
0.418514 0.926188
0.659304 0.704339
0.736509 0.644383
0.939376 0.495273
0.931003 0.508235
0.656415 0.721187
0.0378378 1.52733
0.598983 0.762944
0.881326 0.537991
0.368348 0.9778
0.657172 0.71122
0.30813 1.04942
1.61285e-07 1.79836
0.157519 1.25447
0.0378467 1.52544
0.368355 0.973168
3.85281e-06 1.77483
0.182588 1.20376
0.355459 0.996006
0.368341 0.978712
0.228639 1.14322
0.22863 1.14733
0.516014 0.832681
0.61976 0.727425
0.179028 1.2063
0.763058 0.617896
0.581613 0.775643
0.17902 1.21312
0.717181 0.646112
0.537018 0.811862
2.02372e-07 1.78246
0.537023 0.791706
0.179013 1.22716
0.717173 0.652018
0.355443 1.00232
0.179025 1.20999
0.331437 1.02004
0.310629 1.0383
0.499629 0.842289
0.581621 0.76619
0.30596 1.05502
