1381475 380.007
4.79254e-11 11.364
1.16384e-11 39.3189
1.3888e-11 26.0279
0.833447 1.00183
0.0980209 2.01916
0.812684 1.0061
0.594141 1.20259
0.0980071 2.03388
0.184174 1.67413
0.183827 1.81612
4.99096e-06 2.31107
0.183822 1.83182
0.0534279 2.13873
1.29129e-07 2.50288
0.0534227 2.14678
2.48192e-10 2.51397
0.0762006 2.06891
0.0762087 2.05667
0.71245 1.17388
0.0534142 2.14729
0.712454 1.15685
0.0690689 2.0899
0.0589365 2.10432
0.712454 1.15989
0.409555 1.46157
0.162642 1.85269
0.0589303 2.13188
0.400526 1.48047
0.162649 1.84043
0.162648 1.84857
0.755958 1.10194
0.100404 1.98018
0.100396 1.99824
0.30606 1.6012
0.984476 0.906843
0.965733 0.913333
0.984488 0.905265
0.553722 1.28886
0.965742 0.909411
0.350509 1.52699
0.545383 1.30598
0.348942 1.53136
0.127963 1.90108
0.87039 1.00018
0.110853 1.93944
0.142602 1.85374
0.129019 1.89445
1.29601e-07 2.46087
0.367729 1.51373
0.0307822 2.1769
0.11086 1.93186
0.545385 1.29887
0.104188 1.94621
0.129012 1.89569
0.656513 1.19301
0.545391 1.29885
0.580989 1.24672
0.911163 0.951458
0.0307862 2.15599
0.252255 1.65271
0.104184 1.95314
0.580986 1.24971
0.0165019 2.25624
0.656515 1.17482
0.316051 1.55543
0.12902 1.87645
0.911159 0.955457
0.36776 1.50331
0.727961 1.11408
0.367756 1.50606
0.78321 1.07345
0.367762 1.4946
0.367769 1.49273
0.0165116 2.24662
0.562695 1.2739
0.562705 1.27056
0.110855 1.93274
0.496715 1.33466
0.562692 1.28152
0.727964 1.1063
0.562687 1.28179
0.138437 1.86031
0.0164993 2.26437
0.316047 1.55645
0.870397 0.986411
0.429686 1.42255
0.252241 1.66085
0.640002 1.19435
6.86947e-07 2.43288
0.367778 1.48581
