157678 300.065
1 2.82477e-06
1.04083e-17 1.00001
1 0.132092
0.703794 0.161083
0.0962017 0.689842
0.0196915 0.85968
0.169207 0.588663
0.120712 0.652569
1 0.02431
0.117256 0.657579
0.202163 0.550385
0.188254 0.566128
0.18168 0.57377
0.217645 0.533485
0.0160722 0.87323
0.680728 0.174946
1 0.000580999
1 0.02431
0.207074 0.544956
0.694664 0.166543
0.67086 0.180944
0.0132077 0.885082
0.222833 0.527959
0.0108719 0.895738
0.686352 0.171544
0.663807 0.185265
0.185424 0.569402
0.225909 0.524712
0.690692 0.168929
0.0124569 0.888396
0.644531 0.197181
0.00964692 0.901788
0.668715 0.182258
0.229424 0.521029
0.613056 0.217029
0.206979 0.545061
0.641162 0.199278
0.531693 0.270832
0.421245 0.350976
0.00221973 0.952892
0.262046 0.488104
8.10565e-05 0.991004
0.659418 0.187968
0.370132 0.391625
0.575291 0.241525
0.424096 0.348783
0.00268317 0.948207
0.528987 0.272689
0.595199 0.228513
0.000199568 0.98588
0.373204 0.389105
0.259938 0.490168
0.418347 0.353207
0.378342 0.384915
0.384908 0.3796
0.525921 0.2748
0.497214 0.29487
0.413643 0.357625
0.37541 0.387298
0.45582 0.324865
0.2339 0.516379
0.000746043 0.972693
0.63819 0.20114
0.000513538 0.977345
0.265007 0.485222
0.00099097 0.968527
0.632824 0.204502
0.535073 0.268518
0.572358 0.24346
0.231421 0.518947
0.552971 0.256384
0.416281 0.355585
0.458678 0.322747
0.547731 0.259916
0.394331 0.372052
1.91066e-05 0.995636
0.648663 0.194612
0.363181 0.397364
0.583017 0.236449
0.598187 0.226579
0.353858 0.405146
0.400882 0.366858
0.616265 0.214979
0.485184 0.303453
0.505015 0.28936
0.350867 0.407667
0.57826 0.23957
0.500001 0.292896
0.000339917 0.98157
0.555909 0.254411
0.550456 0.258082
0.523355 0.276572
0.609724 0.219156
0.635454 0.202855
0.450919 0.328505
0.431385 0.343206
0.49447 0.296819
0.387376 0.377614
0.47114 0.313608
0.00891467 0.905588
0.00644916 0.9197
0.56979 0.24516
0.00180731 0.957494
0.403372 0.364889
0.23809 0.512065
0.502403 0.291201
0.453331 0.326706
0.00588635 0.923284
0.600649 0.224988
0.235991 0.514221
0.00531686 0.92709
0.366208 0.394859
0.558225 0.252859
0.426764 0.346733
0.592291 0.2304
0.590111 0.231817
0.301003 0.451372
0.603365 0.223243
0.00708293 0.915846
0.520736 0.278384
0.392088 0.374616
0.00129699 0.963992
0.464579 0.318405
0.0039669 0.937022
0.00827085 0.909062
0.473826 0.311654
0.509669 0.286093
0.42885 0.345143
0.438512 0.338573
0.273753 0.476796
0.443894 0.333756
0.650127 0.193704
0.00313113 0.94405
0.298302 0.45384
0.492142 0.298476
0.243697 0.506353
0.482517 0.30537
0.653668 0.191511
0.625071 0.209394
0.478308 0.308406
0.257212 0.49285
0.00764608 0.912564
0.240214 0.509893
0.629794 0.206412
0.507615 0.287533
0.516367 0.281418
0.580644 0.238004
0.00349181 0.940915
0.487706 0.301645
0.560963 0.25103
0.623057 0.210669
0.446491 0.33181
0.44833 0.33043
0.475897 0.310152
0.38972 0.375735
0.627951 0.207575
0.545015 0.261753
0.271514 0.47894
0.338387 0.4183
0.382168 0.38193
0.489755 0.30018
0.43533 0.340209
0.279447 0.471383
0.53712 0.267119
0.567192 0.246883
0.398376 0.36884
0.31162 0.44178
0.620316 0.212407
0.518439 0.279977
0.00480636 0.930678
0.249096 0.500915
0.309663 0.443536
0.277424 0.4733
0.467444 0.316306
0.34074 0.41628
0.361248 0.39897
0.25397 0.496055
0.396718 0.370155
0.480534 0.306804
0.320419 0.433954
0.562885 0.249747
0.00441148 0.933587
0.565288 0.248148
0.275665 0.474972
0.367803 0.39354
0.334699 0.421478
0.605731 0.221721
0.35921 0.400668
0.32243 0.432181
0.657693 0.189022
0.242028 0.508047
0.00153829 0.960786
0.246029 0.503992
0.512443 0.284152
0.410565 0.359251
0.586102 0.234431
0.434232 0.341837
0.461066 0.320991
0.281293 0.46964
0.288143 0.463221
0.441853 0.335285
0.336631 0.419811
0.380807 0.383138
0.349046 0.409208
0.29504 0.456835
0.313586 0.440017
0.325936 0.429102
0.286338 0.464904
0.327771 0.427497
0.304389 0.448295
0.318591 0.435571
0.543137 0.263025
0.29326 0.458475
0.513776 0.283223
0.307736 0.445268
0.440037 0.336793
0.618516 0.213546
0.289916 0.461572
0.587217 0.233703
0.539534 0.265475
0.26675 0.483531
0.324186 0.430636
0.283019 0.468014
0.409421 0.360373
0.607718 0.220446
0.655067 0.190646
0.3472 0.410772
0.329502 0.425987
0.332794 0.423127
0.30267 0.449855
0.355741 0.403569
0.406939 0.362199
0.255918 0.494126
0.291576 0.460032
0.316885 0.437085
0.284686 0.466451
0.468811 0.315307
0.306171 0.446683
0.357368 0.402206
0.250872 0.499139
0.405677 0.363077
0.296776 0.455233
0.315185 0.438597
0.269843 0.480545
0.252268 0.497748
0.331232 0.42448
0.247184 0.502834
0.462675 0.319803
0.345528 0.412193
0.268355 0.481981
