247336 510.054
1 0
0 1
0.60479 0.222317
0.594624 0.228882
0.623763 0.210213
0.507604 0.287537
0.501869 0.291573
0.515165 0.28225
0.396053 0.370672
0.543071 0.263067
0.989512 0.00525791
0.00387704 0.937734
0.443823 0.3338
0.270234 0.48016
0.830029 0.0889405
0.0103046 0.898488
0.551213 0.257563
0.0636451 0.74772
0.633738 0.203924
0.113496 0.663108
0.686387 0.171515
0.884678 0.0594268
0.93953 0.0307064
0.807754 0.101249
0.584874 0.23523
0.878697 0.0626115
0.494713 0.296641
0.739644 0.139974
0.566975 0.247022
0.104418 0.676863
0.823903 0.0923087
0.922026 0.0397784
0.292579 0.459094
0.296883 0.45513
0.928312 0.0365104
0.00208352 0.954354
0.228988 0.521473
0.26573 0.48451
0.000259867 0.98388
0.872568 0.0658867
0.205234 0.546973
0.0371295 0.80731
0.731609 0.144659
0.101149 0.681982
0.428339 0.345524
0.287494 0.463815
0.617814 0.213988
0.849495 0.0783195
0.00909374 0.904639
0.276036 0.474609
0.129269 0.64046
0.960509 0.0199445
0.46837 0.315624
0.0125604 0.887927
0.0339128 0.815846
0.647436 0.195366
0.933846 0.0336428
0.478078 0.308568
0.558778 0.252485
0.432802 0.342123
0.0451096 0.78761
0.412509 0.357731
0.00756845 0.913003
0.463275 0.319357
0.47318 0.31212
0.416949 0.354284
0.30197 0.450482
0.13295 0.635377
0.954374 0.0230794
0.576007 0.241049
0.240545 0.509546
0.40213 0.365863
0.774483 0.119953
0.814008 0.0977762
0.283556 0.4675
0.0535716 0.768545
8.27077e-05 0.990906
0.0599757 0.755101
0.080191 0.71682
0.169004 0.588899
0.588923 0.232587
0.0184497 0.864171
0.185868 0.568876
0.30559 0.447198
0.722531 0.149982
0.66108 0.186932
0.39046 0.375132
0.998588 0.000706047
0.909342 0.0464057
0.709625 0.157608
0.538927 0.265884
0.189759 0.564386
0.323201 0.431492
0.844745 0.0809001
0.748778 0.134681
0.235775 0.514433
0.818335 0.0953814
0.122241 0.650371
0.693653 0.167142
0.681616 0.1744
0.946123 0.0273113
0.788071 0.112266
0.000683193 0.973862
0.370693 0.391154
0.164646 0.594234
0.0699139 0.735588
0.017034 0.869486
0.261185 0.488938
0.891114 0.0560117
0.0730951 0.729639
0.327314 0.427886
0.520444 0.278582
0.178223 0.577835
0.836935 0.0851584
0.279029 0.471768
0.655153 0.190585
0.171914 0.585375
0.0565548 0.762187
0.310338 0.44292
0.491008 0.29928
0.201377 0.551249
0.743273 0.137867
0.728582 0.14643
0.900995 0.0507923
0.383965 0.380351
0.753024 0.132231
0.255237 0.49479
0.715242 0.15428
0.00542543 0.926343
0.483052 0.304981
0.150442 0.612131
0.209727 0.54204
0.802053 0.104426
0.528229 0.273206
0.224245 0.526455
0.365655 0.395306
0.319045 0.43516
0.175612 0.580939
0.232967 0.517333
0.972726 0.0137311
0.699922 0.163386
0.0204908 0.856854
0.612695 0.217251
0.564951 0.248368
0.486267 0.302671
0.449991 0.329186
0.153121 0.608693
0.0423428 0.794226
0.193124 0.560541
0.348109 0.409992
0.523867 0.276213
0.0153922 0.875935
0.0889472 0.70176
0.577689 0.239942
0.379373 0.384067
0.978187 0.0109669
0.779861 0.116903
0.76935 0.122874
0.33108 0.424605
0.792772 0.109623
0.0324924 0.819744
0.360368 0.399694
0.13628 0.630838
0.40745 0.361682
0.96573 0.0172843
0.117731 0.65688
0.0214707 0.853471
0.905111 0.048627
0.109926 0.66845
0.668399 0.182443
0.156373 0.60456
0.554798 0.255152
0.0263904 0.837549
0.0665234 0.742079
0.00138284 0.962813
0.860282 0.0724864
0.652037 0.192512
0.949508 0.025573
0.0242618 0.844238
0.35155 0.407084
0.456461 0.324381
0.0294613 0.828357
0.217079 0.534082
0.0501416 0.776077
0.339832 0.417049
0.0273246 0.834698
0.867245 0.0687402
0.984969 0.00754426
0.839517 0.0837483
0.635748 0.202662
0.0234002 0.847029
0.25105 0.498951
0.0973658 0.687965
0.458698 0.322727
0.664942 0.18456
0.25824 0.491827
0.0843679 0.709539
0.387298 0.377667
0.0304772 0.825423
0.718571 0.152314
0.0836243 0.710821
0.158702 0.601626
0.533793 0.269389
0.198404 0.554575
0.093089 0.694895
0.45156 0.328018
0.196014 0.557266
0.672802 0.179755
0.243943 0.506094
0.118671 0.655514
0.00287713 0.946361
0.0930499 0.694959
0.373896 0.388529
0.0513486 0.773398
0.142321 0.622745
0.0777504 0.721162
0.915411 0.0432291
0.855963 0.0748173
0.864592 0.0701659
0.214711 0.53663
0.246035 0.503981
0.969024 0.0156099
0.0143999 0.880001
0.058241 0.758668
0.421889 0.35047
0.211933 0.539638
0.0387538 0.80314
0.764074 0.125887
0.336135 0.420228
0.757865 0.129446
0.125767 0.645363
0.438393 0.337887
0.981411 0.00933791
0.641537 0.19904
0.676908 0.177256
0.895689 0.0535913
0.0879555 0.703427
0.108273 0.670952
0.355946 0.403388
0.00656766 0.918959
0.916388 0.0427186
0.145166 0.618994
0.249219 0.500781
0.695902 0.165793
0.315818 0.438023
0.376738 0.38621
0.138427 0.627942
0.0679154 0.739394
0.34433 0.413204
0.437958 0.338216
