24262 50.0067
1 0
1.17178e-18 1
0.191089 0.562862
0.417538 0.353828
0.401948 0.366006
0.366028 0.394997
0.921352 0.0401291
0.426584 0.346866
0.494029 0.297128
0.358269 0.401444
0.123699 0.648291
0.627265 0.207999
0.270093 0.480295
0.184667 0.570271
0.263302 0.48687
0.00580485 0.92381
0.0919135 0.696828
0.118357 0.655971
0.0274569 0.834299
0.913072 0.0444522
0.7925 0.109775
0.757237 0.129806
0.700867 0.162822
0.394062 0.372256
0.00988477 0.900578
8.11078e-05 0.990994
0.339569 0.417275
0.502635 0.291032
0.837904 0.084629
0.0249958 0.841899
0.484449 0.303976
0.45648 0.324367
0.406818 0.362177
0.221866 0.528973
0.665695 0.184099
0.695136 0.166252
0.866407 0.0691904
0.883959 0.0598091
0.435289 0.340235
0.750964 0.133418
0.0532454 0.76925
0.247742 0.502263
0.00147265 0.961625
0.0688381 0.73763
0.148668 0.614426
0.018454 0.864154
0.786208 0.113316
0.0297343 0.827564
0.853794 0.0759903
0.328218 0.427097
0.444612 0.333207
0.000957506 0.969056
0.294878 0.456973
0.0373665 0.806696
0.573692 0.242575
0.0498068 0.776826
0.479227 0.307738
0.578163 0.23963
0.824824 0.0918021
0.196289 0.556955
0.533594 0.269525
0.278647 0.47213
0.461859 0.320398
0.0204886 0.856862
0.104571 0.676625
0.100778 0.682545
0.152876 0.609007
0.659528 0.187887
0.273835 0.476708
0.714608 0.154657
0.59176 0.230741
0.058472 0.75819
0.127218 0.643323
0.489956 0.300032
0.9817 0.0091923
0.0609133 0.753194
0.168386 0.589651
0.0335598 0.816807
0.0554839 0.76445
0.807308 0.101497
0.320472 0.433897
0.0971779 0.688266
0.648455 0.194733
0.227572 0.522955
0.762891 0.126564
0.0871512 0.704786
0.110165 0.668089
0.798296 0.106526
0.282527 0.468467
0.00310969 0.944235
0.934176 0.0334724
0.130613 0.638596
0.0478693 0.78121
0.430102 0.344178
0.519141 0.279485
0.18154 0.573925
0.0763305 0.72372
0.732778 0.143975
0.567689 0.246548
0.377048 0.385958
0.0410494 0.797393
0.205427 0.546759
0.58397 0.235821
0.00716346 0.915363
0.745788 0.13641
0.681914 0.174219
0.004565 0.932435
0.781113 0.116194
0.526862 0.274148
0.0657287 0.743624
0.323094 0.431586
0.770647 0.122135
0.078511 0.719802
0.177639 0.578528
0.608079 0.220206
0.252469 0.497537
0.741511 0.13889
0.0638731 0.747269
0.964914 0.0176997
0.107376 0.672318
0.640327 0.199796
0.113629 0.662912
0.802471 0.104192
0.0438209 0.790666
0.975313 0.0124205
0.736682 0.141698
0.844372 0.0811026
0.354258 0.404804
0.161765 0.5978
0.145084 0.619101
0.370696 0.391152
0.946316 0.0272125
0.0451453 0.787526
0.20254 0.549955
0.233046 0.517252
0.209674 0.542098
0.24123 0.508848
0.677839 0.17669
0.218659 0.53239
0.000476093 0.97818
0.0039882 0.936848
0.199071 0.553826
0.290583 0.460943
0.000333711 0.981732
0.643798 0.19763
0.468519 0.315516
0.871935 0.0662252
0.243505 0.506538
0.334571 0.421579
0.29967 0.452579
0.314554 0.439148
0.5405 0.264813
0.157355 0.60332
0.898514 0.0521002
0.960011 0.0201986
0.587219 0.233698
0.892154 0.0554608
0.689462 0.169661
0.613807 0.216541
0.55283 0.256474
0.670894 0.180919
0.133662 0.634402
0.0897726 0.700379
0.0132447 0.884914
0.90516 0.0486011
0.381835 0.382072
0.0731024 0.729625
0.890099 0.0565496
0.215432 0.535854
0.138744 0.627516
0.63265 0.204607
0.996578 0.0017124
0.00838702 0.908419
0.597337 0.227124
0.619943 0.212635
0.0718876 0.731881
0.0320066 0.821096
0.812845 0.0984209
0.767221 0.124089
0.687105 0.171082
0.38968 0.375756
0.90892 0.0466272
0.135991 0.63123
0.0230109 0.848307
0.0815467 0.714436
0.0150835 0.877185
0.332546 0.423332
0.00226295 0.95243
0.30382 0.448802
0.83041 0.0887316
0.941029 0.0299333
0.0839536 0.710253
0.508852 0.286661
0.11581 0.659692
0.450587 0.328742
0.986197 0.0069256
0.537917 0.266572
0.832419 0.0876298
0.950006 0.0253173
0.373521 0.388836
0.466194 0.317216
0.709687 0.157571
0.969412 0.0154126
0.412253 0.357931
0.727071 0.147316
0.17493 0.581753
0.527842 0.273473
0.254949 0.495076
0.344582 0.412989
0.564535 0.248645
0.229665 0.520766
0.673621 0.179256
0.653698 0.191484
0.0221865 0.851049
0.819429 0.0947768
0.307887 0.445125
0.165031 0.59376
0.605031 0.222162
0.878273 0.0628378
0.30962 0.443565
0.848053 0.0791021
0.927901 0.0367237
0.991686 0.00416545
0.72561 0.148173
0.545624 0.261336
0.286642 0.46461
0.504881 0.28945
0.860116 0.0725754
0.706835 0.159265
0.938555 0.0312098
0.517821 0.280402
0.513036 0.283735
0.451278 0.328228
0.259658 0.490433
0.0114836 0.892839
0.384839 0.379646
0.473819 0.311655
0.156032 0.604991
0.0166624 0.870917
0.90061 0.0509951
0.560966 0.251023
0.236899 0.513277
0.547757 0.259894
0.859543 0.0728848
0.61592 0.215194
0.0116387 0.892117
0.776488 0.118815
0.953978 0.0232819
0.345636 0.412092
0.0139834 0.881749
