82145 130.012
0.0826385 0.804848
0.182429 0.631384
0.0807243 0.806375
0.0770885 0.807311
0.139029 0.702344
0.156784 0.700331
0.203028 0.623762
0.230848 0.591986
0.195858 0.629522
0.251714 0.559007
0.215377 0.609672
0.213633 0.617748
0.670138 0.233926
0.598219 0.280042
0.975937 0.0518452
0.443821 0.388162
0.565481 0.305787
0.00468097 1.03844
0.927702 0.0818428
0.75572 0.184226
0.974756 0.0576365
0.404472 0.417575
0.413289 0.401894
0.896477 0.098357
0.542438 0.321701
0.48142 0.357347
0.0613852 0.859232
0.969082 0.0581057
0.307163 0.509468
0.575384 0.298272
0.082979 0.799696
0.00175817 1.07776
0.983056 0.0410499
0.0346007 0.908221
0.341217 0.486485
0.498396 0.356536
0.841014 0.112069
0.263445 0.554845
0.342791 0.467381
0.513372 0.343508
0.245009 0.567997
0.415686 0.400868
0.386349 0.445148
0.727657 0.184372
0.823224 0.122786
0.709316 0.187768
0.291221 0.511553
0.771338 0.160275
0.221912 0.605188
0.947838 0.0608644
0.858127 0.111963
0.644109 0.242288
0.412182 0.403514
0.116184 0.717939
0.0670837 0.831222
0.877357 0.102794
0.551113 0.312328
0.790328 0.14268
0.962568 0.0598058
0.621171 0.24683
0.0955566 0.737698
0.000926046 1.088
0.0470201 0.860237
0.0224689 0.929337
0.979031 0.0506884
0.903641 0.0851049
0.592961 0.297811
0.646304 0.237235
0.940653 0.0627349
0.595611 0.283358
0.79083 0.140092
0.349273 0.453849
0.0116795 0.987499
0.394893 0.429616
0.0759296 0.813949
0.0375532 0.888578
0.157278 0.699824
0.0876611 0.770297
0.938496 0.0716396
0.649123 0.235938
0.529575 0.322358
0.124727 0.705223
0.513237 0.355521
0.672201 0.229211
0.232114 0.576367
0.380116 0.449769
0.523738 0.325822
0.308286 0.504729
0.326337 0.493911
0.00266483 1.0629
0.312401 0.502906
0.468508 0.385981
0.00196222 1.07696
0.0453766 0.884916
0.394325 0.443256
0.319922 0.49701
0.341479 0.485849
0.0443719 0.887535
0.265929 0.545067
0.158262 0.643227
0.82035 0.137614
0.0289457 0.917473
0.0192105 0.974326
0.473306 0.360127
0.0913058 0.747249
0.0129048 0.982127
0.987924 0.0365823
0.00642038 1.00242
7.12443e-19 1.1077
0.684792 0.215071
0.605738 0.270363
0.470883 0.379726
0.287322 0.527452
0.59511 0.295042
0.0718225 0.815037
0.201032 0.627646
0.0644401 0.838557
0.884645 0.102164
0.472436 0.376992
0.00606373 1.03495
0.75972 0.17304
0.402823 0.429061
0.0212705 0.944677
