1098612 520.014
4.04851e-11 8.05535
4.64575e-11 3.28072
0.037882 1.22857
0.0182394 1.37693
0.247949 0.860447
1.39365e-05 1.43849
0.34894 0.741519
0.320835 0.779776
0.585806 0.532198
0.742104 0.469533
0.0318252 1.25523
0.415117 0.671611
0.190521 0.928062
0.953479 0.27633
0.310472 0.785471
0.415114 0.671633
0.859225 0.336174
3.21332e-08 1.44992
3.18184e-08 1.5572
0.124153 1.0278
0.0378843 1.22012
0.585784 0.533433
0.568118 0.536656
0.18191 0.938695
0.511083 0.600477
0.652652 0.488163
0.212681 0.911564
0.0318509 1.24679
0.0870751 1.09488
0.766258 0.403598
0.787399 0.390969
0.787404 0.387689
0.124144 1.03489
0.212684 0.897772
0.870615 0.327615
6.99801e-06 1.44344
0.0870672 1.09889
0.111202 1.05412
0.124153 1.01971
0.511091 0.587608
0.415109 0.677901
0.870606 0.33062
0.362213 0.723725
0.870614 0.329851
1.38962e-06 1.44611
0.565109 0.554495
0.310471 0.789116
0.4035 0.686918
0.379652 0.710025
0.46822 0.625688
0.0870686 1.0955
0.87062 0.323188
0.196621 0.912857
0.362212 0.735381
0.087059 1.10314
