12575 20.0021
0.0119677 1.06055
0.0282189 0.99191
0.00965903 1.11076
0.0694964 0.854452
0.108082 0.756214
0.0266614 1.01618
0.0888957 0.78794
0.173861 0.652162
0.0600127 0.877098
0.167345 0.664288
0.0415299 0.903445
0.127342 0.723523
0.0973723 0.776732
0.0359405 0.939702
0.00599282 1.14895
0.0522373 0.889775
0.164475 0.664641
0.117431 0.729064
0.161539 0.67811
0.151609 0.687401
0.113411 0.741339
0.117095 0.739241
0.119208 0.726815
0.141814 0.706208
0.0251369 1.04501
0.147121 0.693314
0.140097 0.711397
0.205261 0.626072
0.180748 0.641731
0.00569606 1.15041
0.0252996 1.03856
0.0414602 0.925377
0.216673 0.612346
0.312826 0.534898
0.252017 0.58256
0.251088 0.588637
0.0709413 0.804998
0.298551 0.542229
0.226579 0.598493
0.383748 0.461082
0.284504 0.553299
0.00360072 1.16316
0.305539 0.538606
0.318386 0.525312
0.549447 0.330369
0.665354 0.25651
0.4018 0.449048
0.410531 0.443643
0.44596 0.438523
0.459477 0.40429
0.763636 0.22223
0.516671 0.356927
0.453031 0.432064
0.998562 0.0611157
0.959656 0.0728791
8.08872e-14 1.22483
0.502346 0.387063
0.749574 0.230223
0.501172 0.403009
0.0113807 1.10632
0.0200653 1.05426
0.0347286 0.987106
0.490543 0.40401
0.338832 0.501986
0.649948 0.277477
0.0631192 0.875029
0.596855 0.328195
0.812688 0.167564
6.28017e-15 1.22483
0.613905 0.292077
5.66795e-15 1.31416
0.8803 0.132638
0.770721 0.202798
0.88175 0.128632
0.920152 0.119902
0.938674 0.089166
9.51446e-17 1.41868
0.346182 0.475459
0.777087 0.19927
0.850992 0.144009
2.44889e-15 1.37494
0.999874 0.060278
0.752751 0.226409
0.936267 0.0927105
0.338101 0.522857
0.839081 0.158773
