263961 590.063
1 1.94687
0 3.93136
0.192774 3.066
0.898836 2.04947
0.121537 3.24229
0.67057 2.30807
0.680108 2.30045
0.185566 3.08354
0.0682747 3.41598
0.476638 2.56482
0.133278 3.21388
0.406785 2.67143
0.956447 1.99354
0.616863 2.37702
0.0050523 3.79615
0.385128 2.7047
0.894215 2.06316
0.706852 2.27214
0.755491 2.21342
0.114716 3.25823
0.00242135 3.84197
0.0319318 3.58177
0.563511 2.44314
0.0196245 3.66211
0.91021 2.04797
0.57063 2.43511
0.786665 2.17004
0.0122308 3.72301
0.371079 2.724
0.596234 2.40521
0.0148792 3.69075
0.21027 3.02011
0.0169045 3.67643
0.469346 2.57324
0.879238 2.07923
0.456735 2.5968
0.536332 2.47959
0.0260641 3.62088
0.00606543 3.77532
0.0138171 3.70846
0.971218 1.97685
0.449436 2.60289
0.249093 2.94555
0.639992 2.35018
0.0349381 3.5674
0.052195 3.48597
0.665367 2.31552
0.624618 2.36716
0.150796 3.16733
0.329212 2.79384
0.217003 3.01199
0.602944 2.39605
0.633665 2.35488
0.724366 2.24654
0.137716 3.20385
0.324934 2.80292
0.128969 3.22854
0.689105 2.28475
0.265472 2.91368
0.427392 2.6356
0.0219796 3.64767
0.00879084 3.76601
0.0467802 3.50536
0.796338 2.16882
0.517629 2.50887
0.054975 3.469
0.523064 2.4953
0.023522 3.6346
0.00384395 3.81107
0.274867 2.89937
0.586348 2.41736
0.178906 3.10027
0.000194505 3.90948
0.99584 1.95891
0.334872 2.7862
0.97866 1.97227
0.390849 2.69413
0.0438731 3.5191
0.0396402 3.54458
0.072211 3.39945
0.083612 3.3647
0.748111 2.21938
0.645654 2.34159
0.867482 2.08739
0.107958 3.28819
0.161687 3.14204
0.0431572 3.53259
0.366129 2.73199
0.553879 2.4577
0.0896787 3.34346
0.282281 2.88309
0.0668257 3.43131
0.00360834 3.82815
0.55869 2.4503
0.684882 2.29226
0.110779 3.2748
0.460888 2.58779
0.347372 2.76214
0.0620618 3.4374
0.0869373 3.35559
0.611658 2.38279
0.342339 2.77437
0.983786 1.96728
0.0612707 3.45362
0.482915 2.55809
0.506527 2.51997
0.782479 2.17964
0.268706 2.90611
0.253525 2.93766
0.939017 2.00862
0.144747 3.17689
0.286384 2.87268
0.71864 2.25481
0.444884 2.61066
0.57983 2.42305
0.196291 3.05641
0.851686 2.10569
0.0923017 3.33237
0.990745 1.9631
0.313992 2.82657
0.0377647 3.55626
0.0796338 3.37535
0.0294935 3.60884
0.220729 3.00486
0.0297262 3.59609
0.237045 2.96681
0.5 2.52917
0.594079 2.41662
0.821891 2.13446
0.760528 2.20451
0.15603 3.14703
0.243226 2.95443
0.872158 2.08388
0.261474 2.92711
0.859582 2.09296
0.531658 2.48716
0.440755 2.61814
0.23337 2.97776
0.464757 2.57924
0.919164 2.03588
0.836819 2.12081
0.949796 2.00109
0.351439 2.75902
0.278989 2.89178
0.164742 3.13039
0.200286 3.04848
0.319191 2.80953
0.154062 3.15845
0.301316 2.84555
0.402438 2.67945
0.606275 2.38922
0.842461 2.11583
0.729623 2.24086
0.576369 2.43
0.738811 2.23016
0.627258 2.36071
0.0500905 3.49635
0.420723 2.65088
0.800175 2.16179
0.544294 2.47453
0.832478 2.12725
0.182466 3.08953
0.914271 2.04133
0.139794 3.19108
0.493585 2.54026
0.289822 2.86547
0.764427 2.1996
0.173219 3.10581
0.010242 3.73966
0.743929 2.2247
0.00932078 3.74656
0.379266 2.71983
0.308166 2.83264
0.804617 2.15525
0.65919 2.32244
0.734442 2.23613
0.817118 2.14333
0.946947 2.00592
0.88559 2.07269
0.224946 2.99582
0.168118 3.12384
0.356822 2.74984
0.42407 2.6472
0.12632 3.23562
0.845774 2.10815
0.412806 2.65841
0.855964 2.09597
0.697311 2.27304
0.433206 2.63002
0.825973 2.12925
0.17269 3.11751
0.932441 2.02057
0.771354 2.19641
0.697309 2.28155
0.963703 1.98709
0.000653422 3.89235
0.0572376 3.46098
0.00154107 3.86308
0.710812 2.26022
0.779118 2.18805
0.361609 2.73908
0.317302 2.8186
0.295244 2.8605
0.649641 2.33526
0.299722 2.8579
0.0946839 3.32103
0.435757 2.62394
0.379628 2.71187
0.547669 2.46231
0.338344 2.77738
0.88685 2.06549
0.305593 2.83889
0.256567 2.92749
0.104452 3.29617
0.80986 2.15203
0.0010566 3.8833
0.927274 2.02761
0.0748128 3.39468
0.527895 2.49425
0.397064 2.68271
0.967183 1.98694
0.488924 2.54668
0.936409 2.01767
0.241398 2.96182
0.113868 3.26642
0.92475 2.0308
0.207623 3.03148
0.144107 3.18671
0.203365 3.0396
0.498846 2.53655
0.774914 2.19236
0.394262 2.68838
0.229114 2.98244
0.487037 2.5524
0.414083 2.6575
0.812529 2.1448
0.103104 3.30483
0.510866 2.5177
9.94253e-05 3.92586
0.516046 2.51638
0.0992337 3.30888
0.656012 2.33505
0.226732 2.98804
0.00146645 3.86794
0.0974188 3.31565
0.713779 2.25805
0.358421 2.74429
0.547161 2.47111
0.656539 2.32695
0.0786502 3.38561
