272564 560.066
1 0
1.17178e-18 1
0.846949 0.0797015
0.797701 0.106859
0.78726 0.112723
0.953356 0.0236004
0.630758 0.205797
0.942167 0.0293473
0.201151 0.551501
0.00814424 0.909755
0.869872 0.0673309
0.0186991 0.863255
0.962231 0.0190662
0.450483 0.32882
0.300127 0.452162
0.44213 0.335071
0.0902454 0.699591
0.467725 0.316096
0.080664 0.715986
0.232986 0.517314
0.0934554 0.694295
0.0129932 0.886012
0.0336645 0.816521
0.362626 0.397816
0.971777 0.0142126
0.195226 0.558156
0.350789 0.407726
0.382417 0.381601
0.107268 0.672482
0.102901 0.679218
0.29315 0.458567
0.427023 0.34653
0.20555 0.546624
0.591637 0.230821
0.459578 0.322078
0.552578 0.256644
0.516263 0.281485
0.929329 0.0359826
0.077553 0.721517
0.496236 0.29556
0.267306 0.482983
0.0367157 0.808387
0.814474 0.0975181
0.508748 0.286734
0.98814 0.00594778
0.240574 0.509517
0.863826 0.0705778
0.222944 0.527831
0.673095 0.179576
0.280025 0.470826
0.855912 0.0748451
0.187903 0.566523
0.614051 0.216386
0.618638 0.213465
0.820453 0.0942114
0.803596 0.103565
0.782286 0.115531
0.262058 0.488084
0.0314473 0.822666
0.110521 0.667553
0.154983 0.606321
0.274986 0.475609
0.216248 0.534975
0.389729 0.375718
0.546741 0.260581
0.80884 0.100644
0.472891 0.312329
0.706645 0.159378
0.730924 0.145059
0.608018 0.220245
0.839252 0.0838929
0.145394 0.618694
0.902506 0.0499968
0.0156308 0.874977
0.0977836 0.687296
0.759133 0.128718
0.344836 0.412773
0.249876 0.500124
0.245995 0.504021
0.501361 0.291931
0.557816 0.253129
0.373341 0.388984
0.229551 0.520885
0.711452 0.156524
0.700883 0.162812
0.586146 0.234399
0.648502 0.194704
0.88704 0.0581722
0.0105612 0.897233
0.192017 0.561803
0.158235 0.602213
0.433462 0.341622
0.724845 0.148622
0.0446184 0.788769
0.395599 0.371033
0.134603 0.633118
0.744229 0.137313
0.00200182 0.955258
0.00477704 0.930884
0.764056 0.125897
0.303884 0.448743
0.435836 0.339821
0.877957 0.0630062
0.915694 0.043081
0.768845 0.123162
0.271249 0.479184
0.17132 0.586092
0.982125 0.00897767
0.308129 0.444906
0.639463 0.200336
0.127209 0.643336
0.0102043 0.898983
0.0573508 0.76052
0.526776 0.274207
0.678233 0.176451
0.161916 0.597612
0.0544982 0.766551
0.422643 0.34989
0.0421671 0.794654
0.447493 0.331051
0.0859233 0.706873
0.318574 0.435576
0.696658 0.16534
0.167041 0.591293
0.0848318 0.708741
0.936719 0.0321578
0.0705015 0.734479
0.483263 0.304829
0.667292 0.18312
0.142543 0.622451
0.639292 0.200443
0.461278 0.320826
0.538152 0.266412
0.40048 0.367165
0.68501 0.172347
0.00596622 0.922759
0.00407566 0.936159
0.0291677 0.829215
0.0614276 0.752154
0.879751 0.0620495
0.415762 0.355204
0.603882 0.222902
0.738395 0.140701
0.220925 0.529974
0.403452 0.364821
0.0467514 0.783779
0.123358 0.648777
0.896559 0.053132
0.326654 0.428463
0.957776 0.0213396
0.183932 0.571127
0.99408 0.00296434
0.35699 0.402514
0.210197 0.541527
0.00284747 0.946638
0.0997626 0.684148
0.477513 0.308977
0.66116 0.186883
0.00154953 0.960636
0.597555 0.226983
0.0741418 0.72771
0.0487396 0.779229
0.0386457 0.803415
0.31318 0.440375
0.488867 0.30081
0.000412384 0.979693
0.832654 0.0875014
0.0278813 0.833023
0.910129 0.0459931
0.490777 0.299445
0.0209758 0.85517
0.320853 0.433561
0.50569 0.288881
0.0507053 0.774822
0.920045 0.04081
0.0592964 0.756491
0.338254 0.418403
0.0403536 0.799118
0.341977 0.415212
0.40814 0.361142
0.418746 0.352894
0.858275 0.0735688
0.258602 0.491471
0.0229376 0.848548
0.149739 0.613039
0.0526301 0.770587
0.118791 0.655339
0.254089 0.495928
0.522705 0.277017
0.0141385 0.881095
0.150685 0.611818
0.0259834 0.838806
0.735455 0.142413
0.000135681 0.988352
0.753622 0.131886
7.80835e-05 0.991164
0.00321817 0.943271
0.748121 0.13506
0.656142 0.189974
0.907393 0.0474284
0.000579095 0.975936
0.173839 0.58306
0.825659 0.0913425
0.29015 0.461344
0.164835 0.594001
0.355356 0.403883
0.367618 0.393685
0.178973 0.576948
0.176545 0.579827
0.532537 0.270249
0.624673 0.209637
0.653932 0.191339
0.332439 0.423425
0.137882 0.628675
0.562236 0.250176
0.573503 0.2427
0.691048 0.168707
0.24184 0.508228
0.519653 0.279131
0.325265 0.42968
0.139301 0.626769
0.682315 0.173976
0.827852 0.0901363
0.181706 0.573731
0.721172 0.150782
0.118414 0.655887
0.773656 0.120423
0.114454 0.66169
0.33535 0.420906
0.391895 0.373985
0.287211 0.464079
0.0068265 0.917377
0.978164 0.0109784
0.716674 0.153434
0.0669008 0.741348
0.0679608 0.739307
0.776272 0.118937
0.368841 0.392677
0.0729346 0.729936
0.599576 0.225677
0.0200809 0.858293
0.377708 0.385421
0.568992 0.245684
0.890055 0.0565729
0.836153 0.0855862
0.57794 0.239776
0.130594 0.638622
0.893712 0.0546366
0.625477 0.209129
0.480539 0.306791
