1021708 450.013
7.50619e-12 6.82967
3.4892e-10 4.35614
4.01497e-10 3.71671
6.55314e-07 3.68692
7.74245e-07 3.68102
1.15788e-06 3.5357
0.816391 1.84089
0.999808 1.55325
0.209085 2.6718
0.137021 2.83421
0.137021 2.70817
0.473478 2.09656
0.0362954 3.02692
0.534789 2.05988
0.702915 1.84577
4.56133e-06 3.36603
0.137037 2.69405
0.473472 2.10854
0.137011 2.94176
3.53546e-06 3.37409
0.085672 2.98315
0.238626 2.4756
0.0162286 3.26239
0.411102 2.32613
0.867062 1.66399
4.46503e-06 3.36952
0.816391 1.71132
0.53479 2.02858
0.238622 2.61325
0.137018 2.8469
0.441615 2.13613
4.77544e-06 3.34453
0.238628 2.46416
0.411102 2.19481
0.273435 2.41132
