564018 570.054
1 0.00052188
0 1.00035
0.998596 0.158787
0.568668 0.24655
0.427158 0.34713
0.311658 0.442026
0.999754 0.00933315
0.5402 0.265677
0.559784 0.252466
0.453169 0.327514
0.434355 0.341644
0.52329 0.277279
0.477306 0.309809
0.512958 0.284459
0.499942 0.293609
0.508181 0.287803
0.469658 0.31537
0.4946 0.297399
0.484667 0.3045
0.5223 0.277963
0.000318283 0.983194
0.305279 0.448024
3.97552e-05 0.994735
0.460748 0.321905
0.298731 0.453807
0.295312 0.457007
0.303372 0.44975
0.489552 0.300999
0.00123675 0.965437
0.286262 0.46573
0.000526977 0.978075
0.276158 0.475108
0.278717 0.472613
0.292108 0.460089
0.00163757 0.960555
0.0169379 0.870635
0.282214 0.469323
0.0159767 0.874383
0.236747 0.514065
0.252157 0.498629
0.00394348 0.938214
0.00499112 0.930147
0.00444088 0.934369
0.243677 0.506859
0.246461 0.504127
0.999998 0.00664303
0.00855714 0.908291
0.017986 0.866861
0.00339147 0.942574
0.018785 0.863515
0.0364373 0.809671
0.465892 0.318124
0.254663 0.495803
0.0245522 0.84427
0.266274 0.484757
0.001993 0.956377
0.0198576 0.859859
0.00786573 0.912308
0.015043 0.878133
0.0215938 0.853825
0.164719 0.594809
0.0110154 0.895837
0.0255295 0.840988
0.26861 0.482291
0.48753 0.302446
0.239096 0.511461
0.166744 0.592321
0.048152 0.781307
0.234436 0.516094
0.0494231 0.778429
0.0226155 0.850378
0.0377535 0.806451
0.129492 0.640654
0.260221 0.490358
0.0469224 0.784275
0.0815168 0.715195
0.0303851 0.826449
0.0608168 0.754121
0.127684 0.643356
0.0774809 0.722365
0.0760491 0.72495
0.051871 0.772793
0.0506907 0.775595
0.158564 0.602467
0.114834 0.661821
0.0265401 0.837845
0.031489 0.823309
0.0235368 0.847546
0.273564 0.477485
0.229011 0.522084
0.0746 0.727591
0.154977 0.606823
0.053227 0.770029
0.192763 0.561766
0.0621537 0.751424
0.15677 0.604727
0.113059 0.664269
0.0432935 0.79248
0.0102908 0.899547
0.262246 0.488469
0.0445845 0.789596
0.0831422 0.712549
0.288263 0.463766
0.0353535 0.812731
0.110082 0.668728
0.168471 0.590211
0.189419 0.565594
0.00730492 0.91553
0.0207442 0.85694
0.258132 0.492508
0.145175 0.619658
0.26427 0.486497
0.00298582 0.946169
0.153318 0.609281
0.0732199 0.73013
0.0704771 0.735058
0.116461 0.659601
0.0864001 0.706586
0.0719591 0.732652
0.181351 0.574968
0.0457448 0.787051
0.108436 0.671162
0.027511 0.834901
0.0881038 0.703879
0.250162 0.500569
0.0293854 0.829342
0.0594062 0.756806
0.0972672 0.688828
0.146858 0.617624
0.101438 0.682024
0.290183 0.461794
0.000829538 0.971804
0.0635308 0.748859
0.151733 0.611312
0.00229097 0.952668
0.117949 0.657255
0.131046 0.638501
0.170259 0.588029
0.111576 0.666482
0.0284402 0.832112
0.231093 0.520071
0.0344023 0.815468
0.102965 0.679636
0.0143497 0.881191
0.205911 0.547032
0.0985916 0.686525
0.222686 0.528901
0.220565 0.530827
0.100108 0.684304
0.171839 0.586127
0.0789475 0.719732
0.148468 0.615358
0.232651 0.518295
0.149967 0.613409
0.00670178 0.918936
0.124664 0.64761
0.12625 0.645541
0.210825 0.541487
0.248259 0.502357
0.176602 0.580419
0.18308 0.572769
0.20431 0.548801
0.107188 0.673477
0.138634 0.628344
0.197878 0.555977
0.132699 0.636404
0.00264755 0.949562
0.0130112 0.88672
0.095673 0.691209
0.191294 0.563281
0.0117169 0.892545
0.0122849 0.889951
0.0918238 0.697497
0.119429 0.655105
0.0801156 0.717669
0.219048 0.532614
0.195029 0.55903
0.184602 0.570993
0.0563727 0.763306
0.0324931 0.820491
0.202411 0.550746
0.0646035 0.746365
0.160425 0.600303
0.12078 0.652973
0.134227 0.634483
0.0092782 0.90467
0.137093 0.63042
0.0692913 0.737674
0.227017 0.524005
0.0334005 0.81819
0.135586 0.632282
0.0931394 0.69552
0.140169 0.626286
0.10568 0.675615
0.0904552 0.699951
0.0136541 0.884132
0.0681349 0.739699
0.217215 0.534577
0.09452 0.693265
0.21261 0.539706
0.462029 0.320962
0.162967 0.596974
0.281191 0.470149
0.0423123 0.795237
0.256334 0.49423
0.207819 0.544933
0.0669374 0.742186
0.179559 0.576914
0.104331 0.677513
0.0544566 0.767378
0.270544 0.480633
0.173592 0.584018
0.464683 0.319011
0.214103 0.537929
0.0388421 0.803857
0.174958 0.582545
0.186335 0.568981
0.00558472 0.926273
0.19948 0.554179
0.000812195 0.97253
0.0658956 0.744208
0.187666 0.567449
0.215818 0.536238
0.178102 0.578463
0.209056 0.543417
0.200982 0.5525
0.00627189 0.921807
0.0893049 0.701861
0.14167 0.624456
0.224193 0.527094
0.271983 0.478953
0.0414334 0.797385
0.00971162 0.902444
0.0404825 0.799548
0.0576865 0.760738
0.0553596 0.76545
0.0843934 0.710208
0.0396294 0.80168
0.22569 0.525713
0.195933 0.557836
0.161756 0.598644
0.24196 0.508735
0.123157 0.649751
5.38496e-06 0.998444
0.0583221 0.759234
0.0852646 0.708712
0.122305 0.650968
0.240861 0.509802
0.143436 0.621947
0.00581051 0.924365
