202947 330.053
1 0.00116049
5.20417e-17 1.00045
0.192448 0.561567
0.270675 0.480911
0.919226 0.0413977
1 0.00270208
0.294269 0.459225
0.896598 0.0532738
0.914784 0.0437175
0.277602 0.47429
0.000875195 0.97074
3.67668e-05 0.994387
0.00519133 0.928385
0.174628 0.582358
0.184293 0.570948
0.00819861 0.909767
0.166194 0.592576
0.00969714 0.901889
0.012654 0.887801
0.00415016 0.936016
0.0175412 0.874064
0.0238815 0.845748
0.155823 0.605503
0.00280513 0.947477
0.349647 0.410347
0.875057 0.0647194
0.160984 0.599034
0.434428 0.341095
0.0213188 0.854409
0.883099 0.0604301
0.0184893 0.864312
0.343734 0.413929
0.354548 0.406283
0.0378014 0.80587
0.562624 0.250122
0.336822 0.421378
0.415539 0.355586
0.440322 0.338004
0.30785 0.446257
0.0793059 0.718669
0.891269 0.0561029
0.647149 0.195728
0.0258986 0.839485
0.321556 0.434625
0.0517618 0.772761
0.152637 0.60956
0.13428 0.633809
0.311893 0.44339
0.326444 0.430327
0.775905 0.119318
0.41179 0.359867
0.37874 0.385681
0.659171 0.188289
0.0399219 0.800473
0.420322 0.352751
0.0821255 0.713706
0.780861 0.116509
0.34053 0.418068
0.430018 0.34531
0.0897879 0.700616
0.527033 0.274212
0.00225786 0.952876
0.755226 0.131137
0.507809 0.287604
0.0276314 0.834074
0.742498 0.138492
0.14929 0.613869
0.130806 0.638581
0.567598 0.246801
0.105078 0.676101
0.0871595 0.705035
0.0765412 0.723605
0.771433 0.12186
0.0494668 0.77788
0.531346 0.271261
0.107905 0.671768
0.10239 0.680291
0.303888 0.450974
0.332098 0.425372
0.0845794 0.709438
0.522895 0.277082
0.276596 0.475809
0.767025 0.124374
0.113301 0.663654
0.547275 0.260414
0.110548 0.667769
0.574588 0.242188
0.558128 0.253114
0.747114 0.135817
0.535272 0.268572
0.0541296 0.767632
0.0925042 0.696108
0.54285 0.263411
0.383616 0.381729
0.663388 0.185697
0.074312 0.727681
0.0419814 0.795383
0.0996954 0.684514
0.864838 0.070209
0.785123 0.1141
0.118636 0.655819
0.0639832 0.74732
0.115997 0.659688
0.808749 0.100865
0.0323443 0.820435
0.679078 0.17612
0.0354804 0.811984
0.0145086 0.879838
0.500668 0.29262
0.709978 0.157619
0.35883 0.403136
0.511735 0.284889
0.477408 0.309268
0.463803 0.319221
0.819893 0.0946893
0.86022 0.0726847
0.584874 0.235509
0.617088 0.214622
0.297048 0.456134
0.121384 0.651853
0.683199 0.173622
0.443811 0.334868
0.71392 0.155283
0.75101 0.133577
0.643208 0.198182
0.639288 0.20063
0.721741 0.150624
0.539314 0.265815
0.0199128 0.859307
0.395488 0.371431
0.789328 0.11173
0.675056 0.178564
0.316261 0.439845
0.0972489 0.688429
0.0474771 0.782382
0.518948 0.279817
0.599077 0.226246
0.595229 0.228678
0.495708 0.296147
0.726015 0.148112
0.667441 0.183224
0.812825 0.0986014
0.628464 0.207429
0.886474 0.0586354
0.717993 0.152833
0.179664 0.576375
0.446858 0.331731
0.804397 0.103288
0.621089 0.212107
0.698454 0.164444
0.0948399 0.6923
0.146486 0.617531
0.825133 0.0917997
0.602891 0.223728
0.0437852 0.791045
0.0456319 0.786677
0.6945 0.166813
0.137085 0.630002
0.515471 0.282282
0.671192 0.180919
0.705719 0.160108
0.591391 0.231171
0.0294019 0.82883
0.733194 0.143909
0.550942 0.257986
0.0617139 0.751847
0.503339 0.290735
0.0579487 0.759546
0.0661437 0.743084
0.687087 0.171317
0.606592 0.221393
0.0718491 0.73222
0.554554 0.255509
0.62472 0.209794
0.300977 0.453092
0.793248 0.109537
0.472984 0.312464
0.457058 0.324206
0.760052 0.128364
0.69078 0.169092
0.0560024 0.763623
0.849734 0.0783665
0.460079 0.322714
0.00159376 0.960521
0.796997 0.107424
0.123904 0.648254
0.163786 0.595541
0.467105 0.316766
0.14393 0.620885
0.571058 0.244508
0.702276 0.16216
0.034204 0.815336
0.652759 0.192293
0.800743 0.105328
0.0680957 0.739316
0.838757 0.0843304
0.831691 0.0881967
0.0599469 0.755447
0.453524 0.328097
0.423753 0.349258
0.72967 0.145969
0.407324 0.362088
0.0307382 0.824976
0.483917 0.30456
0.632421 0.204937
0.480508 0.307014
0.613217 0.217106
0.635394 0.203126
0.391693 0.374406
0.386391 0.379996
0.361269 0.400007
0.128355 0.642003
0.363787 0.397068
0.816827 0.0963843
0.762836 0.12681
0.00134241 0.963683
0.835286 0.0862275
0.610296 0.219031
0.373355 0.390584
0.389319 0.376357
0.856467 0.0747105
0.587826 0.233492
0.0700886 0.735525
0.845549 0.0806293
0.12621 0.644993
0.490029 0.300179
0.399238 0.369234
0.329481 0.427745
0.40188 0.367145
0.370086 0.393798
0.318779 0.437608
0.404712 0.364139
0.487067 0.302299
0.842732 0.082173
0.654301 0.191295
0.853172 0.076493
0.450468 0.329049
0.375802 0.388604
0.141473 0.624122
0.139512 0.626738
0.426294 0.347296
0.470484 0.314284
0.827868 0.0902957
0.18034 0.575594
0.868853 0.0680523
0.013719 0.883298
0.493298 0.297848
0.367277 0.395026
0.871295 0.0667323
0.00878727 0.906553
