604491 590.029
0.288909 0.49916
0.460523 0.35128
0.444376 0.368044
0.986045 0.0179474
0.728932 0.168795
0.276618 0.507354
0.893028 0.070491
0.554095 0.274024
0.813675 0.114076
0.918611 0.0526213
0.925138 0.0472482
0.18747 0.608596
0.118922 0.688222
0.123442 0.681601
0.000957927 1.00411
0.0275348 0.870669
0.227061 0.553964
0.716905 0.180579
0.829211 0.108846
0.331175 0.45428
0.777636 0.1376
0.417929 0.372674
0.21093 0.566671
0.794811 0.124078
0.903009 0.0644374
0.985855 0.0194735
0.785091 0.132486
0.499959 0.302207
0.106184 0.703604
0.697383 0.181544
0.783467 0.134039
0.613081 0.24644
0.811081 0.114873
0.374421 0.423992
0.637043 0.225481
0.0634286 0.766187
0.845586 0.0973257
0.293285 0.494103
0.291479 0.498467
0.937106 0.0464935
0.261288 0.527852
0.402372 0.395612
0.606964 0.250088
0.915881 0.0576725
0.121693 0.682658
0.193726 0.589637
0.881803 0.0776689
0.233074 0.543904
0.241944 0.530527
0.627161 0.232899
0.000442852 1.01732
0.172929 0.614392
0.314074 0.462929
0.371068 0.424706
0.095351 0.728878
0.0586324 0.791374
0.378771 0.41564
0.263273 0.524704
0.162392 0.627503
0.172441 0.621023
0.125214 0.677552
0.283844 0.504023
0.0965227 0.721542
0.110535 0.699343
0.477591 0.324982
0.271997 0.508326
0.449349 0.356973
0.859236 0.0881574
0.953579 0.0379043
0.6342 0.227339
0.310425 0.464049
0.256584 0.527991
0.829977 0.104297
0.00761062 0.947334
0.10189 0.721415
0.370906 0.430322
0.33665 0.448701
0.120045 0.685072
0.124779 0.678179
0.65597 0.20703
0.0490309 0.812176
0.00960446 0.937911
0.516837 0.294442
0.785845 0.129191
0.132844 0.662894
0.800531 0.120831
0.0052963 0.963609
0.0186895 0.89848
0.981438 0.0235456
0.0122059 0.9252
0.338789 0.448337
0.0159953 0.908908
0.181328 0.609361
0.164811 0.624185
0.144063 0.647905
0.204754 0.568111
0.949413 0.039491
0.697086 0.188805
0.0307313 0.857741
0.618042 0.245524
0.815359 0.11185
0.997153 0.0149711
0.749824 0.16328
0.911892 0.0591984
0.115323 0.690506
0.644239 0.219436
0.188795 0.593891
0.981634 0.022876
0.851914 0.094077
0.982502 0.0224321
0.0404213 0.833828
0.00962 0.937277
0.673768 0.195085
0.956883 0.0337371
0.97915 0.0241471
0.74494 0.165771
0.167961 0.623113
0.130149 0.666201
0.0124451 0.919248
0.240779 0.532349
0.981481 0.0229543
0.287989 0.499216
0.476322 0.346025
0.126931 0.670574
0.871616 0.0808097
0.909044 0.063968
0.368208 0.430375
0.0765012 0.751548
0.62193 0.23975
2.86224e-19 1.0319
0.939768 0.044519
0.967398 0.0301825
0.852799 0.0887407
0.391071 0.398711
0.728263 0.172679
0.939389 0.0447174
0.946398 0.04106
0.00346998 0.972065
0.653583 0.217499
0.802387 0.119158
0.0877597 0.731035
0.0245809 0.872639
0.0206553 0.885909
0.278919 0.507253
0.0337802 0.845201
0.0107968 0.928231
0.297652 0.486638
0.0506611 0.812041
0.0788664 0.746627
0.382139 0.413895
0.197935 0.576448
0.914538 0.0577956
0.0191824 0.891211
0.550324 0.283776
0.383511 0.410296
0.977869 0.0248033
0.111311 0.692991
0.417179 0.383745
0.999996 0.0130923
0.0120727 0.926621
0.0533055 0.79737
0.691812 0.193332
0.0287296 0.862282
0.0508393 0.81078
0.117101 0.68848
0.159212 0.628155
0.945293 0.0411867
9.61512e-06 1.03072
0.0189217 0.895869
0.0561955 0.792833
0.151606 0.637965
0.0137476 0.91465
0.00721626 0.947494
6.27131e-05 1.02582
0.0738913 0.757475
0.999999 0.0130909
0.0829925 0.73768
0.999999 0.0130906
0.131185 0.665593
0.999996 0.0130922
0.998119 0.0140434
0.1526 0.634605
0.604546 0.252392
0.0868637 0.734193
0.76204 0.141783
0.999997 0.013092
0.533133 0.28837
0.818376 0.109681
0.139116 0.651781
0.971616 0.0275691
0.754669 0.161381
0.957381 0.0324202
0.897539 0.0663849
0.974042 0.0263234
0.0559097 0.793446
6.39559e-05 1.02507
0.0706001 0.763116
0.215642 0.56118
0.999997 0.0130916
0.00867208 0.938541
0.00149517 0.9942
0.00566677 0.956681
0.885161 0.0730252
0.00669125 0.950051
0.955474 0.0358976
3.69474e-06 1.03124
0.666112 0.198963
4.80786e-05 1.02615
0.999996 0.0130922
0.999999 0.0130906
0.565916 0.264018
1.01614e-05 1.02764
0.999996 0.0130922
0.735324 0.167348
0.983541 0.0214607
0.993266 0.0165063
0.873986 0.0790596
0.969748 0.0285295
0.991162 0.0175763
0.112067 0.692922
0.0165329 0.902501
0.187621 0.603553
0.999999 0.0130907
0.580365 0.254113
0.0016649 0.993653
0.307373 0.47513
0.0171646 0.900027
0.145175 0.645907
2.82549e-05 1.02631
0.349306 0.432999
0.00391323 0.969612
0.0629254 0.778219
0.103765 0.705769
0.316905 0.460331
0.0436124 0.820924
0.955945 0.0356538
0.00141551 0.998432
0.0128425 0.917354
0.999999 0.013091
0.999997 0.0130915
