1039340 480.01
4.36327e-11 10.5307
2.05282e-10 4.54135
0.112018 2.42604
0.767723 1.47686
3.15245e-07 2.99363
0.715539 1.49009
4.08816e-08 3.01377
0.125919 2.37691
0.122198 2.38979
0.125921 2.36128
0.736587 1.48643
0.959466 1.27985
0.7061 1.52504
0.893601 1.34914
6.05255e-07 2.97303
0.736565 1.48717
0.151785 2.29676
0.706104 1.52289
0.0579299 2.56198
0.0579341 2.54819
0.125926 2.34415
0.768584 1.45444
3.78191e-07 2.97597
0.061594 2.52128
0.773308 1.43252
0.790196 1.42966
0.790209 1.3589
0.773296 1.45239
0.242706 2.09362
0.197006 2.12402
0.431561 1.80779
0.675346 1.52535
0.7902 1.4138
0.0618959 2.43373
0.90505 1.32829
0.2427 2.09416
7.15095e-07 2.84226
0.350333 1.85808
0.431565 1.80695
0.473548 1.68981
0.543813 1.61301
0.196997 2.16654
0.790201 1.41028
0.237736 2.09581
0.543803 1.66645
0.350332 1.93929
0.607222 1.5444
0.273557 1.97176
0.153342 2.20721
0.849556 1.35744
0.43157 1.74542
0.242712 2.01587
