278065 440.028
3.95801e-21 1.67847
0.895638 0.0796814
1.44668e-09 1.19619
6.71038e-10 1.25269
2.63039e-10 1.27283
3.83147e-09 1.17666
0.587428 0.269063
0.301329 0.490069
0.55151 0.289325
0.362119 0.450093
0.270265 0.526086
6.891e-08 1.08573
0.472256 0.355979
0.100652 0.727359
0.612759 0.254244
0.288014 0.509852
0.499117 0.319855
0.343953 0.456346
0.818484 0.118746
0.359362 0.451447
0.142878 0.681816
0.150048 0.663073
0.764313 0.165996
0.52493 0.311016
0.0041498 0.998934
0.0159891 0.934908
0.244983 0.553769
0.0340174 0.871495
0.0318053 0.886013
0.0106255 0.96085
0.682769 0.206698
0.756742 0.172357
0.627712 0.241411
0.078189 0.77272
0.10914 0.723607
0.674716 0.211289
0.109148 0.721714
0.120451 0.707192
0.506898 0.317446
0.574927 0.27761
0.851901 0.104755
0.657328 0.219479
0.0196789 0.925504
0.481891 0.3483
0.0982107 0.741951
0.125495 0.698503
0.613583 0.247199
0.0533003 0.80952
0.282147 0.516252
0.894508 0.0809626
0.0592959 0.803871
0.186475 0.614579
0.255041 0.552287
0.177777 0.630217
0.906014 0.075985
0.116454 0.710555
0.207653 0.592313
0.000832691 1.02337
0.854435 0.104262
0.759262 0.167634
0.999933 0.0214037
0.690128 0.200781
0.981839 0.0306828
0.0291545 0.889183
0.925494 0.0533235
0.998252 0.0222625
0.910947 0.0682333
0.255165 0.544026
0.0385424 0.862784
0.178233 0.616085
0.699238 0.189562
0.822499 0.116401
0.773631 0.161307
0.641483 0.236772
0.0406749 0.839358
0.666785 0.214045
0.741377 0.177458
0.00721744 0.973661
0.643605 0.223259
0.906714 0.0710415
0.192847 0.612982
0.13593 0.687639
0.94227 0.0487953
0.590041 0.264047
0.972689 0.0314773
0.428775 0.37895
0.375178 0.4175
0.394345 0.401719
0.0670673 0.792121
0.023572 0.895177
0.289309 0.497209
0.800279 0.12469
0.0212505 0.914958
0.999956 0.0213924
0.850505 0.106323
0.0254461 0.892127
0.313077 0.477543
0.313239 0.47298
0.562704 0.28662
0.77348 0.164264
0.0320046 0.875577
0.999972 0.0213838
0.0133018 0.952845
0.566271 0.286245
0.486934 0.343638
0.0218899 0.912414
0.240906 0.557036
9.30767e-10 1.2137
0.575963 0.277431
0.112731 0.718595
0.0149401 0.946209
0.335999 0.469689
0.233923 0.563449
0.598027 0.254772
0.44415 0.370049
0.0206778 0.916702
0.982211 0.0304913
0.383113 0.416736
0.957573 0.0414565
0.15716 0.637943
0.154226 0.660438
0.133652 0.696052
0.887742 0.0823877
0.714996 0.179028
0.877852 0.0857521
0.115839 0.713851
0.799744 0.132178
0.0495668 0.835724
0.999988 0.0213758
0.680146 0.209067
0.148171 0.664229
0.072718 0.773577
0.948305 0.0460348
0.789813 0.134985
0.211066 0.5866
0.839208 0.107917
0.217061 0.568665
0.767216 0.165047
0.363841 0.445779
0.989716 0.0266328
0.0368807 0.86443
0.858666 0.0962626
0.499967 0.319007
7.09865e-07 1.07181
0.0634656 0.797612
0.000444994 1.04042
0.00842451 0.968542
0.197173 0.593135
0.36392 0.430376
3.95099e-09 1.13657
0.971628 0.0398633
0.167117 0.634173
0.338384 0.467324
0.266676 0.531559
0.745024 0.17548
0.115304 0.717726
0.923016 0.0614541
0.86395 0.0962385
0.144197 0.665628
0.999819 0.021694
1.64201e-08 1.10391
0.0913724 0.745425
0.875709 0.0869201
0.980412 0.0314182
0.999988 0.0213759
0.259446 0.539711
0.00598932 0.9738
2.44514e-08 1.09317
4.20355e-08 1.08993
8.98295e-07 1.0418
0.548099 0.304921
1.86605e-08 1.09691
1.25552e-07 1.07409
1.99859e-11 1.42202
0.893515 0.0810031
0.77708 0.148586
0.0524813 0.821729
0.0887335 0.770691
0.462755 0.36338
