59659 220.044
1 0
1.94809e-17 1
0.0639815 0.747054
0.384756 0.379713
0.211132 0.540509
0.469132 0.315068
0.460485 0.321409
0.0222543 0.850821
0.00116475 0.965872
0.140979 0.624528
0.565448 0.248037
0.238506 0.511629
0.0586372 0.757849
0.369118 0.392449
0.652175 0.192426
0.00711882 0.915627
0.218695 0.532351
0.63466 0.203345
0.266908 0.483369
0.00854168 0.907579
0.0101169 0.899417
0.682763 0.173705
0.907399 0.0474253
0.419096 0.352624
0.555738 0.254522
0.724865 0.14861
0.145673 0.618329
0.23246 0.517859
0.0531844 0.769382
0.374504 0.388033
0.379348 0.384087
0.277417 0.473296
0.0416944 0.795808
0.663173 0.185646
0.718849 0.15215
0.57334 0.242808
0.308161 0.444878
0.207226 0.544779
0.990631 0.00469566
0.182794 0.572455
0.827836 0.0901449
0.659354 0.187994
0.115366 0.660344
0.929138 0.0360818
0.447942 0.330715
0.493746 0.297329
0.747017 0.135699
0.167838 0.59032
0.317256 0.436745
0.163448 0.595713
6.1269e-05 0.992173
0.866725 0.0690191
0.893062 0.0549805
0.31261 0.440885
0.939876 0.030528
0.289588 0.461867
0.0364279 0.809139
0.328253 0.427067
0.0791555 0.718654
0.812651 0.0985284
0.922902 0.0393223
0.0335056 0.816955
0.807113 0.101606
0.17704 0.579239
0.119321 0.654571
0.912261 0.0448766
0.171343 0.586064
0.528968 0.272698
0.781863 0.11577
0.934584 0.0332611
0.127206 0.643341
0.918158 0.0417945
0.405297 0.363371
0.28186 0.469095
0.982555 0.0087609
0.343007 0.414332
0.0508056 0.774599
0.628654 0.207123
0.851152 0.0774209
0.000289281 0.982992
0.533185 0.269805
0.106559 0.673567
0.122056 0.650634
0.435384 0.340164
0.153598 0.608085
0.817905 0.0956191
0.488797 0.30086
0.242138 0.507925
0.760077 0.128176
0.357722 0.401901
0.348167 0.409943
0.229287 0.521161
0.857562 0.0739537
0.473273 0.312051
0.075337 0.725524
0.954414 0.0230589
0.822843 0.0928929
0.392628 0.373399
0.303134 0.449424
0.47819 0.308487
0.974495 0.0128349
0.422661 0.349876
0.00205699 0.954646
0.516747 0.281149
0.2248 0.525869
0.0244373 0.843676
0.26258 0.487575
0.49913 0.293509
0.452242 0.327511
0.0173541 0.868265
0.842089 0.082346
0.254624 0.495399
0.880174 0.0618243
0.0117418 0.89164
0.102926 0.679179
0.285742 0.465452
0.400007 0.367539
0.0905667 0.699057
0.157276 0.60342
0.50897 0.286579
0.538472 0.266194
0.802045 0.10443
0.0306754 0.824856
0.339479 0.417351
0.081393 0.714705
0.202568 0.549925
0.0057405 0.924234
0.456613 0.324269
0.58808 0.233137
0.777066 0.118486
0.137167 0.629639
0.132702 0.635717
0.6707 0.181037
0.700698 0.162923
0.300104 0.452183
0.772713 0.120959
0.994512 0.00274783
0.0929556 0.695114
0.617804 0.213995
0.0843953 0.709491
0.846138 0.0801422
0.0028608 0.946514
0.41192 0.35819
0.160048 0.59994
0.251017 0.498984
0.427714 0.346002
0.578497 0.23941
0.0958988 0.690325
0.028204 0.83206
0.738912 0.1404
0.647333 0.19543
0.76809 0.123592
0.0481894 0.780479
0.0566971 0.761889
0.969737 0.0152477
0.430489 0.343883
0.00369914 0.939179
0.393285 0.372876
0.834375 0.0865587
0.51268 0.283984
0.608111 0.220185
0.567584 0.246619
0.332547 0.423331
0.0196023 0.859992
0.732251 0.144283
0.335237 0.421004
0.593029 0.229916
0.548452 0.259424
0.948007 0.0263436
0.0127555 0.88706
0.740876 0.139259
0.595902 0.228053
0.965514 0.0173943
0.0161648 0.872859
0.754041 0.131645
0.112134 0.665136
0.00427346 0.934628
0.764058 0.125896
0.0717139 0.732205
0.175246 0.581376
0.875112 0.0645256
0.0982079 0.686619
0.887456 0.057951
0.125908 0.645165
0.523504 0.276465
0.945913 0.0274192
0.787497 0.11259
0.0391834 0.802052
0.100699 0.682669
0.979882 0.0101099
0.60304 0.223444
0.323479 0.431247
0.186413 0.568244
0.200405 0.552334
0.836385 0.0854591
0.790951 0.110646
0.00517559 0.928058
0.294647 0.457186
0.899752 0.0514475
0.442101 0.335093
0.600784 0.224897
0.689338 0.169736
0.321854 0.432678
0.730739 0.145167
0.195501 0.557845
0.0670387 0.741082
0.611053 0.218301
0.0466485 0.784017
0.522219 0.278286
0.623782 0.210202
0.354357 0.404721
0.351509 0.407118
0.484523 0.303923
0.000719729 0.973172
0.0258519 0.839215
0.640481 0.199699
0.246346 0.503667
0.884929 0.0592935
0.544844 0.261865
0.752003 0.132819
0.615191 0.215659
0.705782 0.159892
0.961281 0.0195507
0.695938 0.165771
0.0692752 0.736798
0.482154 0.305627
0.713398 0.155371
0.190868 0.563116
0.0874583 0.704266
0.504143 0.28997
0.362948 0.397549
0.272362 0.478117
0.0319317 0.821306
0.797304 0.107081
0.54181 0.263922
0.014122 0.881164
0.584345 0.235576
0.149132 0.613824
0.410607 0.359214
0.690076 0.169292
0.0193369 0.860943
0.295739 0.456181
0.196919 0.556245
0.958256 0.0210943
0.0445049 0.789038
0.0147831 0.878414
0.0736369 0.728639
0.000547071 0.97661
0.439548 0.337016
0.15029 0.612328
