124450 450.066
1 0
0 1
0.621397 0.211712
0.880354 0.0617284
0.131331 0.637604
0.843476 0.0815903
0.891147 0.0559944
0.0492131 0.77816
0.0570334 0.761183
0.240571 0.50952
0.910315 0.0458959
0.118335 0.656001
0.270842 0.479575
0.125164 0.646215
0.417867 0.353573
0.276393 0.474269
0.00196891 0.955628
0.00861589 0.907178
0.501811 0.291614
0.612495 0.21738
0.736345 0.141895
0.45891 0.322571
0.422576 0.349942
0.0141468 0.88106
0.980142 0.00997898
0.54052 0.2648
0.184566 0.570389
0.4113 0.358673
0.579476 0.238767
0.73074 0.145166
0.016852 0.870185
0.0788117 0.719266
0.223828 0.526896
0.926665 0.0373656
0.510878 0.285243
0.383028 0.381107
0.775506 0.119372
0.933033 0.0340636
0.563447 0.249369
0.848888 0.0786488
0.196434 0.556791
0.472016 0.312965
0.0205951 0.85649
0.0186376 0.86348
0.637256 0.201717
0.00402854 0.936529
0.000245662 0.984326
0.707387 0.158937
0.628521 0.207207
0.794577 0.10861
0.180323 0.575355
0.252173 0.497832
0.833947 0.0867928
0.329573 0.425916
0.428338 0.345524
0.215896 0.535356
0.918939 0.041387
0.101151 0.681965
0.123002 0.649284
0.827518 0.09032
0.219712 0.531265
0.0258482 0.839226
0.973485 0.0133466
0.190348 0.563711
0.789389 0.111524
0.9857 0.00717593
0.599098 0.225986
0.545958 0.261111
0.963382 0.0184799
0.660993 0.186985
0.359994 0.400005
0.237004 0.51317
7.32154e-05 0.991443
0.868489 0.0680726
0.0668915 0.741366
0.905191 0.0485848
0.247635 0.502371
0.688469 0.17026
0.674374 0.178797
0.325621 0.429368
0.862815 0.0711215
0.713139 0.155524
0.477097 0.309278
0.0597812 0.755498
0.572543 0.243334
0.758351 0.129166
0.0114691 0.892906
0.535034 0.26854
0.432064 0.342684
0.308309 0.444744
0.232674 0.517637
0.00115355 0.966036
0.969268 0.0154857
0.683708 0.173134
0.0525619 0.770736
0.205572 0.546599
0.000637633 0.974749
0.110455 0.667652
0.104887 0.676138
0.266081 0.484169
0.899912 0.0513633
0.72489 0.148596
0.678982 0.175996
0.0955589 0.690874
0.0740499 0.727879
0.0926913 0.695548
0.202326 0.550193
0.742576 0.138271
0.595099 0.228574
0.143596 0.621059
0.151916 0.610236
0.0406749 0.79832
0.445081 0.332856
0.312969 0.440564
0.0428216 0.793066
0.854843 0.075423
0.0984121 0.686293
0.520438 0.278586
0.168945 0.588971
0.948974 0.025847
0.155913 0.605142
0.400194 0.367392
0.304899 0.447823
0.990953 0.00453355
0.288628 0.462759
0.631863 0.205102
0.669263 0.181915
0.0643827 0.746263
0.263204 0.486966
0.363526 0.397069
0.642543 0.198412
0.0452674 0.787239
0.945838 0.0274582
0.107044 0.672824
0.0235796 0.846443
0.0275467 0.834028
0.334648 0.421512
0.48103 0.306437
0.0821029 0.713464
0.407628 0.361542
0.0621231 0.750755
0.516515 0.28131
0.487857 0.301532
0.0899229 0.700129
0.821919 0.0934024
0.161113 0.598611
0.14102 0.624474
0.60496 0.222208
0.0149165 0.877867
0.995191 0.00240734
0.316059 0.437809
0.783789 0.114682
0.147385 0.616093
0.0375644 0.806185
0.370144 0.391605
0.256952 0.493096
0.89535 0.0537704
0.0756433 0.724967
0.665543 0.184192
0.0293402 0.82871
0.403529 0.36476
0.33705 0.41944
0.00314186 0.943948
0.211672 0.539922
0.350294 0.408144
0.59013 0.231801
0.387881 0.377199
0.700087 0.163288
0.557615 0.253264
0.172979 0.584092
0.453587 0.326511
0.114561 0.661531
0.0225251 0.849916
0.717164 0.153144
0.00265895 0.948435
0.466986 0.316636
0.745712 0.136454
0.209544 0.542241
0.286039 0.465174
0.493224 0.297701
0.65561 0.190303
0.00690965 0.916876
0.583513 0.23612
0.347015 0.41092
0.0838581 0.710417
0.653148 0.191824
0.198536 0.554426
0.00510396 0.928558
0.188779 0.565513
0.258925 0.491153
0.137762 0.628838
0.721281 0.150717
0.858346 0.0735301
0.00554003 0.925569
0.00982672 0.90087
0.395556 0.371068
0.367717 0.393603
0.751588 0.133058
0.164304 0.594656
0.299498 0.452736
0.341789 0.415373
0.80509 0.102732
0.437071 0.338887
0.176771 0.579559
0.378018 0.385169
0.768805 0.123185
0.921277 0.040168
0.158214 0.602238
0.485198 0.303439
0.647891 0.195084
0.764955 0.125383
0.294562 0.457264
0.702331 0.161948
0.808653 0.100749
0.228426 0.52206
0.375102 0.387545
0.939689 0.0306244
0.812576 0.0985701
0.293421 0.458317
0.495283 0.296237
0.568145 0.246246
0.499816 0.293023
0.448145 0.330563
0.874279 0.0649713
0.0385864 0.803566
0.280887 0.470013
0.587104 0.233773
0.43973 0.336879
0.955303 0.0226038
0.958523 0.020958
0.070397 0.734676
0.052201 0.771525
0.555588 0.254622
0.354796 0.404353
0.134946 0.63265
0.772474 0.121095
0.0309404 0.824101
0.694122 0.16686
0.149449 0.613414
0.76138 0.127429
0.166482 0.591977
0.301084 0.451796
0.0348551 0.813305
0.32125 0.433211
0.113058 0.66376
0.034726 0.813651
0.938259 0.0313622
0.00673127 0.917956
0.0321456 0.820708
0.282029 0.468936
