92300 320.068
1 0.00180355
0.280775 0.923146
0.903656 0.185404
0.969104 0.0629319
0.374563 0.860935
0.31883 0.899604
0.875168 0.235998
0.37936 0.857453
0.78162 0.391073
0.907075 0.179292
0.362335 0.869889
0.751716 0.436531
0.285328 0.919807
0.479949 0.771052
0.872229 0.241254
0.601637 0.639355
0.6347 0.598563
0.802654 0.357375
0.605304 0.63523
0.6695 0.553273
0.808616 0.348019
0.856188 0.268961
0.763132 0.419263
0.298695 0.912076
0.631158 0.6031
0.621753 0.615038
0.483763 0.767396
0.449344 0.799557
0.805735 0.352803
0.712502 0.494054
0.799647 0.362441
0.506909 0.744362
0.784427 0.386145
0.390439 0.848842
0.303208 0.90916
0.99702 0.00825801
0.426643 0.819324
0.532738 0.717614
0.618437 0.619236
0.327364 0.89411
0.994448 0.0133647
0.598201 0.643589
0.608668 0.630947
0.65604 0.571236
0.542669 0.706854
0.676674 0.543775
0.323185 0.896911
0.528781 0.721886
0.778254 0.396024
0.289897 0.917182
0.294168 0.914752
0.503275 0.748105
0.787465 0.381718
0.973651 0.054257
0.370405 0.864062
0.439402 0.808425
0.962949 0.0748485
0.615104 0.623207
0.85918 0.263585
0.943827 0.1111
0.760231 0.423792
0.36649 0.866944
0.889153 0.211449
0.435671 0.811384
0.933537 0.130397
0.886553 0.216004
0.538689 0.71128
0.339558 0.885833
0.475931 0.774872
0.878181 0.231018
0.853492 0.273514
0.611927 0.62713
0.496683 0.754717
0.625174 0.610777
0.343618 0.883251
0.922078 0.151874
0.459442 0.790262
0.697127 0.515514
0.866273 0.251513
0.754942 0.431865
0.991813 0.0182582
0.680119 0.539142
0.399696 0.841525
0.522162 0.72864
0.331758 0.891207
0.589185 0.654392
0.659336 0.56693
0.463196 0.786892
0.466457 0.783703
0.976776 0.048102
0.694394 0.51934
0.335413 0.888807
0.924589 0.147092
0.628004 0.607097
0.82742 0.317297
0.883915 0.220886
0.57691 0.668629
0.819963 0.329553
0.661993 0.563313
0.58592 0.658262
0.526107 0.725535
0.936102 0.125759
0.51062 0.740642
0.946411 0.106451
0.909436 0.175025
0.891848 0.20663
0.901128 0.189994
0.766354 0.41444
0.357657 0.873396
0.68728 0.529306
0.499802 0.751633
0.715821 0.489278
0.846259 0.285831
0.911883 0.170351
0.843758 0.28982
0.307552 0.906665
0.700346 0.511215
0.841175 0.294295
0.519039 0.732106
0.757428 0.428136
0.59495 0.647441
0.82491 0.321538
0.57987 0.665131
0.931002 0.13538
0.954573 0.090901
0.487495 0.763648
0.417821 0.82689
0.313832 0.902876
0.386434 0.851928
0.720837 0.48212
0.583004 0.661755
0.453252 0.795865
0.383258 0.854264
0.492742 0.758542
0.347678 0.880315
0.770616 0.407904
0.773703 0.403192
0.971717 0.0579825
0.896448 0.198321
0.730107 0.468723
0.554431 0.693956
0.796856 0.366856
0.822321 0.325448
0.592248 0.650759
0.898769 0.19422
0.709591 0.49822
0.811705 0.343186
0.89407 0.202667
0.863788 0.255897
0.350942 0.878086
0.545662 0.703722
0.790282 0.377271
0.838813 0.298357
0.535899 0.714317
0.403191 0.838805
0.830112 0.312874
0.470155 0.780386
0.551164 0.697721
0.960512 0.079532
0.850757 0.278013
0.952075 0.0956758
0.748536 0.44141
0.569241 0.677491
0.557448 0.691365
0.861608 0.259674
0.718072 0.486138
0.848904 0.281372
0.45597 0.793443
0.727616 0.472369
0.926953 0.142758
0.836411 0.30219
0.989523 0.0227085
0.638037 0.594457
0.414163 0.82978
0.817169 0.334164
0.980543 0.0403972
0.35485 0.875375
0.443239 0.804754
0.702759 0.507833
0.914269 0.16619
0.560213 0.687712
0.548647 0.700399
0.445436 0.802882
0.775783 0.399994
0.956668 0.0869017
0.472791 0.777913
0.794614 0.370399
0.834251 0.305994
0.515791 0.735334
0.411374 0.832005
0.928881 0.139093
0.97839 0.0449324
0.648407 0.581261
0.684193 0.533379
0.792378 0.373992
0.736834 0.458841
0.652949 0.575271
0.941215 0.116007
0.958628 0.0831246
0.948677 0.10221
0.919541 0.156484
0.938431 0.121484
0.832132 0.309393
0.987779 0.0265528
0.916199 0.162707
0.69141 0.523579
0.768553 0.411133
0.705267 0.5043
0.513545 0.737728
0.311169 0.904416
0.490251 0.761052
0.651173 0.577356
0.422639 0.822739
0.723344 0.478272
0.7072 0.501559
0.64 0.591963
0.982446 0.0368071
0.985879 0.0301123
0.740957 0.452736
0.744932 0.446843
0.66614 0.557922
0.738567 0.456281
0.725084 0.475811
0.431816 0.814862
0.966047 0.068965
0.562622 0.684911
0.672782 0.549162
0.984234 0.0335275
0.430466 0.81607
0.689945 0.525684
0.742742 0.450135
0.682578 0.535706
0.732875 0.464653
0.950287 0.0991406
0.734076 0.462906
0.813554 0.340103
0.642563 0.588654
0.394619 0.84564
0.665089 0.559016
0.572612 0.673683
0.646434 0.583796
0.395656 0.844785
0.815394 0.337059
0.573642 0.672477
0.408169 0.834698
0.918181 0.159139
0.566912 0.680046
0.406458 0.836233
0.880451 0.22675
0.673794 0.54752
