428987 410.02
1 4.44089e-15
0.280775 3.30173
0.280775 1.21233
0.280775 1.1322
0.280775 1.04031
0.280775 1.01228
0.280775 0.945248
0.523897 0.726087
0.395925 0.843383
0.529871 0.719318
0.453034 0.79489
0.303126 0.908212
0.309181 0.9045
0.389607 0.848311
0.285375 0.918657
0.459316 0.789135
0.549431 0.698238
0.290662 0.915618
0.793961 0.369626
0.362299 0.86885
0.559731 0.686855
0.280776 0.921314
0.56447 0.681476
0.357762 0.872105
0.431108 0.814261
0.505525 0.744668
0.773941 0.401606
0.647443 0.58083
0.343299 0.882364
0.37427 0.86014
0.298997 0.910699
0.493003 0.75712
0.789413 0.376827
0.38196 0.854263
0.294742 0.913213
0.58971 0.652904
0.777745 0.395113
0.761346 0.420524
0.338931 0.885251
0.54276 0.705535
0.757065 0.427015
0.488553 0.761433
0.72832 0.471033
0.509336 0.740711
0.320927 0.897104
0.378266 0.857695
0.335141 0.887826
0.386241 0.850978
0.512887 0.737082
0.366805 0.865584
0.593604 0.647791
0.331116 0.890449
0.732443 0.463527
0.519864 0.729846
0.316379 0.899992
0.606602 0.632034
0.347226 0.879567
0.468703 0.780424
0.767602 0.411123
0.435725 0.810282
0.369949 0.863203
0.917547 0.158108
0.862373 0.256313
0.517145 0.735647
0.651417 0.57582
0.643941 0.585339
0.831931 0.308077
0.586131 0.656596
0.664642 0.558742
0.501387 0.748762
0.770626 0.406287
0.533597 0.716563
0.738667 0.457775
0.427465 0.817373
0.399781 0.840256
0.76411 0.416344
0.602766 0.636673
0.555205 0.691928
0.634234 0.597837
0.546495 0.701478
0.62542 0.609426
0.680683 0.53718
0.313172 0.902055
0.567848 0.677675
0.859224 0.261735
0.689763 0.524457
0.865479 0.250946
0.596647 0.644169
0.668044 0.553892
0.823976 0.32127
0.686223 0.529221
0.815264 0.335549
0.797259 0.364571
0.353799 0.874922
0.465122 0.784168
0.424057 0.820261
0.32741 0.89291
0.820643 0.326703
0.420819 0.823018
0.571028 0.674059
0.617056 0.619404
0.576791 0.667455
0.600058 0.640054
0.898179 0.193274
0.707517 0.499728
0.704582 0.503724
0.637131 0.594177
0.630751 0.602823
0.414434 0.82837
0.85644 0.26651
0.93065 0.134527
0.925467 0.143641
0.350891 0.876997
0.472316 0.777062
0.580322 0.663559
0.417449 0.825887
0.844007 0.2878
0.956738 0.0846516
0.71302 0.492313
0.997009 0.00597346
0.539034 0.709552
0.734794 0.460195
0.933214 0.129285
0.477631 0.771976
0.656951 0.568569
0.851487 0.275252
0.324255 0.894958
0.408551 0.833231
0.80723 0.34838
0.750059 0.437742
0.87705 0.231008
0.58282 0.6604
0.818184 0.330665
0.829069 0.314252
0.901398 0.188142
0.68359 0.532838
0.574086 0.670531
0.80513 0.352274
0.935891 0.12427
0.927762 0.139258
0.449555 0.798043
0.908101 0.175352
0.974396 0.0507452
0.710477 0.495334
0.654116 0.572244
0.959149 0.0802761
0.890936 0.206234
0.835072 0.302654
0.716227 0.487269
0.983276 0.0332747
0.886117 0.215555
0.801932 0.357092
0.447063 0.800318
0.536975 0.713411
0.410967 0.831206
0.462086 0.786477
0.725596 0.473692
0.786963 0.380835
0.78429 0.38489
0.43839 0.807966
0.853663 0.271259
0.888288 0.211111
0.742713 0.448566
0.938305 0.119716
0.81048 0.343134
0.992438 0.015066
0.49637 0.753869
0.48551 0.764384
0.628246 0.605449
0.976764 0.0459312
0.910526 0.170942
0.677287 0.541474
0.921302 0.154508
0.96175 0.0750371
0.985951 0.0279004
0.89346 0.202242
0.895766 0.197776
0.621847 0.613821
0.609765 0.628334
0.443683 0.803244
0.940721 0.115044
0.826537 0.316837
0.868321 0.246206
0.696725 0.514683
0.994742 0.0104893
0.613985 0.623142
0.953865 0.0905123
0.922368 0.149412
0.905438 0.180367
0.404723 0.836289
0.945287 0.107185
0.990016 0.0200578
0.481299 0.769374
0.91462 0.163469
0.812279 0.340203
0.675875 0.545981
0.474998 0.774515
0.947619 0.102265
0.949747 0.0981764
0.701603 0.50787
0.874403 0.235641
0.837106 0.29926
0.692491 0.52057
0.699682 0.510606
0.441485 0.80524
0.879703 0.2263
0.799859 0.360237
0.942996 0.110759
0.848257 0.280459
0.963839 0.071015
0.718316 0.484121
0.722885 0.477673
0.498587 0.751645
0.883197 0.219999
0.966159 0.0665369
0.979115 0.0413338
0.661712 0.56375
0.741542 0.452776
0.746275 0.443073
0.6201 0.615605
0.720922 0.4804
0.971753 0.0556968
0.753331 0.435997
0.981021 0.037598
0.672301 0.548129
0.846888 0.282942
0.840269 0.297187
0.659893 0.56474
0.403031 0.837671
0.952116 0.0934752
0.841383 0.292191
0.987932 0.0239902
0.903445 0.183952
0.912976 0.166675
0.968164 0.0628419
0.754505 0.430913
0.872505 0.239467
0.870248 0.242668
0.556108 0.690877
0.694646 0.517595
0.670861 0.550087
0.780986 0.390909
0.611892 0.625765
0.482969 0.766888
0.970176 0.0587582
0.747246 0.441749
0.881613 0.222982
0.640776 0.589406
0.640235 0.590099
0.781847 0.388858
