1927394 570.009
0.280775 2.61001
0.280775 2.56211
0.529176 2.4835
0.560945 2.46747
0.280775 2.5579
0.76803 2.35697
0.768034 2.35677
0.768248 2.35424
0.768038 2.35473
0.838987 2.30882
0.88827 2.27579
0.880257 2.27579
0.88016 2.27642
0.880093 2.27696
0.946395 2.22546
0.822924 2.31179
0.946403 2.21902
0.370277 2.52086
0.370244 2.52228
0.691479 2.38186
0.691458 2.38408
0.933048 2.22758
0.691522 2.38041
0.280775 2.53696
0.280775 2.53503
0.956708 2.20951
0.633017 2.41122
0.633027 2.4099
0.972368 2.19668
0.994481 2.17848
0.90739 2.24315
0.994159 2.17863
0.91702 2.23853
0.994149 2.17911
0.903952 2.24832
0.948668 2.21189
0.952472 2.21021
0.956724 2.20605
0.903959 2.24371
0.950735 2.21139
0.280775 2.53292
0.668779 2.388
0.907349 2.2436
0.911396 2.23907
0.782131 2.32264
0.782102 2.32338
0.853722 2.27861
0.903955 2.24484
0.999656 2.17049
0.978171 2.18806
0.997664 2.17371
0.921107 2.23234
0.983111 2.18686
0.921136 2.23031
0.948575 2.21244
0.991607 2.17952
0.996512 2.17741
0.572149 2.43572
0.976347 2.19073
0.280775 2.52912
0.985118 2.18507
0.668731 2.38835
0.668655 2.38906
0.985117 2.18655
0.986527 2.18324
0.720466 2.35978
0.986529 2.18154
0.781756 2.32392
0.447855 2.484
0.956716 2.20884
0.976327 2.1915
0.921092 2.23356
0.447609 2.48431
0.720497 2.35907
0.280775 2.52901
0.907404 2.24251
0.720089 2.36031
0.84933 2.2813
0.280775 2.53089
0.998693 2.1728
0.892956 2.25263
0.720108 2.36011
0.921123 2.23191
0.956719 2.207
0.720687 2.35857
0.849335 2.28063
