222480 330.026
1 8.70113e-11
0.280775 3.59241
0.280775 2.62454
0.280775 1.81109
0.280775 3.33437
0.280775 1.19964
0.280775 1.15278
0.280775 1.08991
0.661179 0.563811
0.627727 0.60841
0.280775 1.0542
0.618157 0.618223
0.595999 0.645043
0.280777 0.976234
0.280775 1.01851
0.60476 0.635124
0.653325 0.573495
0.677999 0.540984
0.742505 0.448686
0.674524 0.547447
0.725294 0.473949
0.518935 0.731046
0.457256 0.791412
0.750875 0.436186
0.399894 0.840302
0.719624 0.482528
0.684104 0.532714
0.280777 0.92146
0.747766 0.441464
0.638081 0.595475
0.495811 0.756111
0.738101 0.455692
0.756449 0.428609
0.557282 0.690669
0.406764 0.834792
0.800031 0.360661
0.668351 0.553801
0.512217 0.738619
0.837483 0.298912
0.632118 0.600783
0.585121 0.658174
0.579724 0.664293
0.701475 0.508583
0.931189 0.132886
0.355629 0.873818
0.332331 0.889935
0.552055 0.69551
0.828244 0.314399
0.803454 0.355136
0.861746 0.257725
0.666318 0.556239
0.375257 0.859474
0.440745 0.806005
0.791211 0.374303
0.778294 0.394259
0.570972 0.674829
0.820036 0.327541
0.695326 0.516879
0.45347 0.794958
0.436834 0.809481
0.420483 0.823555
0.764336 0.415791
0.706048 0.501835
0.816558 0.333582
0.426687 0.818221
0.416315 0.827325
0.611319 0.631532
0.280776 0.988721
0.943567 0.11053
0.72871 0.469743
0.987547 0.0251137
0.470586 0.778945
0.366339 0.866101
0.964978 0.0688184
0.475123 0.776804
0.640448 0.590358
0.984656 0.0304535
0.990684 0.0185458
0.500655 0.749507
0.467728 0.781742
0.856075 0.267645
0.711003 0.495131
0.912458 0.167421
0.961724 0.0758015
0.337223 0.887012
0.323214 0.896186
0.734583 0.460723
0.319431 0.898493
0.900253 0.189544
0.970221 0.0586715
0.867071 0.256365
0.993389 0.0131788
0.574712 0.670298
0.772769 0.403302
0.351879 0.876508
0.444518 0.803017
0.99644 0.00745008
0.927586 0.139585
0.897309 0.194837
0.698695 0.512531
0.951723 0.0944527
0.387708 0.849992
0.431012 0.814761
0.360173 0.87088
0.946199 0.105027
0.731868 0.464767
0.649053 0.57873
0.859079 0.262439
0.949037 0.0993299
0.915513 0.161836
0.463305 0.78762
0.384608 0.852077
0.549469 0.698421
0.397147 0.842533
0.872208 0.239254
0.545836 0.702332
0.286555 0.91816
0.714529 0.489762
0.875305 0.233864
0.686658 0.528808
0.774894 0.399939
0.342664 0.88286
0.58757 0.654996
0.852971 0.272891
0.606499 0.632461
0.967705 0.0640495
0.423671 0.820789
0.761056 0.421141
0.783845 0.386169
0.290055 0.916187
0.316065 0.900528
0.781702 0.389342
0.832537 0.307292
0.477514 0.771989
0.954903 0.0896234
0.362391 0.86896
0.813617 0.338481
0.524158 0.725258
0.691759 0.52186
0.449788 0.79793
0.909558 0.172705
0.492027 0.758251
0.981581 0.0365461
0.591007 0.651065
0.920808 0.153796
0.298896 0.910905
0.53797 0.711226
0.940067 0.116596
0.567354 0.67811
0.918042 0.157212
0.433274 0.812274
0.345857 0.880689
0.348744 0.878941
0.313004 0.902337
0.543407 0.705202
0.613314 0.624182
0.807446 0.35125
0.795692 0.366874
0.379743 0.856326
0.534483 0.714594
0.811195 0.342361
0.923203 0.148162
0.393531 0.846071
0.823406 0.323531
0.825146 0.31976
0.540227 0.708517
0.768814 0.409372
0.506066 0.744533
0.959122 0.0800854
0.39139 0.847097
0.295735 0.912762
0.973387 0.0525174
0.328845 0.89206
0.716697 0.486734
0.977701 0.0443629
0.689873 0.524881
0.527415 0.722062
0.907381 0.17716
0.310001 0.904473
0.326583 0.89398
0.502385 0.747898
0.371885 0.86197
0.28338 0.919905
0.894622 0.200466
0.521603 0.728283
0.485153 0.764895
0.369682 0.863612
0.293006 0.914405
0.560451 0.686247
0.839808 0.294722
0.708102 0.498592
0.447522 0.80035
0.339455 0.885242
0.565238 0.680816
0.301955 0.90901
0.877641 0.229745
0.577368 0.666952
0.593651 0.650477
0.903184 0.184258
0.86988 0.244074
0.307309 0.906151
0.934448 0.126807
0.850587 0.276613
0.956843 0.0844515
0.848384 0.2806
0.758815 0.424498
0.92545 0.143543
0.616016 0.620996
0.890213 0.20752
0.644702 0.584659
0.529554 0.719799
0.938401 0.119404
0.532377 0.716855
0.888163 0.211167
0.795056 0.369618
0.975164 0.0506008
0.304453 0.907553
0.62996 0.603407
0.881979 0.222566
0.562319 0.684124
0.89261 0.203263
0.879905 0.225766
0.767623 0.410755
0.842277 0.291357
0.832141 0.307982
0.381134 0.855107
0.413149 0.829588
0.507888 0.74228
0.846016 0.284258
0.904802 0.181333
0.463687 0.785521
0.787136 0.380417
0.808485 0.346352
0.489622 0.760271
0.97963 0.0403385
0.935669 0.124523
0.644444 0.585745
0.487418 0.762674
0.480734 0.769136
0.408721 0.833505
0.650952 0.577584
0.788061 0.379375
0.884269 0.218068
0.88581 0.215341
0.867733 0.247719
0.48207 0.767817
0.411402 0.831256
0.844111 0.287477
0.510768 0.739685
0.999087 0.00219431
