1194465 530.012
0.280775 2.7375
0.590723 2.63928
0.998576 2.36144
0.873349 2.44581
0.904406 2.41379
0.873256 2.44598
0.873205 2.44644
0.904392 2.42561
0.973831 2.37571
0.630944 2.57841
0.630941 2.57845
0.761926 2.5098
0.904394 2.42406
0.922632 2.41335
0.87345 2.44368
0.986678 2.3665
0.280775 2.69515
0.280775 2.69453
0.990722 2.36309
0.971111 2.37789
0.630939 2.57943
0.980728 2.37155
0.873419 2.44471
0.956893 2.38901
0.63094 2.57903
0.897729 2.42964
0.986662 2.36729
0.8734 2.44481
0.985156 2.36939
0.999238 2.35733
0.590767 2.59708
0.918082 2.41368
0.762015 2.50972
0.999993 2.35569
0.999237 2.35757
0.859243 2.45241
0.974712 2.37412
0.999993 2.35602
0.981304 2.36983
0.999238 2.35672
0.859242 2.4546
0.660798 2.56189
0.761792 2.5105
0.944801 2.39208
0.280775 2.69437
0.944754 2.39526
0.630947 2.57674
0.590849 2.59302
0.965382 2.37916
0.999239 2.35633
0.988336 2.36591
0.630948 2.57514
0.974711 2.37457
0.280775 2.69365
0.761924 2.51018
0.981298 2.37025
0.754983 2.51358
0.280775 2.69273
0.66076 2.56288
