17105 50.0141
0.999973 0.00268175
0.280775 0.922644
0.296078 0.914002
0.664968 0.55988
0.91948 0.157313
0.537349 0.713175
0.668914 0.554998
0.922617 0.151464
0.646386 0.584277
0.827393 0.31863
0.883351 0.222945
0.810986 0.344856
0.323403 0.897255
0.338861 0.886982
0.844831 0.289538
0.847729 0.284315
0.997471 0.00835179
0.942649 0.114572
0.627425 0.608284
0.366777 0.867164
0.957244 0.0867875
0.533653 0.717524
0.382684 0.855541
0.877793 0.232519
0.85599 0.270138
0.978219 0.0460213
0.631021 0.603931
0.37104 0.864052
0.987789 0.0274732
0.771536 0.408628
0.290673 0.91714
0.710166 0.498485
0.759101 0.426418
0.880271 0.227598
0.823814 0.323745
0.688608 0.528206
0.343357 0.883841
0.813823 0.340816
0.393769 0.846826
0.327896 0.894238
0.347327 0.881249
0.658805 0.568494
0.6498 0.580491
0.93752 0.124305
0.853579 0.275379
0.661961 0.564516
0.362661 0.870322
0.975188 0.0517503
0.713801 0.493552
0.886088 0.217677
0.85073 0.279922
0.756131 0.430727
0.902925 0.187452
0.939834 0.119453
0.597005 0.646421
0.929707 0.138401
0.900307 0.192617
0.76215 0.421726
0.642826 0.589095
0.863624 0.256912
0.457179 0.793021
0.699393 0.513237
0.91692 0.162435
0.50184 0.750072
0.990934 0.0209641
0.945394 0.109475
0.730938 0.46794
0.934854 0.1296
0.905603 0.183085
0.947615 0.105009
0.914364 0.166739
0.727581 0.472806
0.541096 0.709265
0.498028 0.754135
0.898222 0.197613
0.318837 0.899926
0.85875 0.265151
0.477691 0.77363
0.841782 0.293927
0.950367 0.0999735
0.74337 0.449667
0.45302 0.796431
0.994778 0.0131443
0.39774 0.843536
0.685648 0.533026
0.791204 0.376848
0.640189 0.592469
0.581063 0.664991
0.932424 0.133691
0.829826 0.314055
0.624368 0.612453
0.636786 0.596869
0.874823 0.237513
0.47125 0.779831
0.753568 0.435707
0.378244 0.858823
0.672008 0.551147
0.504906 0.74698
0.655397 0.57266
0.798393 0.365164
0.315052 0.902326
0.652845 0.576006
0.77416 0.403065
0.895045 0.201644
0.908191 0.178314
0.389668 0.849757
0.816717 0.335634
0.821488 0.32774
0.677233 0.54381
0.525421 0.726028
0.954956 0.0924123
0.555113 0.693769
0.549362 0.700047
0.564346 0.683583
0.77971 0.395697
0.438613 0.809613
0.588644 0.655538
0.839314 0.298158
0.419476 0.825784
0.386528 0.852512
0.836874 0.302404
0.572429 0.674268
0.680223 0.539357
0.740635 0.454057
0.793745 0.372702
0.30056 0.911305
0.86118 0.261031
0.776376 0.399832
0.702415 0.509067
0.375011 0.860941
0.474672 0.777106
0.634084 0.600019
0.691846 0.524383
0.973722 0.0567193
0.720807 0.482934
0.927289 0.143344
0.696348 0.517287
0.558536 0.689861
0.489478 0.762169
0.610275 0.629829
0.985918 0.0312769
0.925127 0.146908
0.707253 0.501885
0.429043 0.817755
0.750698 0.439075
0.675016 0.547609
0.818786 0.332239
0.788204 0.381117
0.801471 0.360244
0.310986 0.904949
0.43504 0.812687
0.87043 0.245125
0.460394 0.789873
0.888725 0.213392
0.76484 0.417592
0.516672 0.735074
0.892915 0.205794
0.561256 0.687291
0.980486 0.0417339
0.967143 0.0677911
0.415845 0.829156
0.521969 0.729552
0.6073 0.633477
0.552434 0.696922
0.30388 0.909416
0.616912 0.621394
0.42549 0.82073
0.307895 0.907072
0.513537 0.738218
0.441857 0.806606
0.334597 0.889871
0.7963 0.36875
0.406791 0.836311
0.508537 0.743476
0.952518 0.0956343
0.832616 0.309934
0.866638 0.251962
0.704845 0.505762
0.567281 0.680189
0.963576 0.0744454
0.481507 0.770142
0.682619 0.536075
0.486572 0.765291
0.358566 0.873138
0.872683 0.241294
0.783809 0.388024
0.738457 0.458005
0.733616 0.464614
0.410223 0.833517
0.604725 0.63639
0.599895 0.642124
0.746333 0.445709
0.834391 0.306506
0.890598 0.209668
0.467612 0.783377
0.33177 0.891414
0.781612 0.391724
0.694018 0.520724
0.959775 0.0816421
0.450034 0.799493
0.735789 0.461007
0.422638 0.823121
0.432121 0.815179
0.992739 0.0178604
0.717799 0.487261
0.593269 0.649885
0.546061 0.703585
0.912044 0.172023
0.725233 0.476446
0.786281 0.384514
0.401271 0.840865
0.287107 0.919236
0.569923 0.677394
0.519459 0.73207
0.748028 0.442644
0.723076 0.479639
0.492867 0.759135
0.80553 0.353788
0.356017 0.875085
0.585473 0.659164
0.530107 0.72084
0.961191 0.0789823
0.544115 0.706041
0.577388 0.668635
0.57588 0.670388
0.969598 0.0627338
0.601931 0.639669
0.867962 0.249086
0.510725 0.740985
0.803427 0.357649
0.444673 0.803856
0.403839 0.838809
0.494867 0.756928
0.591503 0.652102
0.413027 0.831224
0.28391 0.92101
0.583752 0.661357
0.716098 0.489641
0.768377 0.412388
0.483727 0.768077
0.970874 0.0606156
0.621364 0.615907
0.447301 0.801946
0.910216 0.174035
0.965435 0.0711111
0.619914 0.617985
0.528339 0.722788
0.463263 0.786977
0.983655 0.0362873
0.612883 0.626506
