217583 380.058
1 0.0127122
0.280775 0.929023
0.342984 0.891419
0.351923 0.884748
0.561258 0.695473
0.425491 0.8283
0.46869 0.789355
0.813458 0.350039
0.31141 0.911146
0.742096 0.461334
0.689438 0.534936
0.29694 0.920249
0.571571 0.683565
0.531562 0.727223
0.63824 0.603729
0.589068 0.663546
0.727849 0.48153
0.291615 0.922925
0.686214 0.539242
0.488618 0.771748
0.567348 0.686806
0.798474 0.374744
0.781337 0.401959
0.878404 0.241131
0.826054 0.330108
0.683066 0.54373
0.861071 0.27135
0.661921 0.572796
0.960359 0.0930959
0.828539 0.324965
0.699089 0.522487
0.644769 0.595544
0.750752 0.447884
0.326827 0.901971
0.950289 0.111698
0.641082 0.599059
0.557344 0.700177
0.718931 0.494782
0.904022 0.197082
0.564695 0.691638
0.724933 0.486273
0.430438 0.824739
0.858562 0.276163
0.801482 0.369826
0.967267 0.0786764
0.970174 0.0736048
0.745409 0.45693
0.841934 0.303358
0.880959 0.236069
0.693171 0.530971
0.377629 0.86651
0.722032 0.490544
0.331166 0.899308
0.482762 0.779875
0.853322 0.285323
0.934851 0.14219
0.615001 0.632064
0.49438 0.769312
0.43991 0.815934
0.60292 0.647019
0.901007 0.200236
0.936699 0.136561
0.695384 0.526269
0.979074 0.0553608
0.753782 0.443339
0.906308 0.190532
0.747714 0.452157
0.855836 0.281076
0.381809 0.863016
0.680609 0.548845
0.363442 0.876618
0.924836 0.158913
0.952941 0.10553
0.707503 0.510679
0.45371 0.803489
0.738484 0.465327
0.871016 0.254423
0.957788 0.0976121
0.771225 0.417926
0.795856 0.37947
0.981491 0.0508605
0.831407 0.320308
0.574901 0.679357
0.647714 0.590958
0.839006 0.308434
0.962593 0.0870361
0.287163 0.924717
0.48489 0.774107
0.374126 0.869405
0.984524 0.046624
0.610918 0.636629
0.629618 0.614545
0.972212 0.068606
0.715274 0.498404
0.806702 0.361379
0.598931 0.651664
0.370017 0.872373
0.927393 0.154392
0.898352 0.205915
0.527718 0.731735
0.322531 0.904821
0.793295 0.383831
0.883934 0.231907
0.756489 0.439241
0.875649 0.246056
0.658925 0.576469
0.655818 0.580197
0.864558 0.267067
0.53492 0.723873
0.621583 0.626029
0.677466 0.552385
0.804321 0.365803
0.850576 0.290497
0.449712 0.806277
0.710186 0.506374
0.913799 0.179311
0.778029 0.40578
0.337254 0.894402
0.444355 0.813226
0.731166 0.477274
0.521747 0.738096
0.391297 0.855377
0.939311 0.13183
0.788158 0.391266
0.605446 0.643896
0.736293 0.469651
0.834356 0.316713
0.626352 0.618477
0.543931 0.7143
0.415791 0.835876
0.823107 0.334789
0.986371 0.0415284
0.702187 0.518374
0.300998 0.917757
0.464539 0.793018
0.704467 0.514809
0.713091 0.502761
0.868237 0.259069
0.617677 0.629152
0.412083 0.839698
0.634364 0.607497
0.994859 0.0255568
0.539481 0.722157
0.435982 0.818635
0.964812 0.0831626
0.911376 0.184387
0.873362 0.249897
0.608637 0.639482
0.890639 0.219458
0.836647 0.312229
0.931974 0.146658
0.976764 0.0608369
0.732969 0.473114
0.947898 0.115613
0.941561 0.127887
0.954803 0.101711
0.665373 0.567951
0.674035 0.555568
0.917856 0.171051
0.789975 0.387185
0.52539 0.734643
0.513881 0.746977
0.765883 0.424869
0.774087 0.413182
0.816552 0.345946
0.585061 0.667966
0.886319 0.227691
0.421857 0.831077
0.653052 0.584157
0.997134 0.0209166
0.446946 0.80992
0.478395 0.781955
0.768248 0.421435
0.888588 0.22401
0.821088 0.338417
0.472278 0.785611
0.577617 0.675611
0.623595 0.621584
0.650564 0.587304
0.921929 0.163173
0.929096 0.149038
0.975028 0.0643664
0.315332 0.908664
0.358127 0.880098
0.45716 0.80005
0.541315 0.717659
0.992673 0.0295951
0.672127 0.559614
0.91594 0.175197
0.596157 0.653772
0.892957 0.215353
0.403569 0.846216
0.988898 0.0376638
0.8186 0.342743
0.759472 0.435395
0.943767 0.123389
0.433157 0.821651
0.763577 0.429445
0.551871 0.706029
0.632463 0.610749
0.920347 0.166782
0.945068 0.119171
0.500009 0.759422
0.305809 0.913754
0.318671 0.906834
0.9908 0.0338541
0.554413 0.703244
0.395547 0.852997
0.580489 0.672837
0.388012 0.858311
0.866232 0.262762
0.334432 0.895506
0.366328 0.87479
0.385001 0.860069
0.909342 0.187924
0.356574 0.881422
0.418673 0.833428
0.283042 0.927599
0.775935 0.410064
0.847548 0.293064
0.669168 0.562811
0.516148 0.742994
0.518567 0.740868
0.810368 0.355326
0.400198 0.84859
0.503658 0.756353
0.998704 0.016669
0.510173 0.749347
0.495174 0.764018
0.406811 0.843671
0.844785 0.299463
0.475417 0.784271
0.593231 0.65777
0.547037 0.710245
0.760889 0.43166
0.507641 0.750835
0.592143 0.660002
0.784286 0.396953
0.459903 0.79785
0.497477 0.761505
0.462455 0.795892
0.809157 0.356585
0.583447 0.670222
0.409314 0.842013
0.785239 0.396014
0.505383 0.754357
0.548685 0.709084
0.397986 0.85108
0.304668 0.915577
0.895212 0.211934
