46834 160.028
1 0.00103241
0.280775 0.921778
0.789796 0.37706
0.919805 0.154912
0.725155 0.475017
0.468243 0.781378
0.312763 0.902746
0.607654 0.631464
0.730403 0.467303
0.870629 0.242913
0.923619 0.147884
0.915521 0.16277
0.320034 0.898148
0.494937 0.755744
0.997478 0.00606687
0.977875 0.0447712
0.955935 0.0871764
0.939364 0.118567
0.952181 0.0943348
0.795244 0.36843
0.679484 0.539056
0.427424 0.81792
0.980529 0.0395763
0.405802 0.835926
0.521079 0.729199
0.784936 0.384709
0.887207 0.213879
0.392722 0.846365
0.488849 0.76173
0.396956 0.843024
0.934984 0.126773
0.410108 0.832414
0.478282 0.771881
0.661071 0.563727
0.930145 0.135792
0.819379 0.329481
0.388429 0.849717
0.815813 0.335309
0.624673 0.610502
0.308455 0.905477
0.384452 0.852789
0.540655 0.708359
0.356663 0.873374
0.5847 0.658888
0.766367 0.413501
0.947327 0.103551
0.592818 0.649264
0.564791 0.681692
0.831893 0.308827
0.459469 0.789576
0.598753 0.642196
0.517226 0.733131
0.648943 0.579607
0.431991 0.813996
0.380308 0.855957
0.754911 0.430919
0.903828 0.184033
0.808262 0.347651
0.414049 0.829169
0.294556 0.913854
0.500755 0.74989
0.773055 0.40321
0.821687 0.325696
0.983612 0.0336243
0.546974 0.70149
0.536541 0.712789
0.81178 0.34187
0.950062 0.0983644
0.735336 0.460077
0.423306 0.821421
0.847096 0.283316
0.745351 0.445254
0.992129 0.0167037
0.82473 0.320688
0.303862 0.908232
0.751976 0.435421
0.863082 0.255991
0.640742 0.59025
0.351843 0.876787
0.543543 0.70523
0.434878 0.811495
0.695843 0.516569
0.897597 0.195252
0.828436 0.314565
0.890997 0.207142
0.5958 0.645722
0.637907 0.593801
0.528781 0.721117
0.442587 0.804734
0.878563 0.229042
0.971009 0.0581442
0.575455 0.669539
0.692704 0.520925
0.757633 0.426804
0.738501 0.455413
0.833949 0.305405
0.339916 0.885091
0.51022 0.740326
0.883025 0.221186
0.989357 0.0221938
0.85887 0.263239
0.895968 0.198171
0.328472 0.892678
0.450487 0.797683
0.709767 0.497085
0.963551 0.0725642
0.676552 0.54303
0.568413 0.67759
0.349123 0.878692
0.50456 0.746067
0.602283 0.637959
0.474119 0.775844
0.880479 0.225673
0.732924 0.463695
0.612912 0.625119
0.799291 0.36198
0.940959 0.115569
0.604274 0.635557
0.686112 0.530085
0.645752 0.583809
0.376678 0.858703
0.497673 0.752965
0.866434 0.250196
0.851461 0.275905
0.80185 0.357885
0.911122 0.170895
0.455933 0.792748
0.74228 0.449821
0.670328 0.551409
0.965399 0.0690026
0.849824 0.278688
0.907672 0.177073
0.506764 0.74384
0.417584 0.82623
0.803892 0.354607
0.336474 0.88736
0.64376 0.586303
0.621107 0.614941
0.627823 0.60663
0.763105 0.418487
0.885163 0.217407
0.861221 0.259198
0.775347 0.399746
0.943632 0.110534
0.806323 0.350695
0.531927 0.717716
0.836774 0.300686
0.614691 0.622866
0.366282 0.866423
0.974576 0.0512079
0.285708 0.918985
0.961068 0.0773408
0.618009 0.618778
0.892993 0.203491
0.875654 0.234142
0.553641 0.694156
0.664437 0.559267
0.420177 0.824058
0.577979 0.666698
0.967646 0.0646612
0.571947 0.673562
0.958104 0.0830269
0.667409 0.555311
0.838187 0.298409
0.85427 0.271116
0.453417 0.795035
0.701945 0.508044
0.290489 0.916232
0.633671 0.599256
0.873396 0.23809
0.65197 0.575744
0.370133 0.863647
0.813563 0.338974
0.944929 0.108086
0.760122 0.42311
0.932789 0.130869
0.707202 0.500639
0.683596 0.533455
0.749497 0.439061
0.747826 0.441642
0.557217 0.690186
0.994077 0.0128366
0.778623 0.394575
0.716165 0.487966
0.913211 0.166993
0.769767 0.408281
0.589195 0.653545
0.298872 0.911238
0.657807 0.568029
0.717304 0.486257
0.561677 0.685198
0.463715 0.785596
0.634977 0.597529
0.826889 0.317124
0.705427 0.503146
0.674227 0.546169
0.534062 0.715441
0.969159 0.0617315
0.72019 0.482188
0.36004 0.870954
0.560252 0.686796
0.926513 0.142532
0.438941 0.807946
0.721945 0.479581
0.344889 0.881629
0.740586 0.452332
0.900782 0.18962
0.581066 0.663053
0.672458 0.548624
0.323267 0.896068
0.856495 0.26731
0.713171 0.492166
0.866221 0.250565
0.524925 0.725113
0.486515 0.763941
0.325344 0.894722
0.630342 0.603462
0.84082 0.293903
0.482685 0.767652
0.781466 0.390142
0.482118 0.768198
0.698733 0.512541
0.927318 0.141041
0.343798 0.882381
0.514117 0.736336
0.973704 0.0529059
0.841511 0.292741
0.401525 0.839377
0.40115 0.839678
0.906104 0.179915
0.901003 0.189223
0.95973 0.0800092
0.446546 0.801216
0.463307 0.785974
0.985346 0.0301099
0.300415 0.910314
0.987761 0.0253474
0.332628 0.889932
0.777538 0.396346
0.703165 0.50633
0.844097 0.288384
0.47439 0.775587
0.712382 0.493291
0.373765 0.860888
0.690415 0.524166
0.28147 0.921332
0.512982 0.737502
0.587733 0.655264
0.844655 0.287442
0.288153 0.917527
