152227 220.015
1 1.39544e-07
0.280775 1.02161
0.280775 0.962245
0.484666 0.767507
0.506466 0.746097
0.427943 0.820634
0.708828 0.500006
0.402041 0.842984
0.52748 0.740244
0.561687 0.694825
0.699145 0.513928
0.722459 0.481732
0.73974 0.456109
0.654867 0.573608
0.664589 0.561147
0.573295 0.673576
0.757227 0.429091
0.630654 0.626871
0.603026 0.644378
0.549877 0.70038
0.481939 0.77868
0.921922 0.15006
0.932771 0.129938
0.787202 0.402924
0.778317 0.425532
0.840988 0.292739
0.389447 0.850376
0.538016 0.718369
0.730262 0.470276
0.537891 0.72076
0.691198 0.525896
0.515068 0.743674
0.617425 0.630851
0.795535 0.370245
0.851203 0.278768
0.68602 0.53186
0.93934 0.11764
0.880733 0.225322
0.787882 0.382218
0.87418 0.237976
0.948624 0.112431
0.592726 0.655457
0.806341 0.359882
0.900561 0.193143
0.754529 0.453866
0.675721 0.555846
0.894393 0.21045
0.646582 0.584277
0.64148 0.597543
0.825933 0.321506
0.466651 0.784363
0.780073 0.411468
0.888593 0.224805
0.580446 0.665614
0.325267 0.898793
0.384685 0.870819
0.334153 0.890849
0.589825 0.658617
0.361655 0.876304
0.384848 0.862109
0.834206 0.311087
0.630757 0.604516
0.68057 0.544776
0.31654 0.902025
0.401948 0.848897
0.869537 0.247533
0.863139 0.258712
0.458699 0.796005
0.294369 0.919534
0.440046 0.810064
0.465486 0.785559
0.357025 0.879573
0.890936 0.210613
0.72933 0.478235
0.552848 0.696754
0.282756 0.921935
0.632365 0.603166
0.818916 0.340061
0.280775 0.943637
0.857641 0.272542
0.861245 0.260055
0.93464 0.126449
0.607359 0.633188
0.34371 0.88429
0.961673 0.0764641
0.448364 0.804693
0.373371 0.873955
0.33033 0.893292
0.643657 0.588796
0.820081 0.330804
0.757138 0.441947
0.457796 0.798525
0.449432 0.802729
0.910621 0.17077
0.373271 0.875173
0.280775 0.940192
0.577181 0.669504
0.949321 0.0987974
0.909467 0.176582
0.811735 0.341086
0.82208 0.324185
0.834374 0.307121
0.34864 0.880425
0.280782 0.925387
0.609689 0.63274
0.778731 0.420233
0.869973 0.243147
0.756201 0.447753
0.430174 0.817131
0.433834 0.8136
0.957347 0.0834871
0.304169 0.909614
0.838612 0.299982
0.806761 0.353359
0.298583 0.912575
0.970743 0.0576574
0.964476 0.0728855
0.791733 0.376232
0.677847 0.548675
0.914783 0.164743
0.968008 0.0658981
0.436928 0.811651
0.916322 0.161028
0.969549 0.0599755
0.973677 0.0519575
0.905099 0.180797
0.79205 0.375054
0.902671 0.185186
0.853213 0.275557
0.311632 0.904805
0.810626 0.35162
0.902096 0.189325
0.919815 0.153941
0.952914 0.0919562
0.839293 0.299506
0.308913 0.906394
0.346742 0.881845
0.306322 0.908703
0.294655 0.915293
0.854709 0.272585
0.95413 0.0896369
0.950893 0.0958036
0.811259 0.346971
0.918294 0.156736
0.904633 0.181639
0.678233 0.546414
0.965545 0.0687648
0.343972 0.883852
0.915324 0.164687
0.955678 0.0866806
0.811047 0.348433
0.311532 0.906035
0.918577 0.156217
0.297228 0.914221
0.965802 0.0672259
0.956801 0.0845328
0.984315 0.0311251
0.980764 0.0381046
0.979317 0.0409389
0.281054 0.922836
0.991483 0.0169617
0.95033 0.0968734
0.983046 0.0336201
0.29728 0.914144
0.990689 0.0185365
0.982264 0.0351578
0.98544 0.0289092
0.983575 0.0325814
0.981514 0.0366307
0.956092 0.0858885
0.986238 0.0273357
0.974346 0.0506504
0.988324 0.0232276
0.978657 0.0422325
0.988997 0.0218847
0.996785 0.00642111
0.977954 0.0436153
0.987703 0.0244428
0.976694 0.0460686
0.984767 0.0302347
0.994844 0.0102864
0.987077 0.0256791
0.986653 0.0265163
0.280784 0.923518
0.978437 0.0426613
0.99718 0.00567093
0.98862 0.0226409
0.996387 0.00727105
0.97625 0.0469417
0.993475 0.013008
0.994421 0.0111266
0.997471 0.0050612
0.993619 0.0127296
0.994072 0.0118208
0.977645 0.0442396
0.979806 0.0399802
0.991782 0.0163682
0.977352 0.0447846
0.992975 0.0140013
0.97604 0.047384
0.965712 0.0674095
0.950408 0.0967243
0.99206 0.0158174
0.989424 0.0210432
0.982012 0.0356518
0.974885 0.0496276
0.983327 0.0330684
0.974604 0.0501477
0.998315 0.00336827
0.999692 0.000616529
0.999259 0.00148256
0.990271 0.0193638
0.975682 0.0480449
0.996118 0.00774844
0.981728 0.0362164
0.998989 0.00207356
0.980341 0.0389377
0.985056 0.0296656
0.995154 0.00967107
0.979907 0.0397845
0.997768 0.0044601
0.998601 0.00279616
0.987396 0.025078
0.989541 0.0208093
0.999484 0.0010315
0.995872 0.00823867
0.992643 0.0146594
0.980279 0.0390602
0.975141 0.0491004
0.99045 0.0190093
0.986368 0.0270781
0.992327 0.0152874
0.95583 0.0863895
0.989938 0.0200222
0.989868 0.0201613
0.998083 0.00383151
0.985241 0.0293015
0.998775 0.00245075
0.995509 0.00896201
0.975307 0.0487756
0.975517 0.0483672
0.995686 0.00861288
0.976997 0.0454774
0.995315 0.00935326
0.977056 0.0453623
0.994212 0.0115437
0.992901 0.0141474
0.992469 0.015006
0.99793 0.00413615
0.987535 0.0247746
