1286667 500.01
0.280775 3.23934
0.723256 2.31426
0.626087 2.36716
0.543038 2.40511
0.625802 2.36841
0.543063 2.40368
0.625977 2.36719
0.542666 2.40735
0.626099 2.36613
0.409371 2.45324
0.409209 2.45392
0.79952 2.25897
0.827871 2.24276
0.485836 2.41766
0.752764 2.28707
0.950439 2.1541
0.280775 2.48178
0.827898 2.23791
0.983221 2.12768
0.903565 2.18557
0.903562 2.18696
0.381955 2.45438
0.999953 2.11258
0.966689 2.14095
0.485624 2.41852
0.581154 2.37425
0.280775 2.47889
0.847011 2.22445
0.557504 2.38727
0.960196 2.14231
0.99969 2.11376
0.94068 2.16075
0.96018 2.14551
0.58078 2.37738
0.812339 2.24724
0.999689 2.11419
0.784362 2.26654
0.381735 2.45709
0.960187 2.14354
0.916207 2.17727
0.580575 2.37821
0.969065 2.13718
0.985172 2.11463
0.637534 2.34986
0.975323 2.13154
0.916221 2.17533
0.637585 2.34767
0.9407 2.15882
0.812299 2.25148
0.957019 2.14654
0.877185 2.20588
0.381867 2.4545
0.975294 2.13298
0.580647 2.37793
0.812304 2.24749
0.280775 2.47931
