38646 130.024
1 0.000981525
0.280775 0.921695
0.302371 0.909108
0.900111 0.190689
0.920933 0.15279
0.542246 0.706604
0.972819 0.0545779
0.767321 0.411998
0.515678 0.734697
0.510732 0.739772
0.793449 0.371239
0.453053 0.795335
0.655971 0.570404
0.64521 0.5844
0.652253 0.575266
0.916119 0.161629
0.875407 0.23453
0.648936 0.57958
0.986041 0.028691
0.307214 0.906157
0.895983 0.198099
0.856929 0.266524
0.659391 0.565908
0.968142 0.0636513
0.752185 0.434987
0.822867 0.323713
0.374433 0.86036
0.69095 0.523313
0.471022 0.778738
0.997559 0.00585581
0.851632 0.27557
0.764436 0.416415
0.819918 0.328556
0.683245 0.533896
0.668083 0.554375
0.411691 0.831085
0.367893 0.865212
0.843163 0.289916
0.94114 0.115181
0.952098 0.0944443
0.55405 0.69367
0.964869 0.0699753
0.854588 0.270528
0.402364 0.838674
0.983679 0.0333422
0.931222 0.133742
0.507096 0.74347
0.926551 0.142415
0.776236 0.398244
0.703292 0.506115
0.90289 0.18568
0.364064 0.868013
0.334748 0.88849
0.533339 0.71618
0.483357 0.766971
0.878458 0.229181
0.418329 0.825577
0.728149 0.47055
0.755234 0.430392
0.606798 0.632468
0.993242 0.0144448
0.360177 0.870827
0.311867 0.903277
0.761481 0.420923
0.938315 0.120488
0.380386 0.855869
0.386233 0.851388
0.808861 0.346555
0.295833 0.913016
0.677887 0.541185
0.83736 0.299664
0.671486 0.549818
0.94955 0.0992875
0.331198 0.890853
0.870643 0.242844
0.327263 0.893442
0.786466 0.382266
0.461886 0.787257
0.962399 0.0747343
0.724786 0.475433
0.740598 0.452275
0.872468 0.239663
0.525211 0.724779
0.797962 0.364059
0.39864 0.841655
0.745752 0.444618
0.437248 0.809399
0.74261 0.449292
0.350773 0.877509
0.863782 0.254738
0.956397 0.0862443
0.892949 0.203524
0.680438 0.537722
0.947464 0.103243
0.801618 0.358215
0.994927 0.0110971
0.477329 0.77276
0.415142 0.828232
0.730401 0.467267
0.641805 0.58878
0.581635 0.662358
0.628294 0.605932
0.817249 0.332922
0.33914 0.885531
0.639773 0.591382
0.781973 0.389309
0.954568 0.0897386
0.317783 0.899555
0.706086 0.502178
0.466118 0.783331
0.69365 0.519577
0.479957 0.770245
0.715085 0.489395
0.989233 0.0223882
0.815163 0.336326
0.348375 0.879185
0.83041 0.311249
0.572334 0.673085
0.603466 0.636498
0.536863 0.71241
0.37202 0.86216
0.598464 0.642507
0.496315 0.754283
0.447516 0.800318
0.771577 0.405452
0.392547 0.846473
0.880495 0.225599
0.389127 0.849145
0.285445 0.919052
0.945093 0.107728
0.700279 0.51034
0.343999 0.882214
0.696024 0.516279
0.458318 0.790538
0.805899 0.351336
0.783764 0.386506
0.788851 0.37851
0.905165 0.18157
0.959009 0.0812447
0.395441 0.844194
0.911403 0.170243
0.828636 0.31419
0.565879 0.68043
0.500104 0.75051
0.943371 0.110978
0.719206 0.483488
0.886429 0.21512
0.976461 0.0474828
0.601442 0.638935
0.909535 0.173642
0.290947 0.915882
0.561247 0.685647
0.834317 0.304748
0.422421 0.822139
0.749022 0.439732
0.59209 0.650092
0.772481 0.404057
0.867655 0.248035
0.711663 0.494275
0.381808 0.854785
0.812638 0.340434
0.57863 0.665843
0.974441 0.0514224
0.62145 0.61448
0.427456 0.817862
0.66281 0.561389
0.456047 0.792614
0.687354 0.528267
0.83317 0.30666
0.913601 0.166233
0.882738 0.221647
0.407446 0.83456
0.86054 0.260326
0.933852 0.12884
0.698463 0.512879
0.614599 0.622944
0.322285 0.896674
0.840472 0.294444
0.923819 0.147468
0.443503 0.803892
0.315148 0.901221
0.778919 0.394073
0.884262 0.218955
0.529264 0.720508
0.557615 0.689709
0.71814 0.485018
0.613134 0.624742
0.563901 0.682662
0.665295 0.558091
0.519304 0.730947
0.523087 0.727005
0.674811 0.545345
0.550943 0.697102
0.491679 0.758861
0.811055 0.343003
0.936382 0.124109
0.686608 0.529291
0.733256 0.46309
0.960361 0.0786509
0.625114 0.609916
0.549448 0.698746
0.587798 0.655154
0.575287 0.669699
0.757683 0.426689
0.424111 0.820709
0.981172 0.0382655
0.433608 0.812567
0.88968 0.209348
0.617669 0.619164
0.759075 0.424579
0.406231 0.835548
0.589508 0.653142
0.798464 0.363259
0.967337 0.0652083
0.487496 0.762955
0.35556 0.87413
0.734368 0.461459
0.845871 0.285344
0.429615 0.816012
0.287804 0.9177
0.634084 0.598626
0.990281 0.0203153
0.59612 0.645306
0.594435 0.647312
0.722736 0.478399
0.440251 0.806765
0.54574 0.702805
0.737381 0.457027
0.630594 0.603037
0.860743 0.259975
0.323697 0.895762
0.530027 0.7197
0.825818 0.31885
0.341829 0.883701
0.50389 0.746711
0.636409 0.595674
0.491477 0.759059
0.569111 0.676763
0.464884 0.78448
0.486834 0.7636
0.894307 0.201099
0.88835 0.211713
0.713171 0.492127
0.624035 0.611262
0.839329 0.296364
0.294454 0.91383
0.846626 0.284067
0.74779 0.441576
0.922926 0.149117
0.610142 0.628401
