123851 300.037
1 0
0.280775 0.921165
0.557365 0.689344
0.915617 0.161646
0.940269 0.115895
0.369472 0.863491
0.589009 0.653068
0.582999 0.660112
0.967167 0.064588
0.641722 0.588193
0.636264 0.595168
0.877732 0.229587
0.47525 0.774138
0.398902 0.840877
0.840893 0.292899
0.704555 0.503602
0.797061 0.364694
0.699897 0.510144
0.683199 0.533239
0.667723 0.554146
0.919672 0.154204
0.355486 0.87363
0.80195 0.356877
0.678539 0.539585
0.374837 0.859497
0.911844 0.16854
0.735646 0.458825
0.493924 0.756039
0.759952 0.422472
0.810417 0.343224
0.948137 0.101036
0.873476 0.237039
0.727793 0.470318
0.792388 0.372121
0.763766 0.416661
0.856747 0.265985
0.782796 0.38723
0.616717 0.61966
0.671343 0.549299
0.619453 0.616277
0.881916 0.222223
0.45385 0.79402
0.389375 0.848387
0.979696 0.0401965
0.498635 0.751363
0.295017 0.912965
0.721018 0.480133
0.532669 0.716264
0.573422 0.671188
0.853331 0.271826
0.78571 0.38266
0.328691 0.891962
0.576624 0.667505
0.768647 0.409182
0.433104 0.812421
0.861272 0.258211
0.843191 0.289029
0.510445 0.739445
0.833312 0.305591
0.600577 0.639308
0.70758 0.499331
0.562767 0.683294
0.732139 0.463973
0.579979 0.663624
0.378865 0.856461
0.822305 0.323814
0.885928 0.215132
0.976916 0.0456356
0.409638 0.832197
0.960135 0.0781408
0.316933 0.899554
0.658814 0.565964
0.345476 0.880646
0.690042 0.523842
0.988829 0.0222171
0.836188 0.30079
0.36378 0.867664
0.697015 0.51417
0.404019 0.836769
0.779685 0.392091
0.592038 0.649491
0.97032 0.0584789
0.84874 0.279641
0.437171 0.808882
0.465191 0.783598
0.47127 0.777904
0.819782 0.327957
0.567866 0.677528
0.281475 0.920772
0.867455 0.247522
0.501288 0.748711
0.950277 0.0969744
0.595072 0.645889
0.288637 0.916688
0.7456 0.444081
0.743359 0.447418
0.385704 0.851233
0.825037 0.319314
0.526962 0.722311
0.30503 0.906957
0.521351 0.728193
0.944724 0.107497
0.943691 0.109448
0.547346 0.700412
0.513751 0.73606
0.80675 0.349155
0.310732 0.903446
0.382425 0.853751
0.921951 0.150007
0.428094 0.816736
0.32549 0.894057
0.748517 0.439723
0.710375 0.495367
0.717264 0.485532
0.766073 0.413132
0.851324 0.275247
0.889803 0.20825
0.597868 0.642553
0.461964 0.786589
0.869271 0.244367
0.859066 0.262005
0.468643 0.780373
0.936153 0.123617
0.552057 0.695233
0.93397 0.127699
0.569911 0.675202
0.794772 0.368337
0.648214 0.579818
0.963444 0.0717756
0.827165 0.315797
0.530584 0.718481
0.298099 0.911137
0.817287 0.332042
0.774935 0.399475
0.723306 0.476828
0.740279 0.451987
0.439972 0.806424
0.486187 0.763622
0.321515 0.896628
0.524492 0.724908
0.359598 0.870689
0.302115 0.908726
0.480626 0.768999
0.663344 0.559974
0.900013 0.189977
0.333755 0.888607
0.504987 0.744989
0.655094 0.570852
0.88038 0.224931
0.871951 0.239702
0.50688 0.743073
0.48105 0.768591
0.349828 0.87762
0.542559 0.70563
0.537577 0.711011
0.6943 0.517947
0.986558 0.0267029
0.563868 0.682053
0.72586 0.473127
0.339351 0.884841
0.612646 0.624665
0.974956 0.0494612
0.449716 0.797755
0.341524 0.883361
0.715942 0.487428
0.674234 0.545409
0.28924 0.91634
0.897951 0.193683
0.406073 0.835105
0.627585 0.606137
0.623477 0.611276
0.902109 0.186198
0.663771 0.559408
0.955938 0.0861826
0.457437 0.790751
0.692361 0.520636
0.675879 0.543187
0.78877 0.377842
0.982111 0.0354573
0.518413 0.731248
0.757395 0.426353
0.443257 0.803524
0.445058 0.801923
0.830462 0.310332
0.335278 0.887588
0.542088 0.706141
0.309595 0.904151
0.516538 0.733188
0.423288 0.820827
0.429786 0.815284
0.771732 0.404429
0.931279 0.13272
0.537959 0.7106
0.962999 0.0726335
0.752289 0.434061
0.750572 0.436642
0.803777 0.353942
0.548491 0.699157
0.991175 0.0175714
0.958239 0.0817771
0.393981 0.844779
0.894484 0.199899
0.650508 0.576839
0.607829 0.630544
0.925139 0.144117
0.68669 0.528456
0.973182 0.0529167
0.448324 0.799006
0.928319 0.138225
0.459023 0.789298
0.604206 0.634936
0.829595 0.311772
0.657516 0.567673
0.733467 0.462026
0.924121 0.146001
0.413357 0.829136
0.953069 0.0916588
0.63127 0.601499
0.864333 0.252928
0.420095 0.82352
0.393892 0.844849
0.907111 0.17715
0.864452 0.252722
0.846224 0.283906
0.628967 0.6044
0.928334 0.138196
0.983148 0.0334193
0.68618 0.529157
0.97178 0.055643
0.644866 0.584148
0.417553 0.82565
0.772447 0.403325
0.604489 0.634593
0.633467 0.59872
0.490746 0.759168
0.624349 0.610188
0.414213 0.828428
0.712836 0.491865
0.318691 0.898436
0.489956 0.759943
0.788471 0.378314
0.892617 0.203235
0.909523 0.172769
0.645313 0.583571
0.349206 0.878055
0.80558 0.351041
0.740436 0.451754
0.486874 0.762954
0.551729 0.695595
0.835806 0.301428
