99596 420.087
1 0
0.280775 0.921165
0.648999 0.5788
0.656668 0.568788
0.84191 0.291187
0.980489 0.0386412
0.478997 0.770562
0.472123 0.7771
0.953999 0.0898865
0.549319 0.698248
0.360089 0.870336
0.990718 0.0184787
0.55519 0.691764
0.58034 0.663206
0.733607 0.461821
0.871755 0.240043
0.663492 0.559778
0.353727 0.874877
0.410677 0.831344
0.867948 0.246666
0.679932 0.537693
0.684979 0.530804
0.534042 0.714799
0.974913 0.0495438
0.889744 0.208355
0.585055 0.657711
0.527968 0.72125
0.897717 0.194105
0.836761 0.299831
0.874646 0.234994
0.845717 0.284762
0.306393 0.906124
0.722113 0.478553
0.576748 0.667362
0.95898 0.0803577
0.753927 0.431594
0.757595 0.42605
0.825145 0.319135
0.698609 0.511945
0.364247 0.867324
0.388933 0.848731
0.737335 0.456337
0.396806 0.842545
0.817593 0.331542
0.482728 0.766974
0.858024 0.263794
0.906403 0.178433
0.640267 0.590058
0.588215 0.654003
0.860853 0.258933
0.729953 0.467169
0.449433 0.79801
0.394094 0.84469
0.637859 0.593137
0.301748 0.908948
0.855301 0.26846
0.900757 0.188638
0.963988 0.0707265
0.618173 0.617863
0.877971 0.229166
0.510879 0.739002
0.540202 0.708181
0.972119 0.0549849
0.31588 0.90022
0.288971 0.916496
0.668107 0.553633
0.43299 0.812519
0.810574 0.34297
0.464603 0.784144
0.71293 0.49173
0.909959 0.171974
0.615086 0.621669
0.808155 0.346886
0.689173 0.52504
0.724998 0.474378
0.402242 0.838201
0.546015 0.701867
0.887321 0.212662
0.744696 0.445428
0.893627 0.201431
0.282267 0.920326
0.600844 0.638986
0.572829 0.671867
0.493025 0.756927
0.790749 0.374716
0.782506 0.387685
0.446454 0.800678
0.536292 0.712391
0.921507 0.150825
0.717075 0.485803
0.626251 0.607809
0.848121 0.28069
0.820915 0.326099
0.852604 0.273067
0.45872 0.789576
0.422154 0.821786
0.502007 0.747988
0.436117 0.809802
0.591717 0.649871
0.496563 0.753425
0.787908 0.379202
0.416967 0.826138
0.881981 0.222109
0.925672 0.143132
0.407587 0.833873
0.338694 0.885287
0.49012 0.759782
0.961497 0.075523
0.542982 0.70517
0.801609 0.357423
0.442747 0.803975
0.718259 0.484105
0.929262 0.136472
0.968446 0.0621116
0.742084 0.449311
0.385853 0.851117
0.605816 0.632987
0.72764 0.47054
0.693031 0.519707
0.50544 0.74453
0.327408 0.892804
0.779604 0.392217
0.563378 0.682605
0.850531 0.276597
0.376075 0.858568
0.373384 0.860584
0.940185 0.116053
0.332784 0.889255
0.706857 0.500352
0.739758 0.452758
0.924795 0.144753
0.828575 0.313464
0.461339 0.787166
0.514824 0.734956
0.704617 0.503515
0.612149 0.625273
0.379936 0.855649
0.425736 0.818749
0.570688 0.674315
0.894593 0.199703
0.525823 0.72351
0.987774 0.0243016
0.911304 0.169525
0.633901 0.59817
0.507895 0.742043
0.627806 0.60586
0.966523 0.0658333
0.709493 0.49662
0.49924 0.75076
0.822496 0.3235
0.760381 0.421821
0.603356 0.635961
0.865212 0.251409
0.644274 0.584911
0.879935 0.225714
0.645021 0.583947
0.382316 0.853835
0.622119 0.612968
0.593956 0.647216
0.994179 0.011608
0.902963 0.184657
0.350102 0.877429
0.45393 0.793947
0.292725 0.914312
0.771929 0.404125
0.341771 0.883193
0.766336 0.412729
0.792985 0.371175
0.933659 0.128281
0.805353 0.351407
0.694543 0.517609
0.948052 0.101198
0.567628 0.677798
0.522584 0.726906
0.930088 0.134935
0.320044 0.897572
0.404047 0.836746
0.687358 0.527539
0.945506 0.106018
0.799335 0.361063
0.794859 0.368199
0.831953 0.307854
0.804103 0.353418
0.368685 0.864071
0.321723 0.896494
0.984634 0.0304953
0.904633 0.181639
0.834664 0.303335
0.631171 0.601623
0.428979 0.815977
0.597407 0.643105
0.31147 0.902987
0.454881 0.793083
0.608796 0.629367
0.518184 0.731485
0.93462 0.126485
0.558021 0.688612
0.673696 0.546134
0.56596 0.679689
0.520917 0.728646
0.419064 0.824385
0.763954 0.416374
0.676296 0.542624
0.621482 0.613761
0.813423 0.338342
0.660219 0.564111
0.672387 0.547895
0.747462 0.4413
0.770406 0.406475
0.677515 0.540973
0.369536 0.863443
0.784711 0.384229
0.296952 0.911819
0.486406 0.763409
0.701117 0.508435
0.702117 0.507032
0.560407 0.685944
0.751119 0.43582
0.711459 0.493826
0.937103 0.121837
0.785824 0.382481
0.863476 0.254409
0.297769 0.911333
0.913997 0.164609
0.344703 0.88118
0.776731 0.396689
0.334683 0.887987
0.884546 0.217579
0.439562 0.806785
0.468257 0.780735
0.468507 0.780501
0.943606 0.109608
0.815151 0.335528
0.596598 0.64407
0.66041 0.563859
0.884843 0.217053
0.31193 0.902699
0.610007 0.627892
0.48692 0.762909
0.951737 0.0941969
0.937589 0.120926
0.796831 0.36506
0.914193 0.164252
0.916657 0.15974
0.777788 0.395046
0.949434 0.098576
0.959692 0.0789906
0.325571 0.894004
0.670003 0.551097
0.516425 0.733305
