56898 240.047
1 0
0.280775 0.921165
0.623477 0.611276
0.509552 0.740357
0.908988 0.17374
0.368316 0.864343
0.786759 0.381011
0.30981 0.904018
0.374427 0.859805
0.490748 0.759166
0.781918 0.388604
0.89217 0.204032
0.503504 0.746483
0.665467 0.557154
0.942294 0.112082
0.617124 0.619158
0.821145 0.325722
0.88857 0.210443
0.74504 0.444915
0.629013 0.604343
0.91456 0.163581
0.48464 0.765125
0.877863 0.229356
0.958571 0.0811411
0.797666 0.363729
0.351492 0.876453
0.634832 0.596988
0.962591 0.0734179
0.431458 0.813844
0.302978 0.908204
0.461109 0.787378
0.426078 0.818457
0.835725 0.301563
0.553477 0.693664
0.477121 0.772356
0.939444 0.117444
0.818451 0.330138
0.945939 0.105199
0.741814 0.449712
0.856706 0.266055
0.519429 0.730193
0.576245 0.667941
0.566887 0.678639
0.603304 0.636025
0.580499 0.66302
0.644768 0.584274
0.466175 0.782681
0.405164 0.835842
0.695557 0.5162
0.544467 0.703556
0.650437 0.576932
0.983638 0.0324561
0.92095 0.15185
0.683992 0.532155
0.557859 0.688794
0.656306 0.569262
0.449451 0.797994
0.874429 0.235374
0.526385 0.722919
0.522969 0.726504
0.640248 0.590082
0.445722 0.801332
0.707205 0.499862
0.671177 0.549522
0.825409 0.3187
0.379599 0.855905
0.562846 0.683205
0.409744 0.83211
0.61243 0.62493
0.570103 0.674983
0.473615 0.775689
0.860276 0.259925
0.321421 0.896689
0.978471 0.0425936
0.832035 0.307717
0.653398 0.573071
0.77912 0.392972
0.95467 0.0886044
0.906691 0.177912
0.668399 0.553243
0.573275 0.671355
0.987286 0.0252654
0.660363 0.563921
0.58638 0.656159
0.631283 0.601482
0.843065 0.289241
0.494691 0.75528
0.74898 0.439029
0.537309 0.711299
0.458006 0.790231
0.607199 0.631309
0.646873 0.581555
0.529925 0.719179
0.592176 0.649328
0.583276 0.659789
0.808102 0.346971
0.793788 0.3699
0.768434 0.409509
0.500331 0.749669
0.589316 0.652707
0.727652 0.470522
0.330919 0.890493
0.812423 0.339969
0.549255 0.698319
0.715976 0.487378
0.845829 0.284573
0.931235 0.132801
0.60021 0.639748
0.681087 0.53612
0.719345 0.482543
0.815081 0.335644
0.437309 0.808761
0.63847 0.592355
0.362645 0.868488
0.595156 0.645789
0.678738 0.539314
0.514686 0.735099
0.753146 0.432771
0.692141 0.520941
0.385442 0.851435
0.609162 0.628921
0.401636 0.838689
0.418341 0.824991
0.327086 0.893015
0.880866 0.224074
0.497254 0.752738
0.990473 0.0189638
0.975637 0.0481317
0.854402 0.269997
0.77282 0.40275
0.863329 0.254663
0.434563 0.811155
0.597696 0.642759
0.356589 0.872844
0.956549 0.0850147
0.923036 0.148004
0.687346 0.527555
0.698472 0.512137
0.336994 0.886435
0.340765 0.883879
0.710425 0.495296
0.926676 0.141272
0.729211 0.468252
0.414846 0.827903
0.838124 0.297548
0.936677 0.122636
0.296682 0.91198
0.560396 0.685956
0.951841 0.093999
0.382107 0.853994
0.396059 0.843137
0.776618 0.396865
0.723999 0.475826
0.734946 0.459855
0.897551 0.194401
0.985901 0.0280001
0.300224 0.909866
0.334402 0.888175
0.895644 0.197821
0.615351 0.621343
0.316287 0.899963
0.393158 0.845427
0.750351 0.436974
0.398914 0.840867
0.866 0.250044
0.790141 0.375677
0.532574 0.716365
0.541042 0.707274
0.924933 0.144498
0.852446 0.273336
0.714168 0.489964
0.534803 0.713986
0.871488 0.240508
0.285626 0.918418
0.481561 0.768099
0.67594 0.543105
0.515384 0.73438
0.917679 0.157865
0.324212 0.894886
0.453243 0.794571
0.347342 0.879353
0.732083 0.464054
0.423022 0.821052
0.721084 0.480038
0.412599 0.829762
0.980728 0.0381726
0.470182 0.778929
0.29381 0.913676
0.659777 0.564695
0.774912 0.399511
0.315054 0.900741
0.454454 0.793471
0.759924 0.422515
0.902681 0.185167
0.757309 0.426482
0.388574 0.84901
0.442046 0.804595
0.343321 0.882131
0.765688 0.413723
0.704471 0.503721
0.440988 0.805529
0.711788 0.493358
0.550385 0.697077
0.973437 0.0524211
0.88558 0.215749
0.290961 0.915342
0.737499 0.456096
0.420996 0.822763
0.700209 0.509708
0.36145 0.869354
0.882685 0.220868
0.806398 0.349722
0.357776 0.871996
0.840852 0.292968
0.390438 0.847558
0.803543 0.354319
0.904155 0.182503
0.967109 0.0646995
0.935613 0.124628
0.690571 0.523112
0.861797 0.257305
0.800429 0.359314
0.96478 0.0691991
0.868849 0.245102
0.800845 0.358647
0.738658 0.454385
0.915318 0.162193
0.872505 0.238735
0.674495 0.545056
0.468804 0.780223
0.850588 0.2765
0.885286 0.216268
0.828088 0.31427
0.762896 0.41799
0.755145 0.429756
0.900324 0.189416
0.688684 0.525714
0.792668 0.371678
0.702141 0.506998
0.899893 0.190192
0.950912 0.0957663
0.971402 0.0563787
0.761001 0.420877
0.804106 0.353413
0.542153 0.70607
0.949201 0.099018
0.839824 0.294695
0.96765 0.0636529
0.99786 0.00427555
0.723291 0.476851
