183502 580.103
1 0
0.280775 0.921165
0.856132 0.267038
0.424191 0.820062
0.364479 0.867155
0.431067 0.814181
0.557302 0.689414
0.355908 0.873329
0.861229 0.258284
0.850982 0.27583
0.984772 0.0302243
0.501404 0.748594
0.312934 0.902072
0.495632 0.754349
0.878549 0.228151
0.995457 0.00906485
0.980241 0.039128
0.958758 0.0807823
0.700299 0.509581
0.639012 0.591664
0.454472 0.793455
0.833542 0.305207
0.525919 0.723409
0.765743 0.413638
0.539781 0.708636
0.635194 0.596528
0.375981 0.858638
0.809566 0.344604
0.82349 0.321864
0.300648 0.909611
0.459606 0.788762
0.696351 0.515095
0.805836 0.350628
0.446238 0.800872
0.295057 0.912942
0.896281 0.196681
0.450714 0.796857
0.417815 0.82543
0.768739 0.409041
0.73674 0.457215
0.887619 0.212132
0.326385 0.893473
0.562512 0.68358
0.530896 0.718149
0.820331 0.327057
0.786503 0.381413
0.435667 0.810194
0.685208 0.53049
0.866748 0.248749
0.874032 0.236068
0.933837 0.127949
0.863693 0.254035
0.68161 0.535408
0.906703 0.177889
0.645332 0.583546
0.955005 0.0879649
0.642829 0.586771
0.394736 0.844183
0.754245 0.431114
0.657719 0.567406
0.703708 0.504795
0.762002 0.419354
0.383569 0.852875
0.404964 0.836004
0.612955 0.624287
0.966504 0.0658701
0.442413 0.804271
0.674191 0.545467
0.826568 0.316785
0.305868 0.906445
0.387388 0.84993
0.379589 0.855912
0.790809 0.374622
0.534465 0.714347
0.732714 0.46313
0.772085 0.403885
0.594743 0.64628
0.567922 0.677465
0.334197 0.888313
0.747125 0.441804
0.59153 0.650093
0.622074 0.613024
0.61895 0.616901
0.409471 0.832333
0.370525 0.862711
0.329926 0.891149
0.391107 0.847035
0.616026 0.620511
0.744305 0.44601
0.649209 0.578528
0.291025 0.915304
0.627867 0.605783
0.969569 0.0599351
0.469834 0.779256
0.836381 0.300467
0.662969 0.560473
0.624987 0.609391
0.547688 0.700038
0.438996 0.807283
0.706265 0.50119
0.92983 0.135416
0.488627 0.761243
0.478056 0.771462
0.848632 0.279824
0.927623 0.139516
0.921912 0.150079
0.84402 0.287631
0.991314 0.0172961
0.586404 0.65613
0.948107 0.101094
0.777811 0.39501
0.84619 0.283963
0.542398 0.705804
0.660486 0.563758
0.597741 0.642706
0.582919 0.660206
0.522705 0.72678
0.892689 0.203107
0.552337 0.694924
0.481167 0.768478
0.719823 0.481854
0.462768 0.785846
0.760032 0.422351
0.412196 0.830094
0.817631 0.331479
0.320904 0.89702
0.564444 0.681403
0.709081 0.497204
0.916533 0.159968
0.717794 0.484772
0.780292 0.391144
0.782352 0.387925
0.520079 0.729518
0.711092 0.494348
0.31667 0.89972
0.899904 0.190172
0.838572 0.296797
0.398936 0.84085
0.588552 0.653606
0.932198 0.131006
0.666145 0.556251
0.677123 0.541505
0.54557 0.702353
0.903751 0.183235
0.884335 0.217952
0.504825 0.745152
0.750742 0.436386
0.799794 0.360329
0.80332 0.354677
0.368491 0.864214
0.34379 0.881809
0.729431 0.467931
0.902659 0.185206
0.415724 0.827174
0.678954 0.539022
0.784822 0.384055
0.339817 0.884525
0.93751 0.121075
0.474757 0.774606
0.890106 0.207712
0.829818 0.311402
0.651141 0.576015
0.570789 0.6742
0.739127 0.453691
0.286553 0.917887
0.99008 0.0197423
0.951634 0.0943919
0.579171 0.664561
0.925389 0.143655
0.605268 0.63365
0.796158 0.366133
0.572713 0.672
0.794002 0.369561
0.950026 0.097451
0.89854 0.192627
0.551699 0.695628
0.631782 0.600851
0.609126 0.628966
0.667788 0.554059
0.509356 0.740556
0.964682 0.0693878
0.337772 0.88591
0.472779 0.77648
0.923966 0.146286
0.352388 0.875822
0.941327 0.113903
0.715068 0.488678
0.713801 0.490488
0.953639 0.0905728
0.601735 0.637915
0.976378 0.0466861
0.517188 0.732517
0.880761 0.22426
0.987686 0.0244759
0.485335 0.76445
0.654306 0.571884
0.506818 0.743135
0.775433 0.398704
0.72637 0.472387
0.910105 0.171708
0.671191 0.549502
0.749813 0.43778
0.914591 0.163524
0.723041 0.477211
0.630851 0.602027
0.912806 0.166786
0.841524 0.291837
0.60024 0.639712
0.945681 0.105687
0.304765 0.907118
0.757285 0.426519
0.60969 0.628278
0.515512 0.734247
0.986864 0.0260992
0.774174 0.400654
0.693541 0.519001
0.484003 0.765741
0.741719 0.449852
0.466087 0.782763
0.345964 0.880309
0.961216 0.0760631
0.99749 0.00501343
0.58085 0.662613
0.791883 0.372921
0.576139 0.668064
0.513072 0.736757
0.731153 0.465415
0.492398 0.757544
0.670354 0.550626
0.813779 0.337764
0.828779 0.313126
0.97169 0.0558177
0.348473 0.878567
0.973868 0.0515804
0.604557 0.634511
0.688039 0.526602
0.909078 0.173577
0.722691 0.477717
0.840672 0.293271
0.401872 0.838499
0.511605 0.73826
0.491698 0.758233
0.88201 0.222058
0.756536 0.427653
0.918749 0.1559
0.872995 0.237881
0.801611 0.35742
0.726783 0.471786
0.533248 0.715646
0.869344 0.24424
