3134 10.0033
1 0.00112399
0.280775 0.921804
0.690752 0.523778
0.883289 0.220855
0.724322 0.476214
0.595732 0.645864
0.536365 0.713111
0.378061 0.857746
0.706807 0.501354
0.729449 0.468854
0.36413 0.868264
0.505996 0.744674
0.589477 0.653353
0.814469 0.337671
0.328961 0.892441
0.54607 0.702613
0.85978 0.261858
0.69567 0.516877
0.55043 0.697798
0.848659 0.280744
0.98119 0.038429
0.756821 0.428198
0.993623 0.0138306
0.751031 0.436878
0.662409 0.562022
0.495117 0.755559
0.607871 0.631342
0.818018 0.331882
0.923794 0.147646
0.826327 0.318129
0.333131 0.889713
0.455042 0.793615
0.931533 0.133351
0.633545 0.599489
0.948897 0.100773
0.358857 0.871856
0.371894 0.862335
0.385597 0.852027
0.288223 0.9176
0.712867 0.492714
0.709928 0.496847
0.513192 0.737418
0.926633 0.142395
0.702506 0.507325
0.778659 0.39464
0.959115 0.0812352
0.760304 0.422825
0.839723 0.295823
0.654529 0.572395
0.754127 0.432175
0.798805 0.36288
0.715991 0.488207
0.604439 0.635421
0.745365 0.445306
0.469553 0.780206
0.611254 0.62714
0.909573 0.17381
0.886784 0.214617
0.658976 0.56664
0.687335 0.528398
0.805769 0.351663
0.74796 0.441432
0.795909 0.367447
0.592714 0.649528
0.650113 0.578195
0.770565 0.407173
0.381759 0.854904
0.308398 0.905539
0.614184 0.623552
0.929037 0.137994
0.539617 0.709578
0.32195 0.896969
0.303429 0.908578
0.542835 0.706097
0.973815 0.0527789
0.53099 0.718845
0.829363 0.313106
0.396409 0.843545
0.906909 0.178595
0.991104 0.0188861
0.809533 0.345587
0.76256 0.419391
0.789045 0.378368
0.781533 0.390159
0.34759 0.879811
0.489003 0.761573
0.35143 0.877194
0.292974 0.914809
0.525178 0.724906
0.499774 0.750928
0.9712 0.0578636
0.801519 0.358539
0.521895 0.728341
0.938476 0.120376
0.875686 0.234271
0.680239 0.538098
0.898128 0.194381
0.965324 0.0692935
0.62936 0.604772
0.975935 0.0487065
0.600899 0.639686
0.617385 0.619654
0.57197 0.673636
0.740074 0.45316
0.983951 0.0330061
0.996385 0.00839733
0.700716 0.509834
0.641602 0.589182
0.895999 0.198303
0.473274 0.776736
0.821694 0.325761
0.323668 0.895893
0.697424 0.51448
0.862595 0.256963
0.836766 0.300877
0.793406 0.371517
0.516743 0.733727
0.879787 0.226972
0.560241 0.686869
0.315705 0.900981
0.343901 0.88236
0.485321 0.765195
0.440205 0.80696
0.934329 0.128082
0.869414 0.245106
0.451395 0.796955
0.585149 0.658396
0.946978 0.104298
0.775802 0.399079
0.665516 0.557943
0.935729 0.125466
0.786029 0.383116
0.852184 0.274753
0.767648 0.411658
0.466093 0.783441
0.967321 0.0654354
0.669917 0.55211
0.638995 0.592559
0.425764 0.819389
0.463793 0.78565
0.956574 0.0860991
0.422124 0.822509
0.557159 0.69031
0.955138 0.0888433
0.31153 0.903599
0.989024 0.022943
0.736456 0.458546
0.878885 0.228557
0.337607 0.886648
0.969328 0.0616059
0.432959 0.813214
0.672325 0.548879
0.791244 0.374847
0.803853 0.354795
0.684825 0.531926
0.478747 0.771529
0.389847 0.848734
0.576575 0.668351
0.408211 0.834019
0.443754 0.803791
0.475678 0.77442
0.919939 0.154858
0.868002 0.24766
0.921243 0.152405
0.402484 0.838727
0.961613 0.0763812
0.449034 0.799113
0.682738 0.534779
0.405997 0.835856
0.518963 0.731465
0.952206 0.0943757
0.942144 0.113482
0.9629 0.0739637
0.509618 0.740998
0.368317 0.865047
0.98722 0.0265057
0.721776 0.47994
0.912009 0.169269
0.940312 0.11693
0.569446 0.67673
0.890037 0.208841
0.835163 0.303458
0.893707 0.202353
0.667433 0.555429
0.648563 0.580164
0.567194 0.67911
0.656361 0.570077
0.445832 0.801944
0.677299 0.542129
0.300344 0.91047
0.865382 0.252098
0.89224 0.204971
0.575051 0.670065
0.903711 0.184433
0.413261 0.829874
0.645646 0.583937
0.917317 0.159565
0.528206 0.721756
0.71878 0.484252
0.809308 0.346046
0.733107 0.463419
0.742185 0.450033
0.553553 0.694353
0.823609 0.322612
0.832873 0.307373
0.584097 0.659624
0.564595 0.681974
0.853489 0.27258
0.985412 0.0300705
0.411845 0.831109
0.843192 0.289989
0.562715 0.684091
0.430064 0.815711
0.644287 0.58569
0.815882 0.335272
0.842223 0.291721
0.623431 0.612156
0.831523 0.309619
0.626685 0.608091
0.496522 0.754166
0.580094 0.664282
0.73157 0.465714
0.392365 0.846698
0.435916 0.810682
0.419791 0.824437
0.888498 0.211681
0.904711 0.182626
0.874153 0.236849
0.459075 0.789967
0.773084 0.403239
0.58075 0.663521
0.9133 0.166915
0.978555 0.0435304
0.765648 0.414722
0.856615 0.267185
0.284137 0.919906
0.90111 0.189074
0.674662 0.545693
0.856585 0.267338
0.482717 0.767714
0.944717 0.108573
0.61986 0.616551
0.952635 0.0936703
0.460332 0.788775
0.437627 0.809221
0.428088 0.817406
0.735514 0.459885
0.845743 0.285683
0.900605 0.189983
0.872348 0.239999
