21236 90.013
1 0
0.280775 0.921165
0.804577 0.352656
0.715169 0.488534
0.551702 0.695625
0.650816 0.576439
0.71966 0.482089
0.644455 0.584678
0.484933 0.76484
0.457593 0.790608
0.339507 0.884735
0.538602 0.709908
0.380167 0.855473
0.757906 0.425578
0.362833 0.868352
0.710216 0.495593
0.546669 0.701153
0.322099 0.896252
0.450172 0.797345
0.608383 0.62987
0.618583 0.617355
0.444657 0.80228
0.508079 0.741856
0.372238 0.861439
0.332475 0.889461
0.744129 0.446272
0.317055 0.899476
0.493127 0.756826
0.463807 0.784883
0.584672 0.658158
0.303695 0.907769
0.488059 0.761799
0.532314 0.716642
0.807989 0.347154
0.877203 0.230515
0.740229 0.452061
0.798787 0.36194
0.405028 0.835952
0.964189 0.0703388
0.478182 0.771342
0.73394 0.461332
0.979088 0.041387
0.437446 0.808641
0.843891 0.287848
0.858896 0.262298
0.822257 0.323894
0.89001 0.207883
0.613836 0.623205
0.411446 0.830712
0.58078 0.662694
0.671457 0.549145
0.737517 0.456068
0.766876 0.411901
0.396307 0.84294
0.603493 0.635796
0.957647 0.0829118
0.810927 0.342397
0.312124 0.902578
0.905903 0.17934
0.35553 0.873598
0.698605 0.511951
0.769732 0.407512
0.668222 0.55348
0.682401 0.534329
0.570983 0.673978
0.297894 0.911259
0.502989 0.747002
0.453953 0.793927
0.476864 0.7726
0.868698 0.245363
0.68616 0.529185
0.723634 0.476353
0.761892 0.41952
0.574382 0.670085
0.922125 0.149686
0.679942 0.537678
0.903112 0.184389
0.702293 0.506784
0.567604 0.677825
0.511527 0.73834
0.621772 0.6134
0.441099 0.805432
0.577535 0.666453
0.626701 0.607246
0.385445 0.851432
0.707542 0.499385
0.688425 0.526071
0.871297 0.240841
0.946689 0.103779
0.794887 0.368155
0.79045 0.375189
0.556963 0.689792
0.933774 0.128067
0.898003 0.19359
0.588427 0.653754
0.633323 0.598902
0.665148 0.557578
0.915318 0.162193
0.924898 0.144564
0.470912 0.778242
0.432802 0.812683
0.560971 0.685311
0.949746 0.097982
0.327614 0.892669
0.778036 0.39466
0.662595 0.560968
0.42533 0.819094
0.704475 0.503715
0.813834 0.337675
0.763598 0.416918
0.918735 0.155926
0.856224 0.26688
0.895418 0.198227
0.75165 0.435023
0.961743 0.0750501
0.850292 0.277003
0.3435 0.882008
0.942394 0.111893
0.987927 0.0240003
0.691905 0.521268
0.824846 0.319629
0.826924 0.316196
0.780863 0.390253
0.611593 0.625954
0.931965 0.131442
0.944958 0.107054
0.696119 0.515418
0.399516 0.840387
0.818782 0.329597
0.676384 0.542505
0.986023 0.0277592
0.787288 0.380178
0.976266 0.0469043
0.422099 0.821832
0.8295 0.311929
0.887089 0.213074
0.959851 0.0786856
0.391238 0.846933
0.596077 0.644692
0.674849 0.544579
0.747197 0.441697
0.659671 0.564834
0.524731 0.724658
0.784943 0.383864
0.831417 0.308745
0.636895 0.594365
0.514882 0.734896
0.926785 0.14107
0.624768 0.609665
0.657626 0.567528
0.748792 0.439311
0.521571 0.727964
0.289348 0.916277
0.413364 0.82913
0.883269 0.219836
0.730956 0.465704
0.417299 0.825862
0.527092 0.722174
0.390007 0.847894
0.880538 0.224652
0.967399 0.0641397
0.983809 0.0321205
0.939463 0.117409
0.885721 0.215499
0.78284 0.387161
0.42877 0.816157
0.40278 0.837768
0.754497 0.430734
0.693567 0.518964
0.815747 0.334557
0.543103 0.705039
0.630911 0.601951
0.846956 0.282665
0.496483 0.753505
0.346533 0.879915
0.954519 0.0888933
0.35046 0.877178
0.590721 0.651049
0.727174 0.471218
0.86214 0.256714
0.382457 0.853726
0.642056 0.587764
0.51941 0.730213
0.466117 0.782735
0.89288 0.202765
0.500924 0.749075
0.919809 0.153951
0.653603 0.572803
0.874489 0.235268
0.292628 0.914369
0.516969 0.732743
0.654897 0.57111
0.72947 0.467874
0.840951 0.292801
0.954226 0.0894535
0.419108 0.824348
0.772739 0.402874
0.840412 0.293708
0.837518 0.298564
0.354539 0.874302
0.981793 0.0360824
0.847619 0.281542
0.294977 0.912988
0.936725 0.122546
0.912303 0.167704
0.640292 0.590026
0.795752 0.366778
0.990242 0.0194211
0.86598 0.250079
0.725518 0.473624
0.873732 0.236592
0.558015 0.688619
0.951293 0.0950407
0.285984 0.918213
0.834428 0.30373
0.329555 0.891394
0.468628 0.780388
0.601523 0.63817
0.914035 0.164539
0.940598 0.115276
0.836988 0.299451
0.92944 0.136142
0.789617 0.376505
0.972367 0.0545032
0.86343 0.254488
0.598212 0.642143
0.852276 0.273626
0.833787 0.3048
0.817653 0.331443
0.854234 0.270284
0.908537 0.174561
0.900788 0.188582
0.798269 0.362767
0.638254 0.592632
0.969905 0.0592849
0.936887 0.122242
0.430718 0.814482
0.564486 0.681356
0.529914 0.719191
0.307773 0.905276
0.900254 0.189543
0.564031 0.681869
0.36885 0.863949
0.308225 0.904997
0.910883 0.170293
0.599703 0.640356
0.592971 0.648386
0.541423 0.706861
0.753791 0.4318
0.893469 0.201713
