1142558 500.01
0.280775 3.1334
0.280775 3.3499
0.512569 2.69156
0.280775 2.757
0.280775 2.75041
0.624946 2.5998
0.977581 2.39537
0.855804 2.47464
0.855706 2.47596
0.280775 2.71429
0.816272 2.48697
0.904134 2.44317
0.280775 2.71319
0.950309 2.41332
0.985125 2.38821
0.946724 2.41519
0.664902 2.57967
0.904132 2.44345
0.816268 2.49814
0.855726 2.47539
0.996809 2.38001
0.973944 2.39573
0.946673 2.41521
0.948999 2.41367
0.630758 2.5973
0.652691 2.58692
0.280775 2.71289
0.786346 2.51495
0.81288 2.50067
0.855809 2.47424
0.812882 2.50038
0.99965 2.37616
0.9387 2.4191
0.812855 2.50113
0.630758 2.59623
0.904119 2.4435
0.885533 2.45504
0.630757 2.59772
0.996405 2.38005
0.988077 2.38662
0.999119 2.37686
0.98103 2.39151
0.929267 2.42637
0.981032 2.3904
0.885509 2.45607
0.990463 2.38447
0.980314 2.39213
0.280775 2.71337
0.972798 2.39604
0.664841 2.58052
0.885591 2.45459
0.988075 2.38682
0.816255 2.49879
0.624143 2.59981
0.988079 2.38572
0.992052 2.3843
0.630757 2.59731
0.280775 2.71255
0.99802 2.37819
0.664851 2.58045
0.664877 2.58023
0.950484 2.41238
0.749429 2.53724
0.280775 2.71309
0.938605 2.42038
0.896961 2.44719
0.996888 2.37935
0.980309 2.39244
0.885527 2.45528
0.74935 2.53734
0.786396 2.51464
0.664809 2.58096
0.879899 2.45863
