10043 30.0074
1 0.0148036
0.280776 0.929775
0.484526 0.775761
0.731893 0.47784
0.425151 0.830168
0.418734 0.834253
0.48013 0.781698
0.812297 0.353792
0.736366 0.471507
0.394934 0.853961
0.721125 0.497619
0.809157 0.359981
0.476024 0.784412
0.972172 0.0719866
0.76289 0.4323
0.652536 0.587534
0.937843 0.139718
0.909815 0.188482
0.462904 0.796155
0.72906 0.482517
0.503481 0.757849
0.630839 0.614308
0.898498 0.207822
0.536499 0.723109
0.389145 0.858719
0.680524 0.553882
0.90139 0.202366
0.54827 0.712786
0.682524 0.547527
0.946191 0.120838
0.883981 0.235198
0.78161 0.402348
0.715882 0.499905
0.934365 0.144441
0.543483 0.715881
0.648727 0.591808
0.328409 0.901738
0.348553 0.887929
0.567234 0.692181
0.675594 0.555947
0.995578 0.0248365
0.975096 0.0664839
0.59448 0.661957
0.437968 0.818941
0.692693 0.53306
0.507122 0.753164
0.689424 0.537104
0.459306 0.800409
0.323851 0.904669
0.906206 0.193452
0.319653 0.907146
0.963321 0.0895108
0.533694 0.728547
0.713927 0.505546
0.573101 0.684092
0.778393 0.407444
0.634363 0.610724
0.562138 0.694611
0.948523 0.116474
0.95429 0.104716
0.617767 0.631902
0.540562 0.720036
0.891127 0.221264
0.835396 0.317414
0.655238 0.582147
0.672344 0.560457
0.722683 0.490066
0.757519 0.440043
0.770556 0.420041
0.744528 0.459956
0.415541 0.837703
0.725921 0.487891
0.998453 0.0193082
0.466658 0.792013
0.456227 0.80428
0.569715 0.687265
0.986001 0.045037
0.316301 0.911601
0.982834 0.0501978
0.923247 0.166852
0.576398 0.679328
0.550915 0.708156
0.748306 0.452565
0.827606 0.330189
0.774483 0.416909
0.695704 0.528227
0.332252 0.89834
0.929942 0.153581
0.858122 0.278706
0.93973 0.133426
0.362238 0.877671
0.860597 0.273933
0.643868 0.599739
0.441978 0.814842
0.886112 0.22941
0.87472 0.251688
0.904291 0.197996
0.44471 0.812287
0.380523 0.866815
0.521727 0.73912
0.815534 0.348746
0.304664 0.917378
0.29234 0.92412
0.406685 0.845281
0.740978 0.464974
0.993882 0.0304573
0.494736 0.768144
0.965622 0.0840708
0.75205 0.447918
0.449118 0.808906
0.754431 0.445492
0.822432 0.337982
0.960072 0.093518
0.931343 0.148515
0.639466 0.60319
0.896235 0.213171
0.893999 0.216757
0.759852 0.436585
0.832225 0.322362
0.888424 0.225648
0.589542 0.663448
0.376302 0.868786
0.77619 0.411856
0.554972 0.705889
0.344721 0.890665
0.877167 0.247576
0.825297 0.334476
0.500318 0.762045
0.705399 0.515158
0.373239 0.872039
0.766205 0.426608
0.79955 0.377377
0.353847 0.885269
0.667829 0.56643
0.620479 0.62731
0.942723 0.126208
0.847819 0.2966
0.646319 0.596672
0.638023 0.607052
0.296711 0.921155
0.311632 0.912468
0.288762 0.926026
0.428469 0.826574
0.383207 0.862557
0.628277 0.620448
0.285179 0.928995
0.300219 0.920137
0.969376 0.0772892
0.881593 0.240766
0.991503 0.0345561
0.918223 0.172859
0.785528 0.399433
0.307615 0.914555
0.698231 0.524775
0.830204 0.32536
0.819468 0.341889
0.452825 0.807762
0.853696 0.286289
0.795179 0.380658
0.914655 0.181071
0.981497 0.0547776
0.434137 0.821744
0.871679 0.255761
0.912406 0.183507
0.524143 0.735562
0.612389 0.638554
0.613815 0.634973
0.608568 0.641837
0.559363 0.698522
0.518994 0.744022
0.597491 0.656659
0.791482 0.38787
0.358923 0.881519
0.863064 0.269748
0.865069 0.26628
0.925872 0.157723
0.867878 0.262531
0.510821 0.750367
0.837268 0.312802
0.789415 0.391463
0.855757 0.283085
0.497095 0.764095
0.600966 0.650629
0.603556 0.646965
0.336462 0.896661
0.557191 0.701717
0.586795 0.666688
0.78796 0.396617
0.471018 0.788317
0.489116 0.772527
0.917353 0.176191
0.701101 0.521339
0.952037 0.11203
0.806431 0.364641
0.584392 0.669839
0.977498 0.0618034
0.878466 0.242055
0.365854 0.875069
0.368821 0.873611
0.739342 0.468288
0.921526 0.167656
0.664054 0.571427
0.6613 0.57794
0.623168 0.624549
0.529609 0.730849
0.746421 0.456149
0.843215 0.302843
0.710079 0.509018
0.978741 0.0585984
0.767885 0.424315
0.845442 0.300735
0.709195 0.511647
0.39809 0.851561
0.431773 0.824637
0.659237 0.580093
0.794688 0.384813
0.95739 0.0988432
0.818925 0.347218
0.513243 0.747687
0.669641 0.564236
0.528107 0.733668
0.703113 0.518261
0.86966 0.258822
0.40281 0.847215
0.967737 0.080235
0.490551 0.770666
0.605833 0.643691
0.802872 0.370643
0.387337 0.861535
0.84132 0.307663
0.989567 0.0388156
0.942148 0.129918
0.516643 0.74603
0.800702 0.373357
0.686458 0.541842
0.579522 0.676807
0.850508 0.290045
0.987921 0.0411415
0.411111 0.840289
0.685459 0.543004
0.410256 0.841726
0.62533 0.621218
0.804716 0.367035
0.342122 0.894161
0.598915 0.654238
0.401207 0.849898
0.839406 0.309276
0.355885 0.882942
0.952337 0.10862
0.663689 0.573479
