49108 150.034
0.999997 0.0037901
0.280775 0.94338
0.693931 0.521774
0.280775 0.923227
0.780395 0.394131
0.911127 0.173909
0.773618 0.404887
0.701629 0.510941
0.823053 0.326362
0.828878 0.316578
0.905954 0.183274
0.734533 0.463633
0.597004 0.647181
0.614824 0.625019
0.690803 0.527042
0.739611 0.456175
0.442707 0.806605
0.570984 0.676915
0.793249 0.374292
0.87654 0.235825
0.686365 0.532859
0.767472 0.414035
0.72378 0.479348
0.635225 0.599343
0.886746 0.217266
0.603614 0.638879
0.889776 0.211959
0.356106 0.875491
0.815928 0.337701
0.365122 0.869254
0.583697 0.662818
0.804911 0.355846
0.851415 0.27875
0.36059 0.872399
0.872239 0.242814
0.983468 0.037226
0.914335 0.167544
0.292113 0.916828
0.643656 0.588461
0.475396 0.777378
0.754966 0.433329
0.892759 0.206562
0.656546 0.571787
0.369497 0.865778
0.308002 0.907432
0.574689 0.672505
0.715566 0.491078
0.56687 0.682626
0.672332 0.5508
0.771103 0.408649
0.992671 0.0189411
0.351835 0.879399
0.790199 0.381198
0.53112 0.721406
0.945482 0.110218
0.967318 0.0686696
0.813596 0.341637
0.60974 0.632353
0.8837 0.222984
0.848684 0.283436
0.989907 0.0244157
0.706575 0.503807
0.64759 0.584517
0.343847 0.884809
0.842147 0.294329
0.916823 0.163696
0.712112 0.496227
0.392474 0.848869
0.980623 0.0422931
0.958364 0.0868807
0.865997 0.253431
0.92797 0.142776
0.422243 0.824402
0.632334 0.603227
0.659737 0.567886
0.448736 0.801571
0.347633 0.88156
0.965135 0.0736391
0.665172 0.56052
0.540798 0.710949
0.809794 0.347969
0.471267 0.780496
0.396641 0.845775
0.731763 0.467846
0.425958 0.82113
0.901264 0.191702
0.507395 0.745112
0.550203 0.700078
0.312785 0.90437
0.836946 0.302728
0.746717 0.445724
0.764375 0.419537
0.932449 0.135598
0.67643 0.545635
0.751762 0.438178
0.799759 0.363983
0.839569 0.299105
0.879032 0.231468
0.762519 0.422837
0.303788 0.910019
0.296753 0.91436
0.536979 0.715226
0.432627 0.815393
0.942712 0.115339
0.924657 0.149141
0.378042 0.859338
0.591815 0.652441
0.803541 0.357885
0.511328 0.741247
0.399706 0.842609
0.709578 0.499425
0.720318 0.485241
0.418432 0.827379
0.526929 0.724909
0.934536 0.130678
0.520128 0.733037
0.796401 0.369036
0.91994 0.158632
0.330391 0.893381
0.962384 0.0780534
0.881688 0.227376
0.489081 0.763303
0.903649 0.187134
0.415207 0.829949
0.955375 0.0915861
0.662761 0.56401
0.429402 0.818173
0.463466 0.787796
0.830867 0.313082
0.727351 0.4751
0.978438 0.0467686
0.749555 0.441518
0.554147 0.695787
0.318861 0.900529
0.653005 0.576601
0.960646 0.0823693
0.436396 0.812297
0.948026 0.105375
0.55608 0.693622
0.499898 0.752749
0.439564 0.810394
0.787454 0.383823
0.51649 0.735775
0.534498 0.717757
0.629044 0.607253
0.949746 0.101749
0.325873 0.896088
0.819769 0.331392
0.479079 0.773101
0.411641 0.833047
0.986121 0.0316993
0.99879 0.00644725
0.323295 0.89792
0.626827 0.609856
0.703613 0.50809
0.333377 0.891258
0.30013 0.912239
0.898764 0.196295
0.86892 0.24863
0.587172 0.658053
0.639687 0.593654
0.579795 0.666519
0.559918 0.689289
0.936875 0.126713
0.682976 0.536783
0.408839 0.835353
0.9297 0.139629
0.858569 0.266561
0.729031 0.472028
0.744034 0.449582
0.940766 0.119048
0.623706 0.613882
0.938669 0.1229
0.492717 0.760512
0.973326 0.0566866
0.68111 0.539127
0.578175 0.668925
0.860094 0.264962
0.608223 0.633131
0.678199 0.543201
0.339432 0.887277
0.895496 0.201897
0.543203 0.707568
0.996079 0.0123636
0.742121 0.452646
0.617813 0.621632
0.66878 0.556073
0.970366 0.063614
0.987526 0.028834
0.513888 0.738744
0.854586 0.273077
0.285959 0.920716
0.453863 0.796846
0.718351 0.487059
0.594792 0.649012
0.403452 0.839832
0.497311 0.755906
0.28738 0.919756
0.337316 0.888835
0.486871 0.767444
0.783922 0.389314
0.759161 0.427886
0.563992 0.685039
0.316024 0.902531
0.604236 0.637804
0.862755 0.259376
0.855514 0.271997
0.588825 0.656096
0.46835 0.783911
0.381699 0.856936
0.952324 0.0971786
0.405428 0.838052
0.976975 0.0516971
0.450222 0.800559
0.921401 0.155037
0.383817 0.855256
0.810161 0.346934
0.523339 0.730057
0.845997 0.288383
0.484226 0.768844
0.459599 0.791337
0.995285 0.0142873
0.481192 0.771217
0.844965 0.289788
0.757954 0.428706
0.503185 0.749626
0.619751 0.619104
0.388573 0.851391
0.971065 0.0612719
0.547994 0.703162
0.545632 0.704824
0.494767 0.758021
0.455351 0.795197
0.621889 0.616152
0.640465 0.592844
0.650173 0.580539
0.466077 0.785369
0.863692 0.257902
0.870673 0.246024
0.923357 0.15171
0.834379 0.307616
0.784654 0.387832
0.387234 0.852825
0.833641 0.308541
0.504992 0.748484
0.669917 0.554368
0.896828 0.199428
0.373538 0.862824
0.524952 0.728074
0.974844 0.0535355
