136565 280.028
1 0.00122884
0.280775 0.921828
0.693929 0.519373
0.781969 0.389515
0.887806 0.212898
0.875958 0.233784
0.939441 0.118607
0.801174 0.35913
0.688001 0.52756
0.326478 0.894092
0.602185 0.638211
0.90652 0.17934
0.542381 0.706618
0.744416 0.4468
0.896385 0.197602
0.319596 0.898536
0.748311 0.440989
0.285182 0.919336
0.824064 0.32195
0.797293 0.36533
0.490302 0.760366
0.455814 0.792976
0.892309 0.204889
0.880213 0.226316
0.495345 0.755399
0.942027 0.113746
0.786502 0.382409
0.347851 0.879689
0.511751 0.738887
0.451178 0.797178
0.882912 0.221561
0.915677 0.162665
0.515562 0.734974
0.842287 0.291603
0.812597 0.340706
0.369247 0.864355
0.373693 0.861054
0.804721 0.353436
0.343003 0.883036
0.444038 0.803566
0.311198 0.90383
0.640735 0.590326
0.680513 0.537802
0.377813 0.85796
0.359395 0.871529
0.766277 0.413796
0.696678 0.515552
0.931683 0.133115
0.845206 0.286681
0.982173 0.0365439
0.794634 0.369559
0.909254 0.17438
0.984627 0.0317206
0.703989 0.505318
0.596801 0.644662
0.422068 0.822582
0.979558 0.0416695
0.339165 0.885653
0.425792 0.819427
0.902642 0.186352
0.935175 0.1266
0.531974 0.717792
0.447693 0.800308
0.756352 0.428898
0.898627 0.19358
0.535126 0.714431
0.833912 0.305633
0.67794 0.541294
0.626483 0.608375
0.708083 0.499542
0.741213 0.451556
0.94518 0.107798
0.85936 0.262569
0.826438 0.318035
0.584503 0.659181
0.820002 0.328624
0.29461 0.913873
0.523843 0.726371
0.997182 0.00685319
0.83643 0.30143
0.958392 0.0826633
0.42951 0.816249
0.334887 0.888534
0.581194 0.663036
0.355111 0.874588
0.622501 0.613346
0.299079 0.911221
0.732863 0.463857
0.68433 0.532595
0.352112 0.876708
0.700168 0.510681
0.507863 0.742848
0.968267 0.063649
0.381957 0.854813
0.829162 0.313528
0.922489 0.150151
0.772614 0.404048
0.463402 0.786005
0.831271 0.310027
0.778419 0.39505
0.751842 0.435695
0.950989 0.0967906
0.729725 0.468443
0.547565 0.700971
0.408341 0.833975
0.551468 0.696684
0.761857 0.420545
0.890309 0.208452
0.652025 0.575739
0.96457 0.0707914
0.815626 0.335778
0.412058 0.830927
0.554003 0.693884
0.94839 0.101724
0.384809 0.852627
0.655196 0.571596
0.861648 0.258633
0.632112 0.601295
0.57599 0.669054
0.663684 0.560408
0.589009 0.653896
0.573145 0.672321
0.505516 0.745225
0.990332 0.0204587
0.481544 0.768872
0.418166 0.82586
0.95276 0.0934204
0.994008 0.0131702
0.401546 0.839474
0.502162 0.748603
0.578555 0.666095
0.668482 0.554021
0.528492 0.721483
0.775397 0.399743
0.709596 0.497397
0.665431 0.558088
0.960701 0.0782347
0.391682 0.847294
0.720567 0.481716
0.487066 0.763527
0.738964 0.454882
0.484787 0.76574
0.962288 0.0751843
0.6188 0.617937
0.901409 0.188576
0.613934 0.623931
0.660387 0.564772
0.395347 0.844412
0.615835 0.621595
0.911786 0.169771
0.854239 0.271339
0.913184 0.167221
0.466673 0.782964
0.80962 0.345533
0.791591 0.374384
0.849049 0.280173
0.966574 0.066924
0.648181 0.580734
0.870058 0.244078
0.727801 0.471246
0.610935 0.627602
0.605194 0.63458
0.644083 0.586026
0.568519 0.677599
0.365082 0.867412
0.847879 0.282158
0.363525 0.868545
0.6342 0.598652
0.78833 0.379532
0.928251 0.139494
0.920278 0.154224
0.723802 0.477047
0.570587 0.675245
0.592621 0.649631
0.87304 0.238883
0.759934 0.42347
0.479037 0.771279
0.432636 0.813555
0.587283 0.655925
0.291006 0.915982
0.719227 0.483645
0.93446 0.127935
0.973314 0.0538556
0.468847 0.780932
0.519364 0.731042
0.716519 0.487531
0.526607 0.72347
0.956112 0.0870255
0.807156 0.349514
0.925567 0.144466
0.868348 0.247049
0.929173 0.137783
0.955008 0.0891337
0.637435 0.59454
0.645263 0.584507
0.498418 0.752347
0.43983 0.807283
0.520261 0.730109
0.863753 0.255003
0.702041 0.508055
0.987729 0.0256057
0.977217 0.0462474
0.946774 0.104785
0.330485 0.891462
0.473366 0.776677
0.609243 0.629666
0.606879 0.632539
0.987185 0.0266782
0.839274 0.296666
0.471612 0.778333
0.757402 0.42731
0.558076 0.689357
0.918847 0.156853
0.315463 0.901159
0.561327 0.68572
0.649867 0.578547
0.459708 0.789413
0.751353 0.436429
0.43566 0.810932
0.974552 0.051446
0.65715 0.569033
0.673273 0.547596
0.557165 0.690373
0.817305 0.333038
0.685958 0.530366
0.562215 0.684723
0.715223 0.489385
0.767802 0.411457
0.538537 0.71077
0.924809 0.145869
0.9917 0.0177492
0.851885 0.275352
0.620757 0.615512
0.790458 0.376174
0.971021 0.0583122
0.548214 0.70026
0.856646 0.267223
0.388483 0.849788
0.998497 0.0042307
0.629025 0.605185
0.306503 0.906728
0.539219 0.710036
0.712724 0.492951
0.872272 0.240224
0.439226 0.807813
0.674764 0.545588
0.736711 0.458206
0.866485 0.250279
0.565361 0.681178
0.331714 0.890648
