132864 460.078
1 0.00112399
0.280775 0.921804
0.509647 0.741006
0.620256 0.616103
0.614716 0.622941
0.837957 0.298836
0.927666 0.140482
0.520564 0.729766
0.689244 0.525816
0.896802 0.196813
0.923723 0.147777
0.888868 0.210973
0.589934 0.652776
0.813035 0.339957
0.966664 0.0667054
0.973864 0.0527429
0.332038 0.890408
0.447988 0.800017
0.306013 0.907003
0.60512 0.634638
0.875109 0.23523
0.92151 0.151913
0.825324 0.319835
0.768122 0.41093
0.419944 0.824343
0.673855 0.54678
0.494357 0.756348
0.852993 0.273425
0.828724 0.314215
0.580825 0.663434
0.784516 0.385491
0.906866 0.178673
0.44385 0.803706
0.716192 0.487964
0.950144 0.0983524
0.771269 0.406089
0.803942 0.354651
0.867489 0.2485
0.316582 0.900394
0.484736 0.765762
0.548815 0.699572
0.665642 0.557774
0.609428 0.629409
0.816587 0.334173
0.800859 0.359596
0.743519 0.448099
0.831115 0.310249
0.915444 0.16305
0.599014 0.641986
0.901761 0.187901
0.963873 0.0720905
0.59596 0.645634
0.901987 0.187493
0.366319 0.866482
0.574469 0.670772
0.810243 0.344487
0.537146 0.712237
0.498214 0.752522
0.858143 0.264618
0.452033 0.79638
0.891681 0.205968
0.577557 0.667218
0.746033 0.444356
0.514934 0.735592
0.878893 0.228596
0.545195 0.703531
0.855915 0.268435
0.289284 0.916957
0.870251 0.243704
0.981056 0.0386915
0.740224 0.452938
0.864548 0.25359
0.476391 0.773778
0.657993 0.567894
0.602414 0.637904
0.793976 0.370567
0.911247 0.170713
0.986924 0.0271499
0.844339 0.288106
0.592596 0.64963
0.885559 0.216842
0.713082 0.492406
0.385389 0.852156
0.722979 0.478203
0.969592 0.0610393
0.732891 0.46378
0.95271 0.0934729
0.773997 0.401876
0.993212 0.014705
0.684615 0.532172
0.300842 0.91014
0.961704 0.0762646
0.399613 0.840996
0.78737 0.381007
0.320809 0.897735
0.777549 0.396368
0.490714 0.759935
0.423811 0.821083
0.464579 0.784886
0.292862 0.914875
0.403014 0.838268
0.694434 0.51864
0.984606 0.0317167
0.735452 0.460023
0.34071 0.884577
0.749099 0.439775
0.628298 0.606026
0.759639 0.423882
0.692195 0.521741
0.708739 0.498579
0.971239 0.0578445
0.350551 0.877779
0.847414 0.282907
0.34392 0.882381
0.676994 0.542543
0.907405 0.177695
0.552065 0.695996
0.488031 0.762559
0.585078 0.658478
0.531512 0.718255
0.977887 0.0448942
0.354531 0.874974
0.73012 0.467832
0.459661 0.789429
0.611619 0.626736
0.533708 0.715916
0.737969 0.456317
0.50432 0.746404
0.347633 0.879815
0.565316 0.681199
0.670489 0.551302
0.841874 0.292208
0.976901 0.0468205
0.501204 0.749535
0.527963 0.722012
0.415684 0.827901
0.861107 0.259525
0.652217 0.575457
0.523921 0.726261
0.668888 0.553446
0.789578 0.377527
0.389338 0.849097
0.641543 0.589258
0.681707 0.536143
0.411818 0.831063
0.679014 0.539804
0.634942 0.59768
0.624879 0.610349
0.947483 0.103399
0.991001 0.0190908
0.440307 0.806836
0.513883 0.736673
0.312224 0.903166
0.540379 0.708755
0.850216 0.278152
0.32405 0.895613
0.370623 0.863312
0.568584 0.677496
0.357314 0.872994
0.995432 0.0102341
0.630346 0.603492
0.310196 0.904395
0.93967 0.118136
0.362799 0.869047
0.710707 0.495787
0.938172 0.120947
0.935955 0.125099
0.64558 0.584065
0.632958 0.600194
0.623424 0.612164
0.956076 0.0870514
0.72569 0.474278
0.98262 0.0356212
0.87602 0.233635
0.407974 0.834248
0.934455 0.127903
0.542304 0.706672
0.563175 0.683614
0.918173 0.158049
0.822251 0.324896
0.781453 0.390284
0.881111 0.224696
0.698196 0.513403
0.372282 0.86208
0.701643 0.508581
0.71922 0.48362
0.648852 0.579833
0.794868 0.36915
0.89393 0.201955
0.360469 0.870731
0.39154 0.847379
0.65465 0.572279
0.461749 0.78747
0.930479 0.135313
0.818953 0.330305
0.76513 0.415515
0.28459 0.919649
0.954725 0.0896322
0.959367 0.0807522
0.751059 0.436837
0.806596 0.35038
0.80762 0.348728
0.958359 0.0826839
0.472511 0.777421
0.932331 0.131865
0.99745 0.00627419
0.584447 0.659216
0.406392 0.835536
0.643374 0.586908
0.432705 0.813469
0.862406 0.257288
0.571071 0.674663
0.702333 0.507612
0.296875 0.91251
0.720271 0.482108
0.834695 0.304289
0.376096 0.859228
0.776409 0.398138
0.697486 0.514393
0.797824 0.364445
0.45569 0.793062
0.660497 0.564594
0.377237 0.858368
0.834167 0.305169
0.560596 0.68651
0.912714 0.167984
0.380987 0.855527
0.327393 0.89347
0.426672 0.818651
0.943654 0.110637
0.638454 0.593209
0.941902 0.113938
0.756481 0.428668
0.480754 0.769604
0.526033 0.724046
0.429164 0.816484
0.468192 0.781518
0.336712 0.887251
0.479348 0.770954
0.756251 0.429015
0.753171 0.433661
0.662652 0.561745
0.76143 0.42116
0.884002 0.219595
0.394604 0.844972
0.436892 0.80983
0.434014 0.812335
0.822816 0.323967
0.637823 0.594015
0.895283 0.199534
