116194 320.054
0.999999 0.00496959
0.280776 0.923972
0.294282 0.917116
0.575085 0.672905
0.809385 0.349914
0.579297 0.66867
0.679854 0.5425
0.630738 0.605898
0.789178 0.382119
0.737718 0.460468
0.513129 0.740043
0.792381 0.377019
0.571028 0.677891
0.371802 0.865393
0.749503 0.443389
0.920795 0.157564
0.589092 0.656806
0.875108 0.240011
0.986846 0.0320425
0.676117 0.547333
0.812544 0.345098
0.548475 0.703491
0.695841 0.519765
0.953652 0.0958251
0.627099 0.61097
0.529489 0.72366
0.795378 0.372236
0.740939 0.455839
0.877647 0.234329
0.592682 0.652853
0.525582 0.727957
0.411204 0.834855
0.463058 0.789385
0.866317 0.254215
0.806104 0.355014
0.872142 0.244808
0.851277 0.28081
0.869308 0.249533
0.977842 0.0499055
0.734394 0.465452
0.835223 0.307887
0.880358 0.229566
0.950934 0.101255
0.552125 0.699806
0.863625 0.259287
0.66658 0.559529
0.826698 0.321357
0.72837 0.474082
0.961522 0.0813581
0.682938 0.537977
0.639968 0.594165
0.669861 0.555625
0.858143 0.268705
0.860961 0.264104
0.956167 0.0907097
0.596348 0.648949
0.941455 0.120138
0.909136 0.178666
0.927082 0.145326
0.731565 0.469445
0.406962 0.837793
0.984336 0.0376591
0.480133 0.773416
0.673077 0.551309
0.974683 0.0553703
0.466807 0.78594
0.383318 0.85675
0.938877 0.12467
0.403088 0.840787
0.959056 0.0863459
0.458924 0.792887
0.686015 0.533788
0.722405 0.482525
0.72525 0.478001
0.544679 0.707622
0.533051 0.720286
0.599205 0.644821
0.436517 0.813482
0.752396 0.43809
0.829808 0.315891
0.585679 0.661486
0.355734 0.87651
0.367312 0.86833
0.624337 0.614943
0.648752 0.582912
0.929962 0.141293
0.768831 0.413727
0.943933 0.114771
0.360288 0.873913
0.616301 0.624174
0.714302 0.494701
0.299053 0.913547
0.911726 0.174646
0.470182 0.782244
0.503666 0.750041
0.88328 0.224732
0.935994 0.129383
0.4937 0.760114
0.517541 0.736145
0.490291 0.763295
0.50985 0.744143
0.314732 0.904462
0.761441 0.425079
0.318752 0.901745
0.914188 0.16945
0.821724 0.329374
0.306672 0.909148
0.643533 0.590418
0.719567 0.486807
0.541682 0.710869
0.582971 0.664888
0.342694 0.885957
0.288494 0.919867
0.895663 0.203162
0.634241 0.602084
0.637052 0.598681
0.948567 0.10609
0.785985 0.386828
0.568037 0.681683
0.964274 0.0764014
0.483771 0.769879
0.848167 0.285335
0.329769 0.894864
0.310564 0.906819
0.746041 0.447656
0.440074 0.810242
0.832097 0.312333
0.486771 0.766817
0.776244 0.402122
0.443437 0.807354
0.38643 0.853852
0.499802 0.754213
0.784049 0.390772
0.743875 0.451179
0.602649 0.640984
0.716815 0.490723
0.420364 0.826792
0.946373 0.110647
0.363951 0.871241
0.390621 0.851233
0.652227 0.578626
0.663396 0.564042
0.824396 0.325637
0.560131 0.689852
0.352205 0.879484
0.378567 0.86003
0.693385 0.523883
0.972782 0.0597065
0.333132 0.89239
0.771584 0.408876
0.989595 0.0268864
0.646238 0.586823
0.302435 0.911858
0.608254 0.634529
0.818873 0.334006
0.885892 0.22103
0.424452 0.823382
0.376088 0.861837
0.393674 0.848586
0.285832 0.921646
0.476553 0.776943
0.966209 0.0721547
0.452876 0.79879
0.506562 0.747201
0.415233 0.831326
0.970171 0.0638329
0.61325 0.627999
0.497222 0.756566
0.455908 0.796433
0.605066 0.637642
0.994598 0.0164547
0.710981 0.498957
0.842355 0.295656
0.47387 0.779307
0.897892 0.199266
0.968369 0.0678051
0.764379 0.420951
0.81542 0.340236
0.555174 0.695303
0.781058 0.395245
0.902195 0.191726
0.325389 0.897503
0.837908 0.302951
0.918191 0.162251
0.981859 0.0419617
0.426992 0.821206
0.980014 0.0453345
0.755179 0.434699
0.446908 0.804122
0.899975 0.195284
0.779156 0.397877
0.83981 0.300467
0.699736 0.514717
0.44955 0.802126
0.611129 0.631296
0.765914 0.417411
0.322717 0.899168
0.773644 0.405696
0.854013 0.275922
0.855206 0.27323
0.932446 0.136387
0.522231 0.731458
0.399122 0.843974
0.538171 0.714644
0.688808 0.529367
0.892729 0.207961
0.916637 0.165467
0.846031 0.289124
0.654609 0.575878
0.5362 0.716213
0.432365 0.816387
0.803291 0.359095
0.798287 0.367371
0.99748 0.0115374
0.991087 0.0232855
0.657035 0.57256
0.557699 0.693556
0.346516 0.883447
0.430702 0.818192
0.92398 0.152056
0.397295 0.845782
0.933772 0.133735
0.758504 0.428945
0.620862 0.618852
0.690693 0.527424
0.993047 0.0194464
0.801946 0.361674
0.661216 0.567109
0.348613 0.881752
0.843954 0.292265
0.338403 0.888413
0.619614 0.620395
0.904398 0.187579
0.703774 0.509176
0.417352 0.828915
0.707303 0.503867
0.889156 0.21438
0.891547 0.210241
0.88804 0.21675
0.906255 0.184011
0.658997 0.569656
0.564728 0.685045
0.336824 0.88968
0.700901 0.513266
0.924522 0.150673
0.563368 0.686457
0.520317 0.733652
0.81682 0.337185
0.799674 0.365772
0.757237 0.431231
