58449 200.033
1 0.00113602
0.280775 0.921778
0.57616 0.668796
0.760665 0.422286
0.474947 0.775121
0.326564 0.893985
0.372746 0.861708
0.582512 0.66144
0.879673 0.227183
0.857914 0.264969
0.805982 0.351331
0.861667 0.25852
0.481189 0.769156
0.366462 0.86635
0.970433 0.0593624
0.446567 0.801259
0.997316 0.00649311
0.554553 0.693214
0.875684 0.234181
0.38944 0.848991
0.771341 0.405939
0.520027 0.730294
0.738022 0.456201
0.821171 0.32663
0.467951 0.781715
0.605115 0.634612
0.913321 0.166887
0.882413 0.222357
0.855031 0.269905
0.763678 0.417695
0.810272 0.3444
0.774258 0.401434
0.3083 0.905573
0.544997 0.703715
0.506136 0.74454
0.827111 0.316844
0.791017 0.375216
0.83754 0.299493
0.572841 0.672608
0.558976 0.688292
0.61112 0.627313
0.659031 0.566493
0.698122 0.513471
0.848347 0.281285
0.52344 0.726735
0.684204 0.532699
0.722433 0.478954
0.707934 0.499682
0.303702 0.908385
0.527112 0.722879
0.633327 0.599693
0.384748 0.852621
0.946818 0.104612
0.781123 0.390762
0.814694 0.337219
0.944306 0.109361
0.689664 0.525201
0.968117 0.0638505
0.834687 0.304262
0.471274 0.778595
0.993662 0.0137649
0.669859 0.552112
0.788103 0.379814
0.594929 0.646828
0.965585 0.0687427
0.363134 0.868777
0.376782 0.858684
0.719303 0.483465
0.803414 0.355461
0.645052 0.584712
0.829796 0.312398
0.463362 0.785986
0.740762 0.452151
0.336555 0.887363
0.755732 0.429761
0.461104 0.788072
0.748613 0.440465
0.548656 0.699716
0.924179 0.146947
0.716829 0.487016
0.66217 0.562348
0.442762 0.804642
0.869357 0.245216
0.680824 0.53731
0.65239 0.575197
0.743489 0.448106
0.393662 0.845686
0.980755 0.0392334
0.426562 0.818716
0.687047 0.528802
0.51008 0.740534
0.832262 0.308302
0.60051 0.640161
0.358836 0.871878
0.746034 0.444317
0.451464 0.796865
0.845227 0.286566
0.730858 0.466718
0.864428 0.253756
0.551258 0.696856
0.589713 0.653004
0.435471 0.811041
0.694285 0.51881
0.90724 0.177951
0.598352 0.642746
0.319692 0.898423
0.629841 0.604093
0.614521 0.623146
0.43272 0.813428
0.312674 0.902859
0.899328 0.192237
0.919966 0.15471
0.535272 0.714215
0.299712 0.910792
0.904782 0.182403
0.751429 0.436243
0.67619 0.543595
0.917406 0.159413
0.429156 0.816498
0.937276 0.122581
0.921711 0.1515
0.486166 0.764345
0.713862 0.491258
0.797881 0.364315
0.620154 0.616196
0.537141 0.712211
0.767804 0.41138
0.502697 0.748007
0.56377 0.682912
0.592113 0.65017
0.888489 0.211604
0.811881 0.341792
0.500502 0.750208
0.963333 0.0730846
0.872202 0.240263
0.80071 0.359796
0.843599 0.289313
0.649394 0.579095
0.885352 0.217165
0.29127 0.915778
0.852186 0.274759
0.950638 0.0973684
0.915725 0.162492
0.622806 0.612901
0.890801 0.207492
0.45655 0.792249
0.910129 0.172704
0.929546 0.137004
0.402613 0.838563
0.315386 0.901156
0.586449 0.656841
0.931872 0.132676
0.953363 0.0921831
0.330802 0.891201
0.729 0.469429
0.692921 0.520701
0.956486 0.0862226
0.974004 0.0524223
0.983208 0.0344188
0.678652 0.540261
0.958371 0.0826138
0.949367 0.0997822
0.700457 0.510207
0.515638 0.734837
0.991447 0.0181593
0.296567 0.912666
0.988897 0.0232071
0.93512 0.126616
0.416889 0.82687
0.413164 0.829961
0.766765 0.412974
0.941847 0.113996
0.561456 0.685514
0.351399 0.877157
0.531426 0.718315
0.604138 0.635793
0.85077 0.277169
0.566799 0.67949
0.637472 0.594429
0.794474 0.369738
0.641527 0.589245
0.984525 0.0318296
0.489472 0.761121
0.818071 0.331708
0.77736 0.396623
0.332948 0.889777
0.892624 0.204243
0.896993 0.196429
0.483646 0.766787
0.64744 0.581627
0.41127 0.831522
0.978713 0.0432329
0.704364 0.504721
0.71043 0.496144
0.407154 0.834888
0.664685 0.559013
0.627914 0.606516
0.512433 0.73813
0.418774 0.825296
0.785621 0.383719
0.753385 0.433302
0.342882 0.883067
0.734216 0.461801
0.725348 0.474738
0.49256 0.75809
0.778234 0.395264
0.986694 0.0275555
0.346752 0.8804
0.636187 0.596064
0.873595 0.237833
0.569329 0.676617
0.49707 0.75363
0.901361 0.188578
0.640636 0.590387
0.655816 0.570717
0.960301 0.0789129
0.495882 0.754808
0.933501 0.129638
0.939293 0.118798
0.530367 0.719438
0.976853 0.0468682
0.926438 0.142768
0.726358 0.473271
0.840319 0.294833
0.95453 0.0899588
0.793923 0.370613
0.293308 0.914588
0.673032 0.547854
0.28646 0.918555
0.817305 0.332961
0.38025 0.856061
0.397943 0.842299
0.840909 0.293842
0.422357 0.822284
0.401184 0.839711
0.961585 0.0764469
0.584645 0.658953
0.886597 0.214959
0.284153 0.919871
0.355979 0.873919
0.540747 0.708327
0.894452 0.200979
0.712007 0.493901
0.439181 0.807797
0.340639 0.884599
0.73413 0.461927
0.974234 0.0519761
0.38159 0.85504
0.348255 0.879355
0.541489 0.707524
