1166780 520.011
0.280775 3.1334
0.280775 3.3499
0.624946 2.5998
0.977581 2.39537
0.855804 2.47464
0.855706 2.47596
0.816272 2.48697
0.950309 2.41332
0.946724 2.41519
0.855726 2.47539
0.946673 2.41521
0.948999 2.41367
0.630758 2.5973
0.652691 2.58692
0.81288 2.50067
0.855809 2.47424
0.812882 2.50038
0.9387 2.4191
0.812855 2.50113
0.630758 2.59623
0.630757 2.59772
0.996405 2.38005
0.990463 2.38447
0.624143 2.59981
0.630757 2.59731
0.938605 2.42038
0.879899 2.45863
0.992054 2.38158
0.990656 2.38352
0.885477 2.45397
0.950481 2.41331
0.280775 2.71189
0.990479 2.38443
0.896896 2.44629
0.950482 2.41193
0.885367 2.45514
0.467404 2.66064
0.786314 2.51445
0.951802 2.41064
0.978522 2.39102
0.280775 2.71026
0.980352 2.3877
0.280775 2.71061
0.999007 2.37593
1 2.37378
0.816227 2.49705
0.467335 2.66097
0.467509 2.66049
0.95219 2.40999
0.929243 2.42504
0.280775 2.70999
0.467225 2.66246
1 2.37457
0.89693 2.44547
0.971488 2.39567
0.786286 2.51483
0.280775 2.71155
0.954438 2.4086
0.885381 2.4549
0.280775 2.71248
0.968182 2.39699
0.980294 2.38911
0.996489 2.37704
0.902706 2.44229
0.987156 2.38527
0.980292 2.38967
0.955327 2.40615
0.980288 2.3905
0.95529 2.40674
0.533907 2.63381
0.834957 2.48542
0.999944 2.3747
0.902705 2.4434
0.968171 2.39861
0.998926 2.3765
0.664035 2.57794
0.919065 2.43111
0.664013 2.58094
0.786419 2.51423
0.908548 2.43839
0.954441 2.40685
0.896777 2.44639
0.663968 2.58148
0.908545 2.43878
0.646895 2.58839
0.954434 2.40923
0.280775 2.71116
0.786245 2.51501
0.749203 2.55132
0.533736 2.63879
0.749358 2.53367
0.646864 2.58845
0.749209 2.53494
0.980291 2.38995
0.919048 2.43137
0.280775 2.71255
