1657841 500.009
0.614924 2.30897
0.630757 2.2969
0.630738 2.29901
0.566057 2.32191
0.566438 2.31677
0.280775 2.42198
0.566194 2.31895
0.950037 2.07547
0.878944 2.12764
0.878957 2.1243
0.474011 2.34707
0.473895 2.34871
0.639492 2.26269
0.398455 2.36318
0.280775 2.39731
0.813358 2.15711
0.346423 2.38081
0.95025 2.06162
0.960372 2.05218
0.792494 2.17546
0.902677 2.09334
0.630915 2.26366
0.951627 2.05744
0.924273 2.07552
0.792639 2.17148
0.346353 2.38095
0.902676 2.09804
0.885035 2.1087
0.970273 2.04626
0.955006 2.05226
0.716365 2.21775
0.418654 2.35624
0.99073 2.021
0.954504 2.05339
0.996917 2.01942
0.280775 2.39543
0.924251 2.07606
0.357595 2.37845
0.954496 2.05377
0.984957 2.02954
0.841467 2.13986
0.982703 2.03058
0.924236 2.07692
0.716293 2.22
0.806374 2.15841
0.357597 2.37707
0.697785 2.23155
0.972592 2.0445
0.906228 2.09287
0.41866 2.35509
0.841577 2.1373
0.806412 2.15796
0.630907 2.26411
0.906269 2.09156
0.430014 2.3537
0.71632 2.21866
0.972599 2.03776
0.924248 2.07633
0.398122 2.36356
0.78543 2.17896
0.418519 2.3566
0.35752 2.37852
0.418547 2.35651
0.924248 2.07666
0.835284 2.14295
0.972608 2.03734
0.806349 2.16218
0.398036 2.36537
0.972619 2.03674
0.697819 2.22742
0.972622 2.03654
0.658575 2.24944
0.852637 2.12766
0.972598 2.04052
0.841498 2.13748
0.357647 2.37424
0.885067 2.10398
0.978886 2.03144
0.418515 2.35965
0.998908 2.01471
0.923352 2.08251
0.280775 2.39281
0.923369 2.07909
0.301402 2.39151
0.841671 2.1352
0.734144 2.20258
0.280775 2.39244
0.301459 2.38955
0.843969 2.13448
0.766255 2.18667
0.806258 2.16397
0.733953 2.20497
0.923386 2.07752
0.398037 2.36372
0.998904 2.01609
