85206 360.086
1 0
0.280775 0.921165
0.67422 0.545427
0.688822 0.525524
0.892432 0.203566
0.664828 0.558004
0.778604 0.393775
0.917301 0.158559
0.32307 0.895625
0.683209 0.533225
0.550611 0.696827
0.579853 0.66377
0.693681 0.518806
0.655863 0.569844
0.452013 0.795685
0.624738 0.609702
0.619976 0.61563
0.911045 0.169998
0.810806 0.342593
0.316575 0.89978
0.65287 0.57376
0.36574 0.866234
0.529284 0.719859
0.57474 0.669674
0.56942 0.675761
0.563213 0.682791
0.791683 0.373237
0.827297 0.31558
0.446058 0.801032
0.610379 0.627438
0.928079 0.138669
0.679798 0.537875
0.806933 0.34886
0.78269 0.387396
0.789571 0.376577
0.383165 0.853185
0.860613 0.259344
0.401661 0.838669
0.628492 0.604998
0.773571 0.401588
0.661642 0.562229
0.545258 0.702694
0.499665 0.750335
0.814119 0.337211
0.606028 0.63273
0.361047 0.869645
0.796415 0.365723
0.85257 0.273125
0.857349 0.264953
0.849429 0.27847
0.88761 0.212149
0.495429 0.75455
0.714569 0.489392
0.722124 0.478537
0.456286 0.791803
0.757485 0.426216
0.584225 0.658681
0.896615 0.196082
0.740067 0.4523
0.464925 0.783844
0.534709 0.714087
0.754365 0.430934
0.298253 0.911045
0.743119 0.447774
0.762862 0.418042
0.616286 0.620192
0.925364 0.143702
0.489011 0.760868
0.603455 0.635842
0.555129 0.691832
0.593182 0.648135
0.503049 0.746941
0.949877 0.0977344
0.80431 0.353085
0.866228 0.249649
0.589936 0.651975
0.599838 0.640195
0.760109 0.422234
0.869324 0.244276
0.379582 0.855918
0.834491 0.303624
0.479845 0.769749
0.647901 0.580224
0.947468 0.102304
0.613716 0.623353
0.561114 0.685151
0.706076 0.501456
0.329029 0.89174
0.700659 0.509077
0.285672 0.918391
0.676045 0.542963
0.371207 0.862205
0.510564 0.739325
0.942857 0.111021
0.846977 0.282629
0.703424 0.505195
0.39212 0.846242
0.492401 0.757541
0.302553 0.908462
0.557047 0.689699
0.90036 0.189352
0.855051 0.268887
0.952264 0.093194
0.731665 0.464666
0.734241 0.46089
0.473702 0.775606
0.476475 0.772972
0.985439 0.0289094
0.350416 0.877209
0.729161 0.468324
0.312243 0.902505
0.988485 0.022897
0.765735 0.41365
0.923064 0.147953
0.375819 0.85876
0.485554 0.764237
0.886996 0.213239
0.414712 0.828014
0.921084 0.151604
0.745777 0.443817
0.75181 0.434782
0.395976 0.843203
0.821264 0.325526
0.726729 0.471865
0.571558 0.673322
0.785262 0.383363
0.483091 0.766623
0.831309 0.308926
0.879531 0.226426
0.963727 0.0712307
0.72444 0.475187
0.871194 0.24102
0.538263 0.710273
0.406968 0.834377
0.708915 0.497439
0.340182 0.884276
0.461393 0.787117
0.718495 0.483765
0.294133 0.913486
0.642854 0.586738
0.939412 0.117505
0.984277 0.0311991
0.933193 0.129152
0.936248 0.12344
0.309499 0.90421
0.345636 0.880536
0.769747 0.40749
0.388487 0.849078
0.39839 0.841285
0.541302 0.706993
0.876531 0.231693
0.873456 0.237074
0.883278 0.219819
0.800457 0.359269
0.79761 0.363819
0.435732 0.810137
0.513741 0.73607
0.519849 0.729757
0.931488 0.13233
0.883153 0.220041
0.697423 0.513601
0.52607 0.72325
0.767642 0.410726
0.459339 0.789008
0.289826 0.916001
0.801656 0.357348
0.424467 0.819828
0.422166 0.821776
0.749698 0.437953
0.631775 0.60086
0.995125 0.0097258
0.940114 0.116187
0.352529 0.875723
0.840025 0.294357
0.439698 0.806666
0.816768 0.332891
0.344389 0.881397
0.954351 0.0892144
0.717609 0.485037
0.522043 0.727471
0.711578 0.493657
0.844524 0.286779
0.468574 0.780439
0.357154 0.872441
0.596149 0.644606
0.63835 0.592509
0.979603 0.0403777
0.823861 0.321253
0.819445 0.32851
0.824719 0.319839
0.955611 0.0868083
0.506356 0.743603
0.517087 0.732621
0.837302 0.298925
0.958555 0.081172
0.863328 0.254665
0.41094 0.831129
0.970405 0.0583134
0.507374 0.742572
0.33811 0.885681
0.418459 0.824892
0.935583 0.124685
0.991116 0.0176889
0.96084 0.0767857
0.981686 0.0362922
0.432437 0.812998
0.524427 0.724976
0.831623 0.308403
0.965551 0.0677116
0.543261 0.704867
0.373008 0.860865
0.875093 0.234212
0.645557 0.583256
0.737365 0.456293
0.961552 0.0754169
0.96842 0.0621624
0.355859 0.873364
0.597371 0.643148
0.878984 0.227388
0.470263 0.778853
0.431351 0.813936
0.330686 0.890647
0.978204 0.0431164
0.333628 0.888692
0.335244 0.887611
0.587019 0.655409
0.997444 0.00510636
0.945212 0.106575
0.697933 0.512889
0.736705 0.457266
0.989568 0.0207547
0.843459 0.288577
0.437817 0.808316
0.428231 0.816618
0.898019 0.193562
0.536038 0.712664
0.407564 0.833891
0.836691 0.299948
0.291704 0.914909
0.427375 0.817351
0.902664 0.185198
0.909715 0.172418
0.412205 0.830087
0.974929 0.0495131
0.419274 0.824209
0.905438 0.180182
0.817802 0.331199
0.907659 0.176154
0.973658 0.0519896
0.281886 0.92054
