578303 210.004
0.280775 3.73465
0.280775 3.76761
0.280775 3.67347
0.280775 3.52035
0.280775 3.52061
0.987758 3.26071
0.822629 3.35169
0.989842 3.25923
0.280775 3.51976
0.54106 3.45376
0.54137 3.45356
0.831154 3.34116
0.831116 3.34127
0.831108 3.34136
0.541501 3.45309
0.822653 3.34484
0.906265 3.30374
0.851204 3.331
0.990395 3.25912
0.54143 3.45333
0.541488 3.45329
0.280775 3.51352
0.950285 3.26191
0.906241 3.30388
0.280775 3.51411
0.575332 3.42683
0.886979 3.31361
0.998046 3.23817
0.575362 3.42675
0.913973 3.29961
0.88689 3.31418
0.886926 3.31371
0.822635 3.35123
0.851229 3.33089
0.822672 3.34441
0.851234 3.31508
0.575229 3.44282
0.707869 3.38906
0.667524 3.39321
0.639925 3.40397
0.575154 3.44898
0.6398 3.41645
0.913986 3.28369
0.822644 3.34492
0.994165 3.25632
0.280775 3.48133
0.906166 3.31026
