237641 580.075
1 0
0.280775 0.921165
0.449367 0.798069
0.458128 0.790119
0.750881 0.436178
0.868224 0.246188
0.700318 0.509555
0.515032 0.734742
0.461508 0.78701
0.650303 0.577106
0.371748 0.861804
0.363918 0.867564
0.413143 0.829313
0.773679 0.401421
0.535547 0.71319
0.660187 0.564153
0.3071 0.90569
0.716419 0.486743
0.521309 0.728237
0.879752 0.226037
0.445713 0.80134
0.320455 0.897308
0.860114 0.260204
0.881904 0.222246
0.468166 0.780821
0.440847 0.805654
0.905891 0.179361
0.284748 0.918919
0.417975 0.825297
0.87571 0.233132
0.806938 0.348852
0.643392 0.586046
0.571946 0.672878
0.301593 0.909041
0.290516 0.9156
0.601649 0.638018
0.836402 0.300432
0.542148 0.706076
0.722112 0.478554
0.326035 0.893701
0.578619 0.665199
0.725608 0.473492
0.606477 0.632185
0.755716 0.428893
0.873305 0.237338
0.86397 0.253555
0.489862 0.760036
0.380875 0.854934
0.990901 0.0181145
0.694647 0.517465
0.408582 0.833061
0.928628 0.137649
0.530487 0.718583
0.637461 0.593643
0.576484 0.667667
0.505531 0.744438
0.746863 0.442195
0.667219 0.554819
0.583576 0.659439
0.833849 0.304696
0.555248 0.691699
0.546152 0.701718
0.831033 0.309384
0.538797 0.709698
0.493923 0.75604
0.852735 0.272843
0.719234 0.482702
0.552548 0.694691
0.97829 0.0429485
0.818681 0.329761
0.984791 0.0301874
0.316432 0.899871
0.728445 0.469369
0.902942 0.184696
0.828533 0.313532
0.548761 0.698861
0.932779 0.129924
0.646272 0.582333
0.93576 0.124353
0.69723 0.51387
0.889609 0.208597
0.559134 0.687369
0.633126 0.599151
0.616519 0.619905
0.483187 0.76653
0.486462 0.763355
0.982553 0.034589
0.804354 0.353015
0.969532 0.0600076
0.742457 0.448758
0.588308 0.653893
0.769004 0.408632
0.343465 0.882032
0.42163 0.822229
0.775922 0.397946
0.856639 0.26617
0.733541 0.461917
0.822598 0.323332
0.613042 0.62418
0.705691 0.502001
0.473601 0.775702
0.885773 0.215406
0.825846 0.317979
0.974424 0.0504986
0.656585 0.568896
0.619042 0.616788
0.435227 0.810578
0.509368 0.740544
0.731186 0.465368
0.591127 0.650569
0.739749 0.452771
0.78825 0.378662
0.395533 0.843554
0.297737 0.911353
0.424831 0.819519
0.39273 0.845763
0.690959 0.522575
0.627088 0.606761
0.894954 0.199057
0.761409 0.420256
0.675534 0.543654
0.294185 0.913455
0.596216 0.644526
0.599428 0.640686
0.801792 0.35713
0.375487 0.85901
0.784485 0.384583
0.561556 0.684655
0.918361 0.156612
0.900953 0.188284
0.670722 0.550132
0.511688 0.738176
0.564585 0.681244
0.335181 0.887653
0.810513 0.343069
0.86573 0.250512
0.358154 0.871726
0.388828 0.848813
0.672202 0.548144
0.479754 0.769836
0.593983 0.647184
0.623491 0.611259
0.950944 0.0957052
0.52554 0.723808
0.898705 0.192329
0.759731 0.422809
0.745106 0.444817
0.437338 0.808736
0.46978 0.779307
0.569168 0.676047
0.340916 0.883776
0.963947 0.070806
0.993347 0.0132617
0.712188 0.492788
0.68669 0.528457
0.923348 0.147428
0.794172 0.369291
0.886618 0.213908
0.911458 0.169244
0.355051 0.873939
0.585106 0.657651
0.664046 0.559043
0.528513 0.720674
0.361434 0.869365
0.896956 0.195469
0.941348 0.113863
0.839753 0.294815
0.914432 0.163814
0.79973 0.360432
0.768485 0.409431
0.689455 0.524652
0.610755 0.626979
0.677375 0.541163
0.654418 0.571736
0.383715 0.852763
0.757026 0.426912
0.622162 0.612914
0.337345 0.886198
0.430729 0.814472
0.330742 0.89061
0.496717 0.753272
0.566972 0.678543
0.428152 0.816686
0.76492 0.414898
0.938281 0.119629
0.78702 0.380599
0.797798 0.363519
0.608533 0.629688
0.630918 0.601942
0.348313 0.878678
0.814527 0.336546
0.791903 0.372889
0.796006 0.366375
0.892494 0.203455
0.403732 0.837001
0.311718 0.902832
0.959376 0.0795969
0.405269 0.835757
0.972478 0.0542871
0.987282 0.0252742
0.778809 0.393457
0.399438 0.840449
0.98016 0.0392864
0.636848 0.594424
0.683805 0.532411
0.76459 0.415402
0.523234 0.726226
0.679813 0.537854
0.988208 0.0234447
0.628941 0.604434
0.939201 0.117901
0.920575 0.152542
0.99452 0.0109295
0.952467 0.0928059
0.967877 0.0632135
0.823637 0.321622
0.948591 0.100174
0.933464 0.128645
0.498842 0.751157
0.912582 0.167193
0.81233 0.340121
0.329429 0.891477
0.908798 0.174086
0.708852 0.497528
0.736462 0.457624
0.312466 0.902365
0.400348 0.839721
0.476242 0.773193
0.891574 0.205097
0.957083 0.0839922
0.502341 0.747654
0.942845 0.111043
0.709523 0.496577
0.95507 0.0878421
0.706173 0.50132
0.965959 0.0669222
0.953951 0.0899771
0.664641 0.558253
0.908826 0.174035
0.780543 0.390753
0.815937 0.334246
0.737395 0.456248
0.925707 0.143066
0.844344 0.287084
0.850292 0.277004
0.817329 0.331974
0.84239 0.290379
0.47758 0.771917
0.840298 0.293899
0.846245 0.283869
