44748 160.031
1 0.010038
0.280775 0.927303
0.700091 0.518064
0.944522 0.117709
0.378626 0.862863
0.821275 0.334419
0.556126 0.698177
0.903526 0.193378
0.841669 0.301323
0.793969 0.378432
0.461985 0.79317
0.79101 0.382656
0.408667 0.838935
0.739243 0.4625
0.805716 0.360468
0.293861 0.919525
0.802704 0.366167
0.374304 0.86634
0.787999 0.38862
0.824491 0.329842
0.84447 0.296101
0.458079 0.798122
0.606339 0.640735
0.707898 0.506996
0.439746 0.813745
0.663712 0.567536
0.967557 0.0742129
0.742821 0.457493
0.729775 0.47495
0.627349 0.614442
0.776476 0.406104
0.941963 0.123462
0.609848 0.635754
0.650736 0.583876
0.309268 0.910032
0.44369 0.810556
0.998001 0.0166285
0.329696 0.897886
0.465577 0.789819
0.654511 0.579924
0.412769 0.836137
0.779482 0.400942
0.417031 0.832892
0.504151 0.752292
0.404202 0.842933
0.900941 0.19927
0.304943 0.912964
0.288891 0.922695
0.818012 0.339623
0.339365 0.890584
0.469835 0.786412
0.642992 0.5945
0.951917 0.10418
0.723029 0.487661
0.541468 0.714075
0.733459 0.47092
0.895485 0.208269
0.906595 0.188575
0.770925 0.415121
0.355252 0.880813
0.924704 0.15504
0.660472 0.571487
0.562555 0.690695
0.773623 0.410441
0.489614 0.76725
0.657521 0.575786
0.854339 0.279821
0.473024 0.78284
0.350529 0.88315
0.857015 0.275055
0.630966 0.609829
0.713957 0.499735
0.898131 0.20306
0.947798 0.11185
0.983279 0.0450504
0.82746 0.324984
0.859761 0.270752
0.566833 0.687102
0.736337 0.466914
0.762778 0.426817
0.960543 0.0880874
0.639591 0.598622
0.427203 0.823964
0.559654 0.694063
0.8669 0.257431
0.54784 0.707099
0.752581 0.442553
0.623991 0.617909
0.447496 0.806704
0.782493 0.39707
0.369853 0.869143
0.358729 0.877413
0.520322 0.736685
0.785248 0.392771
0.636932 0.602499
0.79755 0.373131
0.362731 0.874842
0.885109 0.226811
0.808463 0.355904
0.321755 0.902545
0.838419 0.306275
0.618563 0.625432
0.974688 0.061278
0.862483 0.266145
0.430717 0.820899
0.454232 0.800456
0.696686 0.522597
0.97679 0.0571954
0.993482 0.0248312
0.927585 0.151107
0.544982 0.711264
0.875413 0.243702
0.572748 0.680335
0.68446 0.539525
0.667027 0.56275
0.687997 0.534784
0.716877 0.494013
0.711659 0.503327
0.28499 0.924737
0.597321 0.650851
0.633699 0.606564
0.316604 0.905677
0.674699 0.552878
0.594015 0.654619
0.931846 0.141999
0.810849 0.351639
0.759834 0.431228
0.965002 0.0795325
0.450386 0.803549
0.526866 0.730306
0.513864 0.742927
0.987436 0.0373802
0.324923 0.900911
0.745335 0.453189
0.366454 0.871843
0.878516 0.238265
0.591197 0.657919
0.523677 0.73251
0.397479 0.848813
0.501749 0.756858
0.60292 0.644073
0.580284 0.670928
0.847398 0.291338
0.929743 0.146309
0.88271 0.230948
0.517259 0.739818
0.767826 0.419297
0.401396 0.846256
0.621184 0.622171
0.67764 0.549206
0.508257 0.74855
0.833904 0.314496
0.86505 0.262252
0.569276 0.683465
0.962994 0.0832345
0.851542 0.284106
0.958534 0.0933349
0.588216 0.661969
0.719033 0.491222
0.537611 0.718281
0.869977 0.252874
0.343833 0.88842
0.813677 0.347703
0.836514 0.310052
0.9163 0.170842
0.994938 0.0214733
0.765701 0.422922
0.423497 0.827415
0.614996 0.629581
0.600301 0.647687
0.755768 0.437426
0.921955 0.160087
0.892961 0.212803
0.347099 0.886417
0.420866 0.829831
0.314503 0.908231
0.671791 0.556674
0.815892 0.344052
0.799497 0.37004
0.727185 0.479928
0.972086 0.0664711
0.970601 0.0695867
0.747947 0.449246
0.493627 0.763297
0.53016 0.725982
0.935811 0.135275
0.725434 0.48295
0.984981 0.0409995
0.950462 0.109334
0.955383 0.0991609
0.476957 0.779478
0.388632 0.855552
0.510745 0.746301
0.612751 0.631961
0.583198 0.66731
0.300833 0.915826
0.880259 0.235129
0.394391 0.852046
0.919216 0.167452
0.383509 0.859882
0.75001 0.445707
0.498532 0.759833
0.88787 0.222146
0.298361 0.91725
0.680387 0.545728
0.535711 0.720909
0.849985 0.288506
0.48155 0.774555
0.647629 0.588078
0.703951 0.512269
0.646031 0.590368
0.910224 0.181341
0.990293 0.030712
0.532145 0.72386
0.669527 0.559923
0.830283 0.321318
0.980494 0.0511892
0.335113 0.89378
0.909006 0.184063
0.694368 0.525994
0.93459 0.13763
0.585864 0.665321
0.575618 0.6765
0.938495 0.129503
0.5528 0.703263
0.577069 0.674127
0.690715 0.532479
0.831353 0.317846
0.486625 0.770456
0.891111 0.216523
0.682681 0.543043
0.913491 0.177498
0.757297 0.434673
0.692246 0.528725
0.333714 0.89532
0.435399 0.817093
0.384975 0.858345
0.920105 0.163051
0.391561 0.85393
0.479066 0.777728
0.979185 0.0518431
0.484465 0.77212
0.939419 0.128169
0.871903 0.249647
0.873304 0.246676
0.989508 0.0319832
0.704693 0.511557
0.914046 0.174825
0.551774 0.704287
0.95596 0.0964485
