40271 170.041
1 0
0.280775 0.921165
0.967775 0.0634116
0.345668 0.880514
0.962839 0.0729415
0.557117 0.68962
0.824482 0.320229
0.935273 0.125264
0.716616 0.486462
0.652077 0.574795
0.930485 0.134198
0.529127 0.720025
0.711412 0.493893
0.646197 0.58243
0.972145 0.0549345
0.551866 0.695444
0.56813 0.677228
0.534599 0.714204
0.689895 0.524045
0.38844 0.849115
0.876622 0.231533
0.497399 0.752594
0.76423 0.415952
0.694472 0.517708
0.385128 0.851677
0.945018 0.106941
0.622448 0.612558
0.618231 0.617791
0.862486 0.256118
0.788607 0.3781
0.819703 0.328087
0.836712 0.299913
0.362542 0.868564
0.424963 0.819406
0.525672 0.723669
0.856864 0.265784
0.884041 0.218471
0.444067 0.802804
0.760401 0.42179
0.357275 0.872355
0.757935 0.425534
0.394747 0.844175
0.473896 0.775422
0.708929 0.49742
0.886493 0.214131
0.843589 0.288358
0.339437 0.884782
0.801288 0.357938
0.866479 0.249215
0.923804 0.146585
0.889666 0.208494
0.438928 0.807342
0.860363 0.259776
0.478072 0.771447
0.521417 0.728125
0.992122 0.0156945
0.920949 0.151854
0.407861 0.83365
0.366376 0.865769
0.744254 0.446086
0.500872 0.749128
0.976656 0.0461434
0.353156 0.875281
0.461525 0.786995
0.854414 0.269976
0.988836 0.0222034
0.739619 0.452963
0.734383 0.460681
0.804362 0.353001
0.684784 0.53107
0.981334 0.0369832
0.504565 0.745414
0.880692 0.224381
0.586101 0.656486
0.379248 0.856171
0.563275 0.682721
0.625644 0.608569
0.829237 0.312366
0.75066 0.43651
0.511078 0.738799
0.470352 0.778769
0.785265 0.38336
0.791701 0.37321
0.601362 0.638364
0.63694 0.594308
0.286842 0.917721
0.719763 0.481941
0.312958 0.902057
0.507771 0.742168
0.561715 0.684476
0.316976 0.899526
0.851473 0.274994
0.324257 0.894857
0.90826 0.175064
0.663829 0.559331
0.571707 0.673151
0.548577 0.699064
0.910062 0.171786
0.738454 0.454686
0.537691 0.710889
0.899021 0.191761
0.872456 0.238821
0.926408 0.141768
0.806796 0.34908
0.747885 0.440668
0.336941 0.886471
0.593734 0.64748
0.705036 0.502924
0.612661 0.624647
0.433327 0.812227
0.960368 0.0776939
0.328255 0.892249
0.403568 0.837133
0.320666 0.897173
0.615095 0.621659
0.411406 0.830745
0.827508 0.31523
0.726892 0.471628
0.917228 0.158693
0.634226 0.597757
0.81189 0.340835
0.793922 0.369688
0.309133 0.904437
0.305705 0.906544
0.41451 0.828182
0.76883 0.4089
0.798429 0.362511
0.686967 0.528076
0.540703 0.70764
0.578331 0.665533
0.974179 0.0509744
0.671756 0.548744
0.914047 0.164518
0.905349 0.180343
0.453475 0.79436
0.947753 0.101764
0.628546 0.60493
0.450124 0.797388
0.724007 0.475813
0.818204 0.330542
0.796535 0.365532
0.767174 0.411444
0.660163 0.564184
0.590432 0.65139
0.59841 0.641906
0.640154 0.590202
0.680976 0.536272
0.928355 0.138157
0.673952 0.545788
0.754236 0.431128
0.839672 0.29495
0.912928 0.166562
0.878901 0.227533
0.781544 0.38919
0.4923 0.757641
0.545773 0.702132
0.464894 0.783873
0.51851 0.731147
0.29159 0.914975
0.467032 0.781881
0.436184 0.809743
0.543428 0.704686
0.665759 0.556765
0.941817 0.112981
0.994672 0.0106275
0.489962 0.759937
0.514415 0.735378
0.774488 0.400168
0.833157 0.305849
0.45756 0.790639
0.937705 0.12071
0.370674 0.862601
0.918526 0.15631
0.732659 0.463211
0.59618 0.644569
0.722121 0.478541
0.417901 0.825359
0.832751 0.306525
0.604536 0.634536
0.654738 0.571318
0.953335 0.0911532
0.869602 0.243792
0.938963 0.118348
0.902623 0.185271
0.605928 0.632852
0.892072 0.204207
0.374703 0.859598
0.48582 0.763979
0.644048 0.585202
0.997503 0.0049872
0.588498 0.65367
0.420286 0.823359
0.332168 0.889665
0.783263 0.386499
0.893302 0.202012
0.575707 0.668561
0.283456 0.919653
0.74554 0.444169
0.481925 0.767748
0.641956 0.587892
0.753416 0.432364
0.396772 0.842572
0.42873 0.816191
0.429603 0.815441
0.293372 0.913933
0.656464 0.569055
0.815226 0.335406
0.730159 0.466868
0.574128 0.670377
0.582174 0.661074
0.30188 0.908869
0.516173 0.733566
0.955503 0.0870144
0.77203 0.403969
0.868167 0.246286
0.581257 0.66214
0.486782 0.763043
0.897968 0.193654
0.676621 0.542185
0.377552 0.857454
0.679943 0.537678
0.776318 0.397331
0.609454 0.628566
0.941262 0.114025
0.729108 0.468401
0.697017 0.514168
0.668841 0.552651
0.845454 0.285207
0.609017 0.629099
0.677493 0.541003
0.839349 0.295494
0.702123 0.507024
0.815244 0.335377
0.481362 0.768291
0.871888 0.239811
0.631483 0.601229
0.778944 0.393247
0.949188 0.0990428
0.993893 0.0121759
0.903946 0.182881
0.895433 0.198199
0.353868 0.874777
0.372127 0.861521
0.956297 0.0854964
0.668384 0.553263
0.976309 0.046821
0.703675 0.504841
0.895989 0.197203
0.331503 0.890106
0.296845 0.911883
