42741 180.032
1 0
0.280775 0.921165
0.376834 0.857996
0.674301 0.545318
0.596894 0.643717
0.953807 0.0902525
0.947188 0.102835
0.341005 0.883716
0.860343 0.25981
0.524255 0.725157
0.774307 0.400449
0.86537 0.251134
0.45902 0.789301
0.837271 0.298977
0.699071 0.511299
0.446461 0.800673
0.832169 0.307495
0.735447 0.459117
0.950011 0.097479
0.783071 0.386799
0.528819 0.72035
0.574583 0.669855
0.983833 0.0320732
0.731551 0.464833
0.602852 0.636569
0.787647 0.379612
0.693792 0.518653
0.294063 0.913527
0.533125 0.715778
0.36968 0.863337
0.465039 0.783739
0.812711 0.339501
0.902842 0.184877
0.67984 0.537817
0.704876 0.50315
0.557179 0.689552
0.649145 0.578611
0.670455 0.550491
0.540415 0.707952
0.544984 0.702992
0.686722 0.528413
0.579798 0.663834
0.939992 0.116414
0.728094 0.46988
0.6637 0.559503
0.913157 0.166144
0.290047 0.915873
0.450293 0.797237
0.978871 0.0418113
0.537283 0.711327
0.779369 0.392585
0.926545 0.141514
0.739417 0.453263
0.382902 0.853386
0.709063 0.497229
0.362235 0.868786
0.898987 0.191823
0.347307 0.879378
0.592901 0.648469
0.335411 0.8875
0.895162 0.198685
0.794324 0.369049
0.487156 0.762679
0.714095 0.490068
0.754821 0.430245
0.491954 0.757981
0.725173 0.474125
0.610543 0.627238
0.518889 0.730754
0.702113 0.507037
0.921663 0.150537
0.910537 0.170923
0.314736 0.900941
0.300695 0.909582
0.563234 0.682767
0.97018 0.0587515
0.924191 0.145871
0.885436 0.216002
0.973907 0.0515043
0.942575 0.111553
0.965976 0.0668905
0.424078 0.820158
0.475104 0.774276
0.881509 0.222943
0.640614 0.589614
0.420564 0.823126
0.758081 0.425313
0.56001 0.686389
0.803317 0.354682
0.746745 0.442371
0.623541 0.611197
0.325842 0.893827
0.744077 0.446349
0.57132 0.673594
0.771247 0.405179
0.722315 0.478262
0.919208 0.155057
0.607261 0.631234
0.873609 0.236807
0.440267 0.806165
0.321751 0.896477
0.28469 0.918952
0.95742 0.0833467
0.805691 0.350862
0.763635 0.416862
0.357886 0.871917
0.828499 0.313589
0.847375 0.281955
0.711034 0.494431
0.808333 0.346598
0.825264 0.31894
0.87577 0.233027
0.318656 0.898459
0.867844 0.246846
0.515041 0.734732
0.403293 0.837355
0.503351 0.746638
0.31061 0.903521
0.888267 0.210981
0.566358 0.679239
0.436748 0.809251
0.766442 0.412566
0.906773 0.177763
0.499683 0.750317
0.494169 0.755797
0.690284 0.523508
0.741537 0.450123
0.93299 0.129531
0.839768 0.29479
0.820651 0.326532
0.552205 0.695069
0.581879 0.661417
0.644674 0.584396
0.81505 0.335693
0.796702 0.365266
0.497657 0.752338
0.929558 0.135922
0.85009 0.277347
0.716933 0.486007
0.916151 0.160668
0.471515 0.777674
0.408825 0.832862
0.791052 0.374237
0.620819 0.614584
0.660319 0.563979
0.427619 0.817142
0.384976 0.851794
0.388772 0.848856
0.568661 0.676625
0.883277 0.219821
0.390815 0.847263
0.800662 0.35894
0.900541 0.189025
0.58503 0.65774
0.845513 0.285108
0.752372 0.433936
0.630799 0.602093
0.511619 0.738246
0.405007 0.835969
0.843402 0.288673
0.854227 0.270296
0.484804 0.764965
0.871193 0.241023
0.617656 0.618501
0.857652 0.264434
0.96113 0.0762286
0.398623 0.841099
0.651905 0.57502
0.817028 0.332465
0.604984 0.633995
0.50547 0.7445
0.353129 0.8753
0.908201 0.175171
0.829918 0.311236
0.930492 0.134184
0.841617 0.291681
0.749298 0.438553
0.417203 0.825941
0.962491 0.0736102
0.818874 0.329445
0.30621 0.906235
0.780308 0.391119
0.87841 0.228397
0.508097 0.741837
0.644243 0.584951
0.302249 0.908646
0.590257 0.651596
0.482039 0.767638
0.657168 0.56813
0.971477 0.0562317
0.614182 0.622781
0.856577 0.266276
0.936815 0.122377
0.869823 0.243409
0.433997 0.811647
0.761565 0.420019
0.467881 0.781088
0.634669 0.597195
0.626536 0.607453
0.454816 0.793143
0.719958 0.48166
0.394571 0.844314
0.412946 0.829475
0.454433 0.793491
0.329225 0.891611
0.478241 0.771285
0.760038 0.422342
0.790079 0.375774
0.366154 0.865931
0.958981 0.0803564
0.989284 0.0213171
0.655068 0.570885
0.667008 0.5551
0.917109 0.158911
0.823268 0.322229
0.637107 0.594095
0.42974 0.815323
0.355381 0.873705
0.681535 0.53551
0.691586 0.521709
0.964443 0.0698506
0.432054 0.813329
0.61357 0.623532
0.66735 0.554643
0.627522 0.606216
0.415531 0.827334
0.892301 0.203799
0.63848 0.592344
0.586725 0.655754
0.548594 0.699045
0.89369 0.201318
0.683496 0.532833
0.332676 0.889327
0.588674 0.653463
0.410839 0.831212
0.978506 0.0425258
0.551813 0.695502
0.99093 0.0180577
0.54806 0.699631
0.750618 0.436573
0.307826 0.905243
0.63009 0.602987
0.718646 0.483548
0.659043 0.565663
0.653464 0.572985
0.942414 0.111855
0.99413 0.0117046
0.510012 0.739887
0.469591 0.779484
0.852721 0.272867
