1275093 600
0.812283 2.34716
0.812285 2.34609
0.81229 2.34505
0.812276 2.34782
0.66187 2.43293
0.280775 2.56712
0.602711 2.43644
0.602099 2.43791
0.855543 2.29075
0.85551 2.29189
0.678028 2.39565
0.855545 2.28991
0.959916 2.21034
0.858421 2.28409
0.843166 2.29411
0.858323 2.28491
0.843185 2.29265
0.988846 2.18718
0.858215 2.2869
0.959967 2.21001
0.903166 2.25113
0.691092 2.38365
0.959868 2.21149
0.977975 2.19706
0.924201 2.23742
0.69114 2.38339
0.993205 2.18581
0.994104 2.18425
0.994108 2.18288
0.961642 2.20822
0.968928 2.20169
0.691176 2.38288
0.975982 2.19728
0.280775 2.53664
0.280775 2.53808
0.528236 2.45767
0.5654 2.44143
0.738809 2.35265
0.86452 2.27307
0.996145 2.18145
0.350808 2.51796
0.816357 2.30939
0.350915 2.51669
0.96512 2.20286
0.822942 2.30292
0.989446 2.18598
0.280775 2.53725
0.965109 2.20404
0.280775 2.53507
0.964377 2.20637
0.816377 2.30737
0.99954 2.17536
0.350868 2.51769
0.876107 2.26537
0.983836 2.1895
0.816357 2.30751
0.822926 2.30397
0.996145 2.18032
0.528107 2.45905
0.280775 2.53508
0.971013 2.20139
0.42125 2.49612
0.971036 2.19858
0.980088 2.18995
0.876053 2.2654
0.980062 2.19087
0.565287 2.44246
0.280775 2.53431
0.999412 2.17704
0.978381 2.19248
0.978394 2.19119
0.980076 2.19064
0.92984 2.22832
0.876014 2.26805
0.738693 2.35291
0.949248 2.21659
