846483 330.006
0.280775 3.52801
0.861087 2.72955
0.280775 2.98221
0.469017 2.89178
0.967426 2.65805
0.87016 2.71762
0.976703 2.65152
0.87019 2.71713
0.280775 2.94562
0.95831 2.66223
0.280775 2.94521
0.965029 2.65906
0.280775 2.94536
0.870147 2.718
0.468829 2.89885
0.502144 2.88688
0.468647 2.91796
0.46549 2.92624
0.46875 2.90982
0.713147 2.8019
0.964344 2.66066
0.999313 2.63497
0.869998 2.7183
0.280775 2.95685
0.280775 2.94538
0.647912 2.82826
0.965012 2.65909
0.647777 2.85443
0.792269 2.75901
0.992002 2.64157
0.468909 2.89743
0.96505 2.65883
0.468792 2.90233
0.902985 2.68941
0.902783 2.69818
0.980273 2.64826
0.647829 2.83091
0.964975 2.65921
0.792199 2.7614
0.902704 2.71014
0.902873 2.69527
0.713245 2.79899
0.925772 2.68345
0.810962 2.75726
