286884 270.015
1 6.53746e-11
0.280775 1.43716
0.280775 1.2441
0.280775 1.15795
0.280775 1.02649
0.280775 1.00112
0.280775 1.18375
0.280775 0.923302
0.611083 0.626578
0.658219 0.568502
0.649307 0.581548
0.48244 0.76726
0.831006 0.309452
0.530708 0.718961
0.824235 0.321414
0.718975 0.483074
0.490454 0.760328
0.618977 0.617426
0.736997 0.466752
0.75187 0.434691
0.463379 0.786997
0.789369 0.376929
0.703282 0.505394
0.727102 0.475261
0.72766 0.471895
0.598285 0.645945
0.691894 0.522665
0.510098 0.739801
0.696492 0.514898
0.418977 0.824955
0.689223 0.532922
0.579257 0.665005
0.523824 0.725967
0.603492 0.637608
0.566691 0.67926
0.768786 0.410837
0.758819 0.428199
0.456786 0.792568
0.794589 0.369659
0.605441 0.633441
0.518477 0.732904
0.498473 0.752193
0.337954 0.887096
0.448116 0.799192
0.849964 0.282549
0.387932 0.850137
0.627479 0.607374
0.800918 0.358531
0.632921 0.600952
0.393557 0.845781
0.537306 0.711303
0.331857 0.889871
0.374239 0.86114
0.573217 0.671422
0.454052 0.794947
0.853343 0.271808
0.796738 0.365334
0.885216 0.216423
0.415485 0.831929
0.841072 0.293885
0.665664 0.558775
0.838847 0.302758
0.77368 0.403278
0.744812 0.446552
0.913771 0.165022
0.806346 0.351486
0.342027 0.884429
0.882649 0.22093
0.810112 0.344555
0.951997 0.0937163
0.949142 0.0991296
0.297921 0.911751
0.889531 0.211035
0.740083 0.452278
0.843462 0.288573
0.42395 0.821413
0.411304 0.833155
0.643574 0.586515
0.811888 0.340839
0.57197 0.674526
0.782869 0.387117
0.641246 0.592563
0.52697 0.722918
0.556872 0.69027
0.584923 0.658503
0.670179 0.557234
0.406911 0.835752
0.403252 0.837388
0.346296 0.881778
0.379937 0.856776
0.594571 0.647727
0.671216 0.549469
0.287519 0.917816
0.977931 0.0436672
0.87142 0.241564
0.562884 0.683162
0.370948 0.862972
0.936246 0.123443
0.954699 0.0885506
0.975337 0.0487173
0.312205 0.902528
0.903218 0.186063
0.683932 0.53381
0.588798 0.655093
0.547402 0.70198
0.3086 0.90522
0.560827 0.687248
0.846443 0.28355
0.590795 0.650962
0.916795 0.159487
0.893611 0.202372
0.749121 0.438829
0.778722 0.395169
0.905322 0.180889
0.714098 0.490064
0.504597 0.746914
0.30198 0.908818
0.879755 0.22727
0.32497 0.894395
0.39969 0.841616
0.980652 0.0394531
0.864307 0.253906
0.972994 0.053282
0.328662 0.893206
0.661285 0.562709
0.942642 0.111426
0.384406 0.852807
0.774994 0.400592
0.349532 0.87914
0.933674 0.128253
0.966852 0.0651982
0.918929 0.156426
0.962588 0.0734247
0.366613 0.865595
0.439092 0.808374
0.445958 0.804446
0.426385 0.818714
0.804261 0.355121
0.430392 0.816339
0.435797 0.810587
0.321476 0.897329
0.581796 0.661529
0.900737 0.191163
0.866811 0.248654
0.910964 0.170146
0.895824 0.197502
0.294202 0.914635
0.442198 0.805351
0.874545 0.236753
0.466631 0.782256
0.542778 0.70604
0.504475 0.747206
0.472307 0.777578
0.925455 0.143533
0.859887 0.262446
0.861875 0.257171
0.946712 0.104518
0.283342 0.920266
0.637022 0.594202
0.988326 0.0232116
0.675518 0.547934
0.695134 0.516789
0.927378 0.139971
0.30488 0.907049
0.891073 0.206861
0.964557 0.0696302
0.71725 0.486534
0.495699 0.755769
0.986253 0.0273053
0.95995 0.0784982
0.711711 0.494115
0.433407 0.814876
0.291273 0.916178
0.681914 0.537623
0.646938 0.582997
0.396907 0.84317
0.779926 0.391715
0.746489 0.442755
0.357685 0.874334
0.868813 0.245165
0.680994 0.54446
0.815864 0.33515
0.898048 0.193524
0.857195 0.265217
0.929831 0.135414
0.99079 0.0192738
0.469349 0.781402
0.765626 0.413816
0.921507 0.150825
0.316344 0.901224
0.553609 0.693519
0.479634 0.771377
0.994311 0.0113451
0.709456 0.497394
0.763953 0.417181
0.834993 0.304854
0.92284 0.148367
0.940456 0.117334
0.969155 0.0607384
0.970701 0.0577408
0.513895 0.737721
0.944689 0.107565
0.493 0.757938
0.762411 0.422747
0.90763 0.176208
0.552117 0.696576
0.992361 0.0152206
0.635284 0.597834
0.982588 0.0345201
0.931563 0.132191
0.548777 0.698843
0.47527 0.775721
0.707413 0.500996
0.998207 0.00490144
0.737588 0.461637
0.364127 0.867412
0.819102 0.329811
0.620457 0.615033
0.984127 0.0314949
0.939838 0.121
0.678046 0.546127
0.738573 0.455195
0.85504 0.268907
0.956983 0.0841838
0.996294 0.00739803
0.31842 0.899137
0.515561 0.735627
0.623759 0.612404
0.875874 0.232845
0.822268 0.323876
0.877718 0.229611
0.477332 0.772815
0.352721 0.876447
0.381342 0.855181
0.786311 0.382466
0.909133 0.173478
0.705839 0.504952
0.760466 0.425245
0.83293 0.306227
0.624991 0.610369
0.541198 0.707105
0.820363 0.327005
0.354353 0.875834
0.538787 0.7104
0.359853 0.870506
0.66009 0.565889
0.816344 0.333582
0.361547 0.870131
0.95834 0.0815851
0.786005 0.38301
