96415 330.057
1 0.00103241
0.280775 0.921778
0.841156 0.293426
0.83441 0.304722
0.934336 0.127984
0.286974 0.918205
0.938881 0.119571
0.583068 0.660724
0.577757 0.666954
0.476065 0.774059
0.703765 0.505564
0.797972 0.364085
0.889054 0.2106
0.723844 0.476914
0.697285 0.514638
0.671396 0.550052
0.830221 0.311691
0.966923 0.0661574
0.853142 0.273041
0.792606 0.372617
0.470065 0.779732
0.866962 0.249372
0.683578 0.533555
0.948792 0.100774
0.719691 0.482906
0.909443 0.173856
0.862558 0.256983
0.989646 0.021725
0.489026 0.761557
0.700603 0.510002
0.956161 0.0868421
0.293649 0.914387
0.535885 0.713558
0.357202 0.873047
0.693377 0.520069
0.980826 0.0389941
0.37091 0.863071
0.352865 0.876124
0.485111 0.765306
0.941433 0.114677
0.651917 0.57574
0.890689 0.20769
0.520864 0.729422
0.662803 0.56151
0.899679 0.191604
0.375322 0.859781
0.884107 0.219367
0.590357 0.652244
0.857089 0.266383
0.418554 0.825479
0.951353 0.0960085
0.556582 0.690892
0.552728 0.695166
0.97828 0.0439791
0.749107 0.439724
0.769451 0.408768
0.50077 0.74994
0.779647 0.39298
0.60047 0.640208
0.464102 0.785299
0.983582 0.0336829
0.844069 0.28852
0.850843 0.277046
0.504184 0.74651
0.597473 0.643796
0.75837 0.425688
0.638791 0.592673
0.41437 0.828903
0.826319 0.318152
0.953934 0.0910939
0.55955 0.687649
0.641581 0.589175
0.745904 0.444511
0.36149 0.869967
0.817637 0.332417
0.659411 0.565992
0.617253 0.619783
0.992351 0.0163665
0.666076 0.557162
0.945689 0.10665
0.896915 0.196475
0.603822 0.636173
0.708249 0.499236
0.819705 0.329034
0.626871 0.607752
0.802313 0.357142
0.881669 0.223577
0.608906 0.630012
0.921071 0.152678
0.389098 0.849197
0.514753 0.735748
0.751686 0.435857
0.995728 0.00965692
0.906772 0.178799
0.998503 0.00412467
0.400369 0.840363
0.545373 0.703238
0.43399 0.812266
0.786662 0.381999
0.511719 0.73886
0.497164 0.753536
0.872511 0.239725
0.789222 0.37805
0.422107 0.822434
0.807779 0.348347
0.761009 0.421762
0.772351 0.40438
0.73666 0.458207
0.539824 0.709257
0.622858 0.612835
0.944176 0.109509
0.392638 0.846491
0.810916 0.34327
0.648688 0.579937
0.9739 0.0526256
0.655154 0.571584
0.379037 0.85698
0.644761 0.585087
0.348658 0.879074
0.632457 0.600792
0.782669 0.388261
0.862989 0.25624
0.467694 0.781892
0.847945 0.281966
0.738917 0.454879
0.328922 0.89244
0.481474 0.768819
0.814616 0.337345
0.89445 0.200888
0.613516 0.624379
0.986956 0.0270388
0.411242 0.831543
0.902321 0.186846
0.777142 0.396961
0.492873 0.757782
0.822585 0.324306
0.730294 0.467541
0.606338 0.63313
0.444489 0.803109
0.366914 0.866018
0.525927 0.724125
0.690852 0.523562
0.437206 0.809527
0.799662 0.361387
0.763275 0.41831
0.95933 0.0806772
0.832888 0.30726
0.479323 0.770948
0.332883 0.889762
0.385697 0.85189
0.403767 0.837632
0.67345 0.547291
0.962157 0.075348
0.460602 0.788534
0.970162 0.0598877
0.716093 0.487991
0.924444 0.146361
0.733979 0.462069
0.457185 0.791668
0.857085 0.26639
0.315496 0.90103
0.755452 0.430184
0.612074 0.626146
0.846418 0.28455
0.281451 0.921398
0.426984 0.818356
0.56297 0.683812
0.573069 0.672346
0.574253 0.670989
0.784337 0.385733
0.766635 0.413091
0.528612 0.72123
0.916109 0.161693
0.346149 0.880817
0.532361 0.717321
0.679897 0.53857
0.324087 0.895595
0.926849 0.14191
0.6571 0.569033
0.994165 0.012765
0.453355 0.795154
0.985668 0.029578
0.918527 0.157355
0.364651 0.867673
0.619402 0.617126
0.804661 0.353456
0.635528 0.596901
0.40824 0.833943
0.439837 0.807221
0.569547 0.676368
0.303155 0.908717
0.971263 0.0576523
0.923109 0.148921
0.675972 0.543889
0.306936 0.906411
0.726951 0.472331
0.565513 0.680945
0.754214 0.432051
0.913914 0.165709
0.507536 0.743057
0.425036 0.820015
0.878941 0.22847
0.912488 0.168406
0.87022 0.243714
0.732368 0.464509
0.646762 0.582504
0.964172 0.0714683
0.336992 0.887011
0.686804 0.529136
0.442152 0.80518
0.741414 0.451185
0.629355 0.604705
0.310697 0.90409
0.710749 0.49569
0.397041 0.843016
0.869134 0.245603
0.791488 0.374386
0.568673 0.677363
0.494679 0.755999
0.717313 0.486322
0.447987 0.799989
0.45217 0.796226
0.548965 0.699376
0.874794 0.235738
0.508711 0.741928
0.586656 0.656598
0.765444 0.414996
0.593685 0.648306
0.406137 0.835714
0.298298 0.911637
0.594161 0.647672
0.32614 0.894204
0.539691 0.709467
0.517895 0.732505
0.93162 0.133145
0.97585 0.0488251
0.743636 0.447807
0.320082 0.898173
0.688666 0.526576
0.313963 0.902051
0.301302 0.909836
0.448918 0.799093
0.395628 0.844135
0.586983 0.656214
0.72772 0.471291
0.904901 0.182187
0.549813 0.698444
0.34296 0.883013
0.712924 0.492519
0.960026 0.0794416
