83748 360.078
1 0
0.280775 0.921165
0.942867 0.111001
0.469873 0.779219
0.464036 0.784671
0.572406 0.672351
0.4186 0.824774
0.476661 0.772794
0.385329 0.851522
0.989756 0.0203834
0.411848 0.830381
0.602676 0.636782
0.480156 0.76945
0.91788 0.157496
0.486244 0.763567
0.577044 0.66702
0.675828 0.543256
0.333651 0.888677
0.327401 0.892809
0.567188 0.678297
0.936963 0.1221
0.391149 0.847002
0.826259 0.317296
0.736525 0.457531
0.597083 0.643492
0.972255 0.0547209
0.77316 0.402223
0.740882 0.451094
0.929058 0.13685
0.985753 0.0282907
0.762262 0.418957
0.837067 0.29932
0.548253 0.699419
0.70047 0.509342
0.862305 0.25643
0.447333 0.799894
0.784162 0.385089
0.704528 0.50364
0.552888 0.694315
0.527764 0.721465
0.913151 0.166155
0.544996 0.702979
0.729088 0.468431
0.348517 0.878536
0.435474 0.810363
0.859199 0.261777
0.904932 0.181098
0.750867 0.436199
0.423042 0.821036
0.758328 0.424939
0.492955 0.756996
0.323162 0.895566
0.44008 0.80633
0.780315 0.391109
0.833904 0.304604
0.337971 0.885775
0.710121 0.495728
0.713529 0.490877
0.765042 0.41471
0.504482 0.745498
0.721944 0.478797
0.540773 0.707565
0.66818 0.553536
0.501398 0.7486
0.532095 0.716875
0.318499 0.898558
0.697549 0.513426
0.426688 0.817938
0.302827 0.908296
0.508702 0.741223
0.443415 0.803383
0.976229 0.0469766
0.623831 0.610834
0.871588 0.240334
0.634662 0.597205
0.590213 0.651648
0.748117 0.44032
0.627398 0.606372
0.793026 0.371109
0.365508 0.866404
0.89187 0.204567
0.670441 0.550509
0.884811 0.217109
0.4896 0.760292
0.902519 0.18546
0.887214 0.212852
0.707274 0.499764
0.353378 0.875124
0.786752 0.381021
0.613431 0.623702
0.605815 0.632988
0.663679 0.559531
0.830616 0.310078
0.926253 0.142056
0.958601 0.0810843
0.800492 0.359213
0.559935 0.686473
0.754356 0.430948
0.361734 0.869149
0.380223 0.855431
0.524308 0.725101
0.852085 0.273951
0.804521 0.352746
0.68161 0.535408
0.845778 0.284659
0.869047 0.244756
0.451988 0.795707
0.694444 0.517748
0.996875 0.00624025
0.768214 0.409847
0.537951 0.710608
0.584724 0.658098
0.402771 0.837775
0.776934 0.396374
0.369297 0.863619
0.457976 0.790258
0.896159 0.196899
0.534749 0.714044
0.689791 0.524188
0.511338 0.738534
0.922179 0.149586
0.608687 0.6295
0.865416 0.251055
0.617218 0.619042
0.587215 0.655179
0.919984 0.153629
0.648081 0.579992
0.645738 0.583023
0.822311 0.323804
0.51463 0.735156
0.895381 0.198293
0.854992 0.268989
0.395081 0.843911
0.843098 0.289186
0.642909 0.586668
0.74531 0.444513
0.993302 0.0133502
0.732847 0.462935
0.342307 0.882826
0.924342 0.145592
0.840266 0.293953
0.874194 0.235785
0.932332 0.130757
0.621206 0.614104
0.856487 0.26643
0.657898 0.567171
0.716304 0.486909
0.692174 0.520895
0.743471 0.447251
0.725778 0.473246
0.344511 0.881312
0.796581 0.365459
0.789426 0.376806
0.521531 0.728005
0.806727 0.349192
0.89986 0.190252
0.611244 0.62638
0.979665 0.0402555
0.90815 0.175264
0.306805 0.905871
0.819327 0.328703
0.654534 0.571585
0.801708 0.357265
0.293764 0.913703
0.94593 0.105216
0.823841 0.321286
0.816512 0.333308
0.555899 0.690976
0.406777 0.834533
0.593511 0.647745
0.962402 0.0737828
0.298435 0.910936
0.955512 0.0869967
0.430487 0.814681
0.882234 0.221663
0.314723 0.900949
0.967169 0.0645844
0.309029 0.904501
0.756119 0.428285
0.399996 0.840003
0.86681 0.248641
0.640644 0.589576
0.878296 0.228597
0.31266 0.902244
0.659383 0.565214
0.811357 0.3417
0.431953 0.813417
0.581097 0.662326
0.90873 0.17421
0.408261 0.833323
0.684604 0.531317
0.933717 0.128173
0.517053 0.732656
0.949787 0.0979041
0.286228 0.918074
0.519192 0.730439
0.719648 0.482106
0.790935 0.374422
0.638112 0.592813
0.936465 0.123034
0.397486 0.842005
0.796284 0.365932
0.73378 0.461566
0.6188 0.617087
0.280834 0.921132
0.970218 0.0586762
0.632035 0.600532
0.377021 0.857855
0.497179 0.752813
0.969158 0.0607319
0.563819 0.682109
0.850133 0.277274
0.889746 0.208352
0.831298 0.308943
0.557714 0.688955
0.497285 0.752708
0.778132 0.394511
0.373327 0.860627
0.955059 0.0878629
0.358205 0.871689
0.911596 0.168992
0.718127 0.484294
0.813945 0.337493
0.72643 0.472299
0.992475 0.0149929
0.847962 0.280961
0.290579 0.915564
0.952326 0.093076
0.581432 0.661937
0.594841 0.646164
0.67913 0.538783
0.296798 0.911911
0.952588 0.0925757
0.678267 0.539953
0.770104 0.40694
0.965698 0.0674277
0.808629 0.346119
0.629901 0.603225
0.875793 0.232987
0.457756 0.79046
0.454101 0.793792
0.841372 0.292094
0.653399 0.57307
0.650912 0.576314
0.880578 0.224582
0.687019 0.528005
0.900022 0.189961
0.372412 0.861309
0.564014 0.681888
0.947857 0.101567
