123058 520.107
1 0
0.280775 0.921165
0.82682 0.316368
0.482383 0.767307
0.583935 0.65902
0.870595 0.242064
0.843612 0.288319
0.42666 0.817961
0.900457 0.189176
0.577801 0.666146
0.798413 0.362537
0.747511 0.441228
0.939083 0.118123
0.742876 0.448136
0.451561 0.796093
0.718494 0.483767
0.568964 0.67628
0.529984 0.719117
0.432014 0.813364
0.468771 0.780254
0.729899 0.467248
0.848151 0.280639
0.327951 0.892448
0.981541 0.0365767
0.707899 0.498879
0.559279 0.687207
0.831581 0.308473
0.538491 0.710028
0.446789 0.800379
0.726072 0.472819
0.942793 0.111142
0.669333 0.551994
0.773899 0.401081
0.802505 0.355986
0.689051 0.525208
0.891467 0.205287
0.339344 0.884846
0.777106 0.396106
0.296155 0.912292
0.394927 0.844033
0.736838 0.457069
0.494001 0.755963
0.991675 0.0165813
0.785585 0.382856
0.487238 0.762599
0.646881 0.581545
0.35447 0.874351
0.880007 0.225587
0.700621 0.50913
0.740207 0.452093
0.877392 0.230183
0.889448 0.208882
0.597572 0.642908
0.936378 0.123196
0.672526 0.547708
0.627868 0.605782
0.770836 0.405811
0.321826 0.896428
0.456028 0.792039
0.895924 0.19732
0.79523 0.367609
0.780057 0.39151
0.475978 0.773445
0.515015 0.734759
0.665745 0.556783
0.71287 0.491816
0.768039 0.410117
0.840634 0.293335
0.650744 0.576532
0.691981 0.521162
0.81566 0.334698
0.75309 0.432856
0.497412 0.752581
0.782777 0.38726
0.458998 0.789321
0.594155 0.646979
0.694977 0.517007
0.443075 0.803685
0.611638 0.625899
0.909349 0.173085
0.765212 0.414451
0.750235 0.437147
0.818328 0.330339
0.524865 0.724517
0.291723 0.914898
0.758284 0.425005
0.419479 0.824038
0.822386 0.323681
0.489884 0.760013
0.572368 0.672395
0.42173 0.822144
0.382908 0.853381
0.713777 0.490523
0.63074 0.602167
0.866418 0.24932
0.614766 0.622063
0.402131 0.838291
0.358521 0.871463
0.624203 0.610371
0.697853 0.513001
0.335525 0.887423
0.388495 0.849072
0.398588 0.841127
0.792803 0.371464
0.37064 0.862626
0.917067 0.158988
0.331617 0.89003
0.307915 0.905188
0.886026 0.214957
0.602965 0.636433
0.755897 0.42862
0.80454 0.352716
0.911818 0.168589
0.311264 0.903115
0.704067 0.50429
0.472231 0.776998
0.663253 0.560095
0.678255 0.53997
0.882881 0.220522
0.838269 0.297304
0.920106 0.153406
0.300969 0.909418
0.606736 0.631872
0.381046 0.854804
0.895164 0.198681
0.812906 0.339184
0.600875 0.638949
0.367246 0.865131
0.439557 0.806789
0.723239 0.476926
0.390231 0.84772
0.854351 0.270084
0.575264 0.669072
0.376135 0.858523
0.656591 0.568888
0.303529 0.90787
0.543839 0.704239
0.548286 0.699383
0.7212 0.47987
0.969204 0.0606429
0.788751 0.377872
0.564028 0.681872
0.542801 0.705368
0.414474 0.828212
0.644241 0.584954
0.977848 0.0438127
0.409656 0.832182
0.463411 0.785251
0.84999 0.277516
0.608516 0.629708
0.518208 0.73146
0.587348 0.655023
0.90678 0.177751
0.61769 0.61846
0.534963 0.713814
0.520287 0.729302
0.287903 0.917112
0.285297 0.918606
0.761389 0.420286
0.500932 0.749067
0.835884 0.301298
0.63386 0.598222
0.989048 0.0217846
0.533376 0.71551
0.860761 0.259091
0.857606 0.264511
0.790025 0.375861
0.865559 0.250808
0.994268 0.0114316
0.405858 0.835279
0.502593 0.7474
0.563718 0.682223
0.962988 0.0726534
0.90287 0.184826
0.933808 0.128002
0.733024 0.462676
0.350118 0.877418
0.374581 0.859689
0.959021 0.0802796
0.952178 0.093358
0.967593 0.063763
0.362044 0.868925
0.914011 0.164584
0.685355 0.530288
0.944731 0.107483
0.762517 0.418568
0.523378 0.726076
0.505957 0.744007
0.43579 0.810087
0.733997 0.461248
0.364024 0.867486
0.862582 0.255952
0.928228 0.138392
0.675647 0.543502
0.705963 0.501616
0.68186 0.535066
0.873883 0.236329
0.621893 0.613249
0.874517 0.23522
0.925328 0.143768
0.975437 0.0485221
0.319473 0.897937
0.344434 0.881365
0.413552 0.828975
0.315489 0.900466
0.65301 0.573578
0.463175 0.785469
0.97155 0.0560904
0.884658 0.21738
0.555981 0.690885
0.852303 0.27358
0.820965 0.326016
0.915364 0.162109
0.511305 0.738567
0.858233 0.263437
0.956731 0.0846649
0.551923 0.695381
0.654583 0.571521
0.922905 0.148246
0.635364 0.596313
0.926179 0.142193
0.946197 0.104712
0.659642 0.564872
0.807515 0.34792
0.932784 0.129914
0.965065 0.0686495
0.961513 0.0754924
0.641653 0.588282
0.549314 0.698254
0.98809 0.0236791
0.348732 0.878386
0.508982 0.740937
0.344516 0.881309
0.684938 0.530859
0.588857 0.653248
0.638637 0.592143
0.950448 0.0966481
0.475212 0.774174
0.591208 0.650473
0.660266 0.564048
0.905451 0.180158
0.682157 0.534661
0.965773 0.0672824
0.436916 0.809104
0.834273 0.303988
0.281486 0.920766
0.807634 0.347727
0.810302 0.34341
0.929474 0.136078
0.949532 0.0983885
