69945 230.029
1 0.00109955
0.280775 0.921789
0.835917 0.302177
0.539946 0.709168
0.729625 0.468532
0.545613 0.703057
0.73415 0.46187
0.387586 0.85041
0.896159 0.19789
0.787396 0.380899
0.380459 0.85588
0.472411 0.777501
0.578607 0.665948
0.918023 0.158248
0.807581 0.348767
0.702898 0.506757
0.628793 0.605386
0.973385 0.0535916
0.984863 0.0311277
0.804056 0.354399
0.737165 0.457437
0.693829 0.519415
0.395021 0.844594
0.982039 0.0366791
0.443674 0.803812
0.451686 0.796642
0.844111 0.288418
0.478456 0.771756
0.92121 0.152389
0.455748 0.792958
0.824001 0.321946
0.613785 0.624025
0.671959 0.549269
0.610349 0.628267
0.322142 0.896831
0.89217 0.205021
0.928185 0.139497
0.399387 0.841127
0.937846 0.121478
0.970576 0.0590502
0.582114 0.661879
0.677893 0.541263
0.585295 0.658168
0.856738 0.266954
0.307192 0.906235
0.516864 0.733548
0.958462 0.0824057
0.955745 0.0876026
0.783081 0.38767
0.935312 0.126222
0.911507 0.170162
0.699659 0.511296
0.742352 0.44981
0.360774 0.870463
0.675141 0.544985
0.317703 0.89967
0.697003 0.515004
0.326335 0.894114
0.482363 0.768038
0.504667 0.746001
0.688177 0.527222
0.817724 0.332245
0.548748 0.699591
0.410025 0.832522
0.874324 0.236527
0.746099 0.444192
0.343374 0.882709
0.29044 0.916241
0.513606 0.736904
0.607107 0.632173
0.532122 0.717552
0.690554 0.523947
0.681311 0.53662
0.649795 0.578549
0.619511 0.616967
0.778378 0.395011
0.9874 0.0261274
0.940523 0.116452
0.925444 0.144575
0.960721 0.0780722
0.668723 0.553605
0.36468 0.867632
0.706223 0.502073
0.330198 0.891579
0.500288 0.750434
0.562846 0.683965
0.486937 0.763573
0.407037 0.834962
0.949948 0.098644
0.465129 0.784324
0.946275 0.105606
0.841128 0.293443
0.831259 0.309939
0.953504 0.0919337
0.495102 0.755559
0.617057 0.62
0.797063 0.365589
0.596532 0.644896
0.740395 0.452666
0.491877 0.75874
0.414317 0.828986
0.555576 0.692055
0.88541 0.217031
0.708383 0.499019
0.963092 0.0735138
0.356802 0.873312
0.750825 0.437122
0.45941 0.789609
0.568114 0.677974
0.867429 0.248531
0.997734 0.00562461
0.901527 0.188296
0.716722 0.487142
0.286054 0.918768
0.428199 0.817296
0.339058 0.885684
0.57472 0.670429
0.887788 0.212815
0.722764 0.47845
0.995768 0.00954093
0.915537 0.162802
0.923448 0.148263
0.60428 0.635596
0.904398 0.183063
0.747808 0.44164
0.863862 0.254703
0.879325 0.227813
0.528627 0.721257
0.905763 0.180594
0.768602 0.410125
0.883191 0.220952
0.871676 0.241149
0.72633 0.473285
0.565693 0.680717
0.42582 0.819327
0.641779 0.588896
0.416737 0.826975
0.462067 0.787161
0.860322 0.260852
0.91376 0.166051
0.854882 0.270129
0.652833 0.574593
0.815037 0.336629
0.633194 0.599836
0.643302 0.58694
0.826923 0.317124
0.437618 0.809145
0.762998 0.418704
0.660526 0.564494
0.684759 0.531913
0.79422 0.370112
0.333931 0.889101
0.299002 0.911197
0.828221 0.315023
0.846859 0.283773
0.57145 0.674212
0.799227 0.362138
0.881223 0.224472
0.377851 0.857857
0.498229 0.752454
0.71343 0.491847
0.422227 0.822372
0.638348 0.593286
0.420306 0.82399
0.720027 0.482439
0.432869 0.813311
0.898801 0.193151
0.813474 0.339174
0.526578 0.723418
0.520504 0.729774
0.5364 0.712983
0.369268 0.864298
0.510316 0.74027
0.752837 0.434097
0.663129 0.561092
0.848112 0.281651
0.790119 0.376605
0.761777 0.420565
0.588763 0.654136
0.930736 0.134757
0.593436 0.648577
0.488842 0.761715
0.932814 0.130886
0.439254 0.807712
0.52369 0.726449
0.373816 0.86092
0.775657 0.399237
0.993645 0.0137631
0.850684 0.277285
0.623007 0.612664
0.976001 0.0484947
0.82115 0.326633
0.711419 0.494712
0.989443 0.02209
0.9683 0.0634613
0.314002 0.902007
0.965092 0.0696596
0.979595 0.0414719
0.468658 0.78103
0.599216 0.641688
0.559589 0.687583
0.303078 0.908744
0.810161 0.34455
0.535063 0.714415
0.774512 0.401011
0.657205 0.568869
0.820305 0.328019
0.758432 0.425646
0.336418 0.887466
0.432215 0.813843
0.447953 0.799998
0.654597 0.572288
0.771009 0.406422
0.772113 0.404719
0.945361 0.107334
0.780913 0.391059
0.755379 0.430267
0.283036 0.920485
0.724931 0.475314
0.346739 0.880388
0.870093 0.243904
0.83881 0.297334
0.766136 0.413909
0.811066 0.343084
0.558585 0.688704
0.646596 0.582733
0.34831 0.879328
0.311632 0.90352
0.758957 0.42485
0.552047 0.695962
0.353757 0.875474
0.447116 0.800747
0.85258 0.274057
0.978793 0.0430398
0.368123 0.86511
0.391106 0.84767
0.637199 0.594751
0.683573 0.533534
0.507055 0.743587
0.908654 0.175351
0.634761 0.597849
0.889814 0.209217
0.976745 0.0470442
0.601796 0.63859
0.295391 0.913342
0.831017 0.31034
0.908582 0.175482
0.718492 0.484603
0.943182 0.111447
0.863115 0.25604
