1060612 470.011
0.280775 3.19704
0.280775 2.83061
0.280775 2.72603
0.631046 2.5664
0.893267 2.41875
0.63104 2.57563
0.928748 2.38784
0.280775 2.68456
0.68099 2.54562
0.696811 2.53385
0.983555 2.35444
0.681012 2.54072
0.928729 2.39368
0.928727 2.39504
0.986527 2.35252
0.970402 2.36418
0.280775 2.68334
0.92871 2.39759
0.280775 2.68421
0.941849 2.38713
0.899102 2.41237
0.910716 2.40637
0.910728 2.40388
0.945494 2.38245
0.941867 2.38396
0.686394 2.53804
0.413361 2.65029
0.413424 2.64913
0.941892 2.38364
0.94188 2.38365
0.89903 2.41297
0.810628 2.46776
0.280775 2.6814
0.280775 2.68226
0.994938 2.34368
0.996054 2.34303
0.715651 2.52203
0.817509 2.44749
0.280775 2.67955
0.980389 2.35474
0.413401 2.64937
0.96746 2.36434
0.59784 2.57768
0.974662 2.35752
0.997545 2.342
0.73987 2.50707
0.739895 2.50666
0.997757 2.34116
0.280775 2.68072
0.563793 2.59094
0.902682 2.40774
0.868832 2.4314
0.324397 2.6706
0.413669 2.64454
0.868864 2.43016
0.563772 2.59119
0.999546 2.33954
0.597897 2.57632
0.324423 2.67023
0.563396 2.59238
0.864699 2.43278
0.739745 2.50849
0.4135 2.64516
0.324336 2.67148
0.739809 2.50758
0.988308 2.34829
0.965575 2.36508
0.563323 2.59283
0.95073 2.37521
0.9507 2.37682
0.324384 2.67069
0.544016 2.60502
0.885883 2.41902
0.817467 2.46136
0.816487 2.46254
