50865 100.017
0.999998 0.0165144
0.280775 0.930657
0.466053 0.795668
0.607211 0.64778
0.54183 0.722697
0.425314 0.83215
0.6127 0.644006
0.549689 0.715459
0.598405 0.656002
0.477285 0.792188
0.434875 0.823472
0.462199 0.803957
0.403564 0.850958
0.443332 0.8194
0.684035 0.546232
0.695701 0.532737
0.576701 0.689446
0.571114 0.697826
0.409229 0.845709
0.431392 0.828302
0.727605 0.489723
0.680858 0.554326
0.59306 0.662814
0.842046 0.309677
0.32623 0.904481
0.580688 0.681866
0.400946 0.858191
0.649269 0.591568
0.494801 0.771047
0.837762 0.317854
0.52259 0.741445
0.728756 0.4817
0.665692 0.573682
0.925281 0.163912
0.7228 0.494795
0.89481 0.216938
0.898522 0.211265
0.711469 0.508784
0.356139 0.884347
0.616673 0.634409
0.58774 0.668354
0.873962 0.257366
0.497864 0.763761
0.690331 0.542493
0.820639 0.346609
0.519387 0.747753
0.958768 0.101729
0.656013 0.589102
0.782665 0.405955
0.562489 0.700782
0.810551 0.359338
0.320083 0.909907
0.787457 0.395467
0.95576 0.106898
0.792213 0.39079
0.639335 0.606026
0.413299 0.842461
0.418035 0.838011
0.628195 0.628632
0.636087 0.609822
0.621475 0.629257
0.508937 0.755193
0.807951 0.367411
0.581478 0.675813
0.876386 0.249484
0.785169 0.399254
0.929235 0.15776
0.394634 0.859051
0.843738 0.305461
0.491533 0.77492
0.538402 0.730731
0.344058 0.895105
0.67653 0.557347
0.485363 0.775264
0.942622 0.133694
0.660152 0.57683
0.87168 0.261579
0.504686 0.759851
0.35244 0.888236
0.756302 0.44555
0.572374 0.692415
0.966679 0.0842702
0.633994 0.616182
0.58566 0.671562
0.382668 0.866151
0.936794 0.14124
0.960758 0.0955442
0.455749 0.805775
0.390426 0.86119
0.362706 0.883075
0.972067 0.0711025
0.526809 0.738088
0.977263 0.0657659
0.760927 0.44313
0.939079 0.136004
0.802335 0.377399
0.774358 0.417263
0.994063 0.0281303
0.385195 0.862211
0.846603 0.299177
0.860301 0.274593
0.914008 0.182734
0.904429 0.198063
0.287941 0.928286
0.339435 0.898007
0.44599 0.814882
0.71996 0.498904
0.762393 0.438188
0.98039 0.0617045
0.867689 0.265276
0.776842 0.411737
0.987607 0.0446452
0.798177 0.380947
0.823634 0.339458
0.982272 0.0578018
0.901481 0.207118
0.748428 0.460914
0.997098 0.0237802
0.555603 0.715135
0.908047 0.194644
0.514091 0.748372
0.715718 0.504087
0.643562 0.602276
0.742722 0.467439
0.919889 0.170505
0.311514 0.916738
0.743808 0.462164
0.892524 0.222254
0.887801 0.228787
0.932755 0.149723
0.70748 0.517334
0.833868 0.32512
0.709453 0.514404
0.935551 0.146914
0.595853 0.658023
0.853159 0.289982
0.314574 0.914161
0.989853 0.0399699
0.911979 0.188067
0.923731 0.169704
0.630161 0.623332
0.51172 0.752007
0.983257 0.0511973
0.863116 0.271075
0.780455 0.410766
0.755201 0.451395
0.64827 0.598654
0.827246 0.334207
0.290338 0.924898
0.378395 0.86897
0.917632 0.175829
0.364263 0.879528
0.950351 0.118113
0.771451 0.419764
0.947855 0.119371
0.818122 0.350242
0.903227 0.203116
0.701084 0.527272
0.812558 0.355771
0.536342 0.731894
0.856247 0.286254
0.852085 0.294511
0.816147 0.353714
0.943944 0.126251
0.501152 0.761116
0.890278 0.224872
0.668825 0.568845
0.929992 0.153524
0.738871 0.469811
0.738576 0.474581
0.885387 0.237961
0.969902 0.0786245
0.732843 0.477317
0.699457 0.531683
0.887035 0.234432
0.837371 0.322912
0.336227 0.89963
0.749092 0.454761
0.964498 0.0893096
0.766241 0.431086
0.984613 0.0475144
0.795032 0.388029
0.631517 0.619462
0.764994 0.433936
0.453971 0.808776
0.368443 0.877415
0.974703 0.0695936
0.53107 0.734116
0.307096 0.918528
0.803776 0.37316
0.945393 0.124628
0.878665 0.246746
0.6584 0.585643
0.374636 0.874081
0.859187 0.280744
0.705941 0.523588
0.689702 0.54304
0.295457 0.924798
0.849515 0.298
0.866933 0.269822
0.670896 0.567779
0.910698 0.191988
0.917425 0.180358
0.28286 0.929879
0.301418 0.921985
0.319154 0.912948
0.618802 0.633583
0.769627 0.427657
0.993392 0.0339298
0.37175 0.8771
0.484339 0.78179
0.752238 0.453568
0.882278 0.240782
0.797124 0.384955
0.805857 0.37001
0.330411 0.903159
0.659918 0.582232
0.830636 0.327987
0.96259 0.0912619
0.999996 0.0215759
0.333289 0.902407
0.305055 0.920424
0.556819 0.706638
0.716513 0.501229
0.879719 0.241879
0.992276 0.0370886
0.828628 0.329483
0.34783 0.892571
0.416913 0.838447
0.298527 0.923568
0.770846 0.425688
0.348917 0.890761
0.478092 0.78687
0.673749 0.563501
0.556297 0.709813
0.734717 0.476941
0.376087 0.870794
0.703233 0.523721
0.825199 0.338237
0.9514 0.110966
0.968968 0.0795133
0.450872 0.811554
0.67479 0.562672
0.479668 0.78516
0.952039 0.110515
0.645643 0.600098
0.449572 0.812892
0.558872 0.702482
0.528941 0.734386
0.483784 0.784445
