99316 240.036
1 0
0.280775 0.921165
0.295491 0.912685
0.282927 0.919953
0.798103 0.363032
0.438561 0.807665
0.477727 0.771777
0.643187 0.58631
0.777774 0.395067
0.431958 0.813412
0.707681 0.499188
0.83411 0.304261
0.929388 0.136237
0.856646 0.266158
0.762127 0.419162
0.591171 0.650517
0.731858 0.464383
0.720093 0.481467
0.844145 0.28742
0.947872 0.101539
0.627422 0.606342
0.416644 0.826408
0.53366 0.715207
0.82979 0.311449
0.472588 0.77666
0.366824 0.86544
0.953923 0.0900306
0.658047 0.566974
0.338964 0.885104
0.96755 0.0638466
0.653743 0.572621
0.421723 0.82215
0.614294 0.622643
0.299749 0.910151
0.860643 0.259294
0.637856 0.59314
0.781398 0.389417
0.320299 0.897408
0.623382 0.611395
0.724244 0.475471
0.773787 0.401254
0.516674 0.733048
0.41297 0.829455
0.806354 0.349794
0.552538 0.694702
0.617247 0.619006
0.960695 0.0770647
0.600974 0.63883
0.507519 0.742424
0.821735 0.324751
0.764954 0.414846
0.520092 0.729505
0.595831 0.644986
0.568259 0.677082
0.853796 0.271032
0.555782 0.691107
0.932405 0.13062
0.678113 0.540163
0.587858 0.654423
0.735993 0.458314
0.97774 0.0440246
0.316725 0.899686
0.408828 0.83286
0.729046 0.468492
0.937764 0.120598
0.885019 0.216741
0.391384 0.846818
0.482741 0.766961
0.620806 0.614599
0.559256 0.687233
0.362936 0.868277
0.457292 0.790884
0.712723 0.492026
0.851263 0.275351
0.803315 0.354684
0.836895 0.299606
0.686475 0.528752
0.584661 0.658172
0.75361 0.432073
0.944446 0.108023
0.925854 0.142794
0.970279 0.0585593
0.870162 0.242818
0.387769 0.849636
0.817726 0.331325
0.696583 0.514773
0.699391 0.510852
0.693811 0.518626
0.704786 0.503276
0.887409 0.212506
0.428533 0.816359
0.325559 0.894011
0.52867 0.720508
0.743831 0.446716
0.503576 0.746411
0.327975 0.892433
0.454027 0.79386
0.564912 0.680874
0.425031 0.819349
0.359118 0.871034
0.702151 0.506985
0.371963 0.861644
0.581659 0.661673
0.840799 0.293057
0.501095 0.748904
0.813381 0.338411
0.681072 0.536141
0.683529 0.532789
0.66481 0.558028
0.636453 0.594927
0.809101 0.345356
0.442596 0.804109
0.497302 0.752691
0.909906 0.17207
0.312102 0.902592
0.342469 0.882715
0.309421 0.904259
0.873243 0.237446
0.512948 0.736885
0.571571 0.673307
0.901292 0.187673
0.562229 0.683899
0.491919 0.758016
0.914766 0.163203
0.34604 0.880256
0.847138 0.282357
0.980049 0.0395039
0.671824 0.548652
0.717247 0.485557
0.401124 0.839099
0.757703 0.425887
0.606277 0.632429
0.60429 0.634834
0.578764 0.665032
0.726174 0.472671
0.747409 0.441379
0.469538 0.779534
0.384097 0.85247
0.445041 0.801938
0.544816 0.703175
0.889878 0.208118
0.597718 0.642733
0.783833 0.385605
0.816618 0.333136
0.548894 0.698715
0.785852 0.382437
0.985269 0.0292442
0.395279 0.843754
0.742094 0.449297
0.51068 0.739206
0.739307 0.453426
0.632316 0.600176
0.848664 0.27977
0.972239 0.0547518
0.494939 0.755036
0.448525 0.798826
0.397448 0.842035
0.690995 0.522526
0.791882 0.372924
0.689292 0.524877
0.450628 0.796935
0.866235 0.249637
0.824603 0.320031
0.610264 0.627578
0.89822 0.1932
0.57627 0.667913
0.54181 0.706441
0.523662 0.725778
0.465535 0.783277
0.963063 0.0725096
0.975198 0.0489881
0.839289 0.295594
0.950341 0.0968528
0.333285 0.888921
0.573921 0.670615
0.378494 0.856742
0.95795 0.0823314
0.879522 0.226441
0.904958 0.181052
0.9203 0.153048
0.982859 0.0339872
0.943093 0.110576
0.771934 0.404118
0.882318 0.221514
0.922727 0.148575
0.874751 0.234811
0.864057 0.253406
0.750173 0.43724
0.89539 0.198277
0.755622 0.429036
0.35568 0.873492
0.488945 0.760933
0.715212 0.488471
0.405525 0.835549
0.956037 0.0859931
0.964697 0.0693589
0.788984 0.377505
0.667512 0.554428
0.935337 0.125145
0.660724 0.563444
0.333118 0.889032
0.3493 0.87799
0.536461 0.71221
0.484636 0.765128
0.940258 0.115915
0.674995 0.544382
0.90723 0.176934
0.609579 0.628413
0.991189 0.017545
0.767925 0.410291
0.461487 0.787029
0.648219 0.579812
0.924568 0.145175
0.891579 0.205086
0.769898 0.407257
0.794986 0.367997
0.487252 0.762586
0.547228 0.700541
0.82738 0.315443
0.304728 0.907141
0.912177 0.167932
0.934486 0.126735
0.461041 0.787442
0.403807 0.83694
0.375551 0.858961
0.737594 0.455955
0.917522 0.158153
0.981884 0.035904
0.876796 0.231229
0.539848 0.708564
0.630738 0.60217
0.351214 0.876649
0.940973 0.11457
0.78824 0.378678
0.304777 0.907111
0.353824 0.874808
0.466755 0.78214
0.803414 0.354526
0.897463 0.194561
0.646527 0.582003
0.65112 0.576042
0.525103 0.724267
0.881415 0.223108
0.823304 0.32217
0.674301 0.545318
0.527344 0.721908
0.877754 0.229548
0.793188 0.370852
0.988853 0.0221693
0.91654 0.159955
