960542 420.01
0.280775 3.09864
0.280775 3.05086
0.645354 2.93475
0.631202 2.93611
0.573222 2.95905
0.573051 2.96012
0.631196 2.93703
0.573385 2.95825
0.940238 2.76004
0.39576 2.99878
0.867553 2.7609
0.940263 2.75508
0.631215 2.93544
0.631208 2.9355
0.999332 2.72822
0.767254 2.84534
0.767198 2.86439
0.863593 2.79301
0.82077 2.82297
0.820722 2.83515
0.654877 2.89855
0.280775 3.01364
0.767265 2.84485
0.976909 2.72973
0.280775 3.01279
0.956655 2.74885
0.858884 2.81384
0.76722 2.86343
0.280775 3.01294
0.950107 2.75284
0.444962 2.97403
0.999986 2.71046
0.863521 2.79927
0.280775 3.01246
0.863421 2.81191
