73131 250.05
1 0.000954235
0.280775 0.921796
0.603304 0.636821
0.609109 0.629641
0.364023 0.868028
0.983228 0.0342006
0.452185 0.796104
0.962115 0.0752527
0.457786 0.791009
0.337267 0.886782
0.681659 0.53604
0.331442 0.890795
0.313818 0.90216
0.358177 0.872369
0.369448 0.864051
0.873435 0.237952
0.341672 0.883913
0.558672 0.688511
0.650445 0.577601
0.667968 0.554664
0.48527 0.765235
0.848634 0.28064
0.444066 0.803376
0.578802 0.665625
0.930982 0.134164
0.972083 0.0559828
0.964882 0.0699232
0.869988 0.24396
0.564647 0.681944
0.95858 0.08204
0.979548 0.0414207
0.525298 0.724808
0.994868 0.0114002
0.511751 0.738713
0.923485 0.148059
0.429126 0.816543
0.373478 0.86118
0.909203 0.174221
0.479762 0.770415
0.296747 0.912577
0.876163 0.233182
0.739398 0.454029
0.409876 0.832559
0.768513 0.410146
0.774038 0.401628
0.704587 0.504271
0.3775 0.858161
0.285074 0.919249
0.763108 0.418421
0.878681 0.228765
0.67558 0.544286
0.771437 0.405646
0.894354 0.200989
0.920858 0.152903
0.990143 0.0205626
0.425979 0.819232
0.791677 0.374024
0.7332 0.463317
0.928377 0.139204
0.34678 0.880398
0.808618 0.346927
0.913926 0.165615
0.748428 0.4406
0.953579 0.0918027
0.969361 0.061265
0.99251 0.0158716
0.90073 0.189549
0.765813 0.414288
0.32412 0.895592
0.926049 0.143319
0.393733 0.845526
0.59814 0.643022
0.61711 0.619834
0.947641 0.103086
0.88134 0.224087
0.813318 0.339485
0.575897 0.668978
0.986288 0.0281768
0.653869 0.573136
0.911818 0.169461
0.572827 0.672645
0.853352 0.272615
0.467563 0.781966
0.306765 0.906417
0.289215 0.916872
0.548852 0.699522
0.96741 0.065249
0.519232 0.73114
0.797175 0.365468
0.461361 0.787855
0.862699 0.25677
0.713804 0.491366
0.916742 0.160463
0.721871 0.479628
0.561005 0.686042
0.64323 0.58693
0.327141 0.893626
0.686078 0.529999
0.529065 0.720839
0.521983 0.728141
0.397516 0.842658
0.850395 0.277835
0.592362 0.649897
0.90662 0.178909
0.292895 0.914847
0.400576 0.840218
0.833519 0.306055
0.464341 0.785098
0.586952 0.656273
0.50067 0.749926
0.496004 0.754574
0.760207 0.422839
0.487607 0.76283
0.319227 0.89862
0.74578 0.444721
0.640593 0.590465
0.844515 0.287795
0.887736 0.212777
0.810811 0.343377
0.89194 0.205299
0.696382 0.51592
0.404144 0.837223
0.439988 0.80698
0.58883 0.653921
0.945646 0.106657
0.799954 0.361033
0.531341 0.718426
0.553509 0.694391
0.897074 0.196313
0.613088 0.624927
0.301417 0.909785
0.699499 0.511412
0.69449 0.518391
0.889962 0.208822
0.918504 0.15723
0.56782 0.678212
0.437964 0.808884
0.883557 0.220177
0.620301 0.615888
0.885601 0.216754
0.978236 0.0441977
0.826011 0.318509
0.5413 0.70775
0.719925 0.482433
0.72623 0.473482
0.936659 0.123566
0.831554 0.309325
0.98774 0.0253117
0.390244 0.848383
0.707677 0.50007
0.943451 0.111004
0.629623 0.604392
0.82061 0.327397
0.349519 0.878492
0.805516 0.351931
0.671264 0.550097
0.941773 0.114167
0.709881 0.496786
0.780599 0.391605
0.42088 0.823422
0.784754 0.385106
0.414477 0.828768
0.729761 0.468181
0.594523 0.647188
0.664489 0.559142
0.788551 0.378962
0.637945 0.593697
0.406977 0.835051
0.569958 0.675923
0.939583 0.118284
0.725147 0.47489
0.470819 0.778913
0.544511 0.704266
0.742264 0.449784
0.898626 0.193334
0.974668 0.0509519
0.823698 0.322322
0.753803 0.432529
0.672609 0.54829
0.633935 0.598796
0.975684 0.0491822
0.647061 0.582141
0.717285 0.486387
0.83627 0.301463
0.868003 0.247595
0.860746 0.260134
0.631422 0.602123
0.416105 0.827543
0.817866 0.331891
0.95607 0.0870488
0.784862 0.384936
0.865442 0.251845
0.839246 0.29648
0.583101 0.660776
0.421786 0.822658
0.491381 0.759137
0.663273 0.560756
0.433563 0.812718
0.855691 0.268619
0.497498 0.753225
0.840967 0.293588
0.656114 0.570197
0.317054 0.90012
0.55226 0.695772
0.38118 0.855249
0.657997 0.567877
0.815902 0.335099
0.546142 0.702349
0.354391 0.874944
0.614409 0.623307
0.635809 0.596417
0.691476 0.522567
0.903559 0.184447
0.626471 0.608198
0.777035 0.396983
0.689401 0.52543
0.35302 0.876034
0.472809 0.777035
0.951284 0.0961719
0.387649 0.850277
0.504124 0.746457
0.801779 0.35811
0.858762 0.263357
0.646061 0.583282
0.997547 0.00606519
0.777533 0.396207
0.743604 0.447961
0.535156 0.71436
0.434099 0.812252
0.583194 0.660524
0.538739 0.710514
0.515779 0.734576
0.933907 0.128911
0.515189 0.73532
0.508074 0.742462
0.730595 0.466962
0.751222 0.436411
0.842807 0.290493
0.701794 0.508358
0.794519 0.369693
0.950414 0.0978248
0.448101 0.799908
0.303714 0.908396
0.507778 0.742897
0.448268 0.799629
0.822176 0.325007
0.475202 0.774768
0.938013 0.121231
0.755903 0.429529
0.534702 0.714845
