25273 50.0075
1 0.0010891
0.280775 0.921753
0.456571 0.792201
0.90312 0.185362
0.511223 0.739338
0.894839 0.200244
0.444938 0.802683
0.724944 0.475286
0.772368 0.404317
0.757282 0.427381
0.982217 0.0363203
0.830749 0.310776
0.597963 0.64318
0.768613 0.410101
0.907444 0.177538
0.775514 0.399451
0.425071 0.819958
0.919082 0.156293
0.932884 0.130746
0.795002 0.36886
0.788421 0.379275
0.462279 0.786959
0.808233 0.34766
0.749132 0.439651
0.854409 0.270927
0.48035 0.769934
0.677294 0.542068
0.484388 0.76604
0.644357 0.585575
0.871029 0.242266
0.337737 0.88654
0.556367 0.691169
0.951062 0.0965177
0.655579 0.570994
0.359184 0.871602
0.399316 0.841178
0.746113 0.444164
0.977487 0.0455836
0.384545 0.85275
0.640881 0.590039
0.811166 0.342912
0.647515 0.581497
0.411926 0.830954
0.728393 0.470277
0.663294 0.560826
0.579851 0.664501
0.928605 0.138707
0.405859 0.835913
0.716592 0.48732
0.348923 0.878864
0.607229 0.632018
0.779463 0.393313
0.533108 0.716496
0.868283 0.247039
0.500371 0.75031
0.944569 0.108819
0.713389 0.491897
0.841476 0.292848
0.735449 0.459954
0.313621 0.90224
0.487928 0.7626
0.344356 0.882029
0.698594 0.512777
0.940245 0.116966
0.805107 0.352701
0.834114 0.305178
0.476756 0.773372
0.42071 0.823644
0.617024 0.620034
0.78425 0.385831
0.296525 0.912666
0.516821 0.733586
0.84962 0.279083
0.743174 0.448537
0.524849 0.725228
0.803043 0.356017
0.709315 0.497691
0.541494 0.707488
0.936251 0.124456
0.55334 0.694526
0.611546 0.62676
0.838961 0.297072
0.290756 0.916051
0.960872 0.0777727
0.576179 0.668743
0.85156 0.275786
0.491113 0.759484
0.891926 0.205447
0.302221 0.909257
0.332627 0.889964
0.590278 0.652306
0.971462 0.057321
0.827884 0.315527
0.690042 0.524646
0.883177 0.220968
0.560361 0.686711
0.670706 0.550942
0.825918 0.318775
0.55031 0.697869
0.450949 0.7973
0.54519 0.703474
0.46745 0.782155
0.969647 0.0608405
0.390925 0.847805
0.992307 0.0164072
0.323302 0.896077
0.984599 0.0316375
0.990372 0.0202428
0.900403 0.190261
0.680604 0.537575
0.433664 0.812582
0.326175 0.894212
0.630354 0.603415
0.587793 0.655233
0.942269 0.113157
0.404362 0.837125
0.721124 0.480808
0.627244 0.607324
0.504204 0.746462
0.997422 0.00623648
0.913045 0.167347
0.930603 0.134995
0.369854 0.863827
0.674129 0.546342
0.752765 0.434198
0.916179 0.161617
0.687967 0.527503
0.364549 0.867721
0.877224 0.231442
0.388389 0.849781
0.80007 0.360782
0.873856 0.237336
0.341232 0.884169
0.429138 0.816485
0.761325 0.421244
0.693297 0.520146
0.621002 0.615111
0.910485 0.172012
0.885681 0.216542
0.652334 0.575237
0.967114 0.0657451
0.732813 0.463823
0.937492 0.122131
0.601479 0.638965
0.437561 0.80919
0.330428 0.891422
0.947176 0.103891
0.650671 0.577402
0.963818 0.0721052
0.584697 0.65886
0.948509 0.101364
0.451403 0.796891
0.376216 0.859083
0.547424 0.701035
0.844128 0.288381
0.738364 0.45566
0.730849 0.466695
0.846608 0.284189
0.539047 0.710131
0.95686 0.0854627
0.582749 0.661134
0.815138 0.336456
0.418047 0.825876
0.441583 0.805655
0.660061 0.565101
0.865854 0.251249
0.925514 0.144436
0.666836 0.556116
0.994632 0.0117903
0.573979 0.671273
0.658763 0.566813
0.898589 0.193523
0.354957 0.874619
0.879691 0.227109
0.813866 0.338527
0.821414 0.32619
0.529603 0.720218
0.562257 0.684583
0.464563 0.784843
0.497374 0.753299
0.507711 0.742915
0.395131 0.844501
0.685062 0.53149
0.759692 0.423727
0.764293 0.416719
0.987677 0.0255695
0.86256 0.256939
0.778711 0.394484
0.528206 0.721695
0.953775 0.091354
0.636743 0.595324
0.569638 0.676234
0.710908 0.49543
0.306223 0.906823
0.565568 0.680852
0.594109 0.647772
0.70552 0.503058
0.470893 0.778925
0.521939 0.728273
0.363289 0.868638
0.298663 0.911394
0.310159 0.904398
0.785253 0.384259
0.881042 0.224732
0.637954 0.593782
0.921917 0.151077
0.288838 0.917163
0.63363 0.599277
0.702387 0.507466
0.890182 0.208552
0.374216 0.860584
0.318107 0.899408
0.791856 0.373851
0.87535 0.234724
0.701415 0.508829
0.605221 0.634452
0.823066 0.323475
0.613509 0.624356
0.62449 0.610769
0.798026 0.364045
0.520209 0.730075
0.619421 0.617071
0.318962 0.898863
0.695775 0.516706
0.818515 0.330942
0.473674 0.7763
0.864402 0.253761
0.857314 0.265958
0.95453 0.0899131
0.791439 0.37451
0.974048 0.052291
0.914815 0.164115
0.431133 0.81477
0.49424 0.756404
0.593575 0.648405
0.908944 0.174816
0.415118 0.828316
0.752417 0.434721
0.571381 0.674246
0.836618 0.300996
0.666251 0.556896
0.740806 0.45205
0.765931 0.414213
0.995872 0.0093243
0.719226 0.483541
0.67223 0.548898
0.860665 0.260204
0.859579 0.26207
0.371156 0.862863
0.380343 0.855962
