871504 370.008
0.280775 3.09864
0.391985 3.02763
0.391705 3.03389
0.280775 3.03795
0.391772 3.02878
0.391804 3.02823
0.516636 2.99034
0.964287 2.77474
0.845788 2.84342
0.964297 2.77469
0.845672 2.84471
0.911184 2.80673
0.907998 2.81019
0.280775 3.05086
0.945922 2.78502
0.91151 2.80604
0.945964 2.77891
0.931502 2.78967
0.878646 2.82024
0.392013 3.02257
0.878608 2.8252
0.767953 2.87911
0.878632 2.82052
0.867607 2.82555
0.81084 2.85165
0.767952 2.87941
0.767901 2.88
0.975798 2.76093
0.878668 2.81893
0.573454 2.96393
0.631214 2.93662
0.280775 3.04089
0.95208 2.77596
0.974562 2.76224
0.767991 2.87878
0.878659 2.82003
0.573431 2.96411
0.808233 2.85925
0.858329 2.83067
0.573629 2.9634
0.967746 2.76543
0.645354 2.93475
0.980229 2.75272
0.63121 2.94071
0.768002 2.87774
0.858245 2.83575
0.631203 2.94139
0.952062 2.77709
0.878689 2.81536
0.767797 2.8842
0.280775 3.04528
0.878615 2.82457
0.993142 2.74367
0.767948 2.87961
0.974484 2.76244
