93456 320.056
1 0.00106821
0.280775 0.921742
0.824393 0.321273
0.60928 0.62951
0.514014 0.736464
0.540905 0.708112
0.929919 0.136247
0.672607 0.548376
0.91062 0.171748
0.860936 0.259719
0.587905 0.655087
0.470352 0.779421
0.975778 0.0488992
0.603488 0.636531
0.882625 0.221924
0.918808 0.156777
0.67862 0.540255
0.797212 0.365327
0.949268 0.0999064
0.288579 0.917301
0.526398 0.723587
0.380783 0.855616
0.702691 0.507023
0.530225 0.719545
0.782334 0.388815
0.373333 0.861231
0.857078 0.266343
0.295817 0.913073
0.487524 0.762981
0.535249 0.714196
0.805864 0.351464
0.637065 0.594899
0.886087 0.215804
0.419552 0.824604
0.913538 0.166427
0.915918 0.162076
0.757439 0.427127
0.307288 0.906158
0.952379 0.0939936
0.395606 0.844114
0.463556 0.785765
0.958696 0.0819277
0.667196 0.555622
0.3404 0.884724
0.89836 0.193914
0.675162 0.544934
0.977733 0.045082
0.434035 0.812248
0.993155 0.0147047
0.617268 0.619718
0.544134 0.70461
0.312023 0.903228
0.754744 0.431199
0.938595 0.120043
0.740677 0.452224
0.457702 0.791155
0.779484 0.393263
0.801939 0.357771
0.82953 0.312782
0.476797 0.77332
0.927076 0.141523
0.38541 0.852073
0.995923 0.00920204
0.699411 0.51162
0.663216 0.560914
0.984996 0.0308348
0.441022 0.806137
0.44821 0.799749
0.497108 0.75355
0.97185 0.0565463
0.350376 0.877836
0.519236 0.731072
0.788715 0.378796
0.484508 0.765911
0.554898 0.692787
0.646094 0.58332
0.768812 0.409779
0.980662 0.0393492
0.933737 0.129135
0.75194 0.435423
0.41121 0.831531
0.749551 0.439008
0.880058 0.226446
0.737465 0.45697
0.960885 0.0777272
0.709994 0.496712
0.399163 0.841288
0.925097 0.145186
0.366557 0.866242
0.963933 0.0718633
0.86799 0.24753
0.642922 0.587407
0.719976 0.482445
0.986823 0.0272348
0.735476 0.459899
0.942533 0.11264
0.895697 0.198689
0.982207 0.0363182
0.808755 0.346799
0.522632 0.727536
0.855244 0.269482
0.810716 0.343624
0.577487 0.667221
0.358114 0.872357
0.633643 0.599245
0.955872 0.0873302
0.656065 0.570342
0.746752 0.443193
0.833728 0.305803
0.791309 0.374698
0.402491 0.838622
0.505194 0.74545
0.326486 0.893998
0.906815 0.178659
0.560418 0.686633
0.77696 0.397189
0.692204 0.521644
0.547449 0.700994
0.771701 0.40533
0.889533 0.209688
0.997755 0.00554979
0.836182 0.301708
0.557151 0.690282
0.7606 0.422331
0.613785 0.624003
0.49195 0.758649
0.592704 0.649424
0.391348 0.847463
0.869932 0.244156
0.573171 0.672184
0.69533 0.517308
0.892385 0.204608
0.722519 0.47878
0.863821 0.254747
0.83961 0.295966
0.30341 0.908526
0.936133 0.124657
0.627418 0.607091
0.85238 0.27437
0.727939 0.470923
0.595899 0.645628
0.584574 0.65899
0.821527 0.325988
0.580776 0.663413
0.564524 0.682018
0.430004 0.815729
0.499902 0.750765
0.865226 0.252318
0.904173 0.183443
0.793517 0.371202
0.872328 0.239985
0.940984 0.115555
0.568045 0.678032
0.569674 0.676179
0.967596 0.0647927
0.619953 0.616398
0.551077 0.697011
0.831509 0.309496
0.389261 0.849091
0.732317 0.464532
0.658852 0.56668
0.502634 0.748028
0.818215 0.331415
0.452475 0.79591
0.731028 0.466417
0.323491 0.895944
0.65212 0.5755
0.813575 0.338983
0.336554 0.887326
0.428134 0.817333
0.874072 0.236941
0.46068 0.788422
0.533819 0.715724
0.71731 0.486276
0.370398 0.863412
0.493332 0.757287
0.334297 0.88884
0.363314 0.868608
0.715662 0.488635
0.876251 0.233128
0.921752 0.151361
0.8779 0.230238
0.946789 0.104604
0.407542 0.834533
0.453711 0.79479
0.765341 0.4151
0.660729 0.564205
0.612032 0.626151
0.682001 0.535657
0.34519 0.881442
0.625874 0.609025
0.846466 0.284412
0.705883 0.50253
0.954369 0.0902003
0.706835 0.501185
0.51015 0.74042
0.785514 0.383832
0.697076 0.514879
0.353804 0.875424
0.969095 0.0618915
0.300477 0.910296
0.686637 0.529315
0.415643 0.827867
0.630924 0.602681
0.850963 0.276784
0.79568 0.367765
0.405733 0.836003
0.888034 0.212351
0.989348 0.0222467
0.575052 0.670026
0.724721 0.475594
0.922514 0.149957
0.360741 0.87047
0.666499 0.55655
0.844794 0.287239
0.423411 0.821353
0.653524 0.573669
0.285241 0.919215
0.89377 0.202136
0.991117 0.0187449
0.838213 0.298309
0.42442 0.820498
0.842557 0.291011
0.685145 0.531361
0.598404 0.642638
0.445122 0.802506
0.902171 0.187057
0.815897 0.335202
0.562795 0.683965
0.945451 0.107134
0.481069 0.76923
0.963172 0.0733288
0.766556 0.41324
0.803018 0.356041
0.774718 0.400667
0.820036 0.328434
0.473365 0.77658
0.689233 0.525745
0.480156 0.770108
0.3819 0.854765
0.62301 0.6126
0.344707 0.881774
0.414419 0.828883
0.582697 0.66118
0.508604 0.741994
0.648885 0.579707
0.78619 0.382769
0.762484 0.419463
0.437346 0.809365
0.640126 0.590991
