178489 560.113
1 0.00204553
0.280775 0.938502
0.280776 0.922351
0.379556 0.857348
0.70267 0.50822
0.899081 0.193892
0.741641 0.451815
0.76016 0.424067
0.384336 0.853661
0.763676 0.418773
0.460688 0.789227
0.706246 0.503077
0.309485 0.905555
0.688499 0.527811
0.727792 0.472165
0.699243 0.512904
0.485922 0.765392
0.731621 0.466613
0.79988 0.362168
0.444468 0.803872
0.933346 0.131248
0.871827 0.242023
0.896026 0.19929
0.925409 0.145934
0.456802 0.792771
0.86635 0.251665
0.956558 0.0874871
0.749121 0.440814
0.676574 0.544154
0.71234 0.494598
0.91799 0.159505
0.868986 0.246929
0.959168 0.0824593
0.816013 0.336182
0.818963 0.331503
0.78524 0.385443
0.342786 0.883964
0.583838 0.660707
0.566014 0.68125
0.930542 0.136359
0.902016 0.188681
0.660914 0.564949
0.39594 0.844709
0.840269 0.296072
0.427374 0.818812
0.440395 0.807559
0.673249 0.54851
0.720649 0.482496
0.569735 0.677075
0.709147 0.499044
0.863454 0.256573
0.289399 0.917572
0.354552 0.875662
0.481761 0.769415
0.664116 0.560678
0.874685 0.237239
0.580491 0.664703
0.787843 0.381259
0.667135 0.556717
0.928053 0.140968
0.391618 0.847989
0.949759 0.10032
0.715281 0.490216
0.67029 0.552447
0.403398 0.838725
0.685509 0.531927
0.772001 0.405872
0.628373 0.606853
0.577264 0.668459
0.993345 0.0158753
0.913441 0.167966
0.536712 0.71356
0.28494 0.920121
0.757351 0.428352
0.696181 0.517154
0.99079 0.0208
0.843019 0.291387
0.76926 0.410143
0.766427 0.414528
0.858257 0.265513
0.877241 0.232753
0.813163 0.340713
0.805315 0.353535
0.609815 0.62981
0.961741 0.0774702
0.532731 0.717747
0.982469 0.0371183
0.679553 0.539894
0.346985 0.881
0.682497 0.536129
0.802766 0.357582
0.860908 0.260987
0.399568 0.841766
0.893614 0.203682
0.587224 0.656803
0.782032 0.390399
0.947049 0.105369
0.374842 0.860889
0.33855 0.886713
0.593175 0.649884
0.808189 0.348804
0.62007 0.617177
0.77492 0.401436
0.940692 0.1174
0.910361 0.173527
0.524799 0.726096
0.904411 0.184226
0.305068 0.908257
0.606368 0.634106
0.350569 0.878361
0.646235 0.584101
0.388113 0.850728
0.752214 0.436078
0.436946 0.810559
0.2937 0.91512
0.518543 0.732711
0.826473 0.319015
0.551172 0.697837
0.464753 0.785477
0.297372 0.912947
0.324414 0.896108
0.562898 0.684812
0.643134 0.588199
0.879864 0.228133
0.521769 0.729324
0.920843 0.154347
0.301502 0.910373
0.718218 0.486076
0.890979 0.208399
0.590204 0.653328
0.837495 0.300732
0.418464 0.826323
0.50929 0.742149
0.489371 0.76201
0.554414 0.69426
0.368374 0.865691
0.734052 0.463052
0.810605 0.344981
0.500523 0.751069
0.314197 0.902538
0.855637 0.270017
0.473709 0.777103
0.96832 0.064786
0.796853 0.367104
0.754461 0.432652
0.35877 0.872655
0.91549 0.16418
0.886478 0.216446
0.92271 0.150906
0.320363 0.898754
0.648965 0.580613
0.640521 0.59149
0.600922 0.640611
0.979392 0.0431625
0.44825 0.80057
0.470622 0.780029
0.54531 0.704196
0.512498 0.738854
0.953874 0.0924054
0.823651 0.32377
0.995692 0.0111384
0.515351 0.735963
0.944871 0.109559
0.548181 0.701092
0.974039 0.0535989
0.327976 0.893788
0.542278 0.707519
0.888876 0.212199
0.334914 0.889206
0.62492 0.611251
0.821678 0.326842
0.965745 0.0696894
0.612563 0.626391
0.777394 0.397541
0.41264 0.831188
0.986683 0.028943
0.559902 0.688125
0.98423 0.0337186
0.833253 0.307937
0.331576 0.8915
0.603752 0.637111
0.364803 0.868284
0.637567 0.595207
0.884174 0.220438
0.631167 0.603326
0.988442 0.0254883
0.746204 0.445083
0.849423 0.280644
0.830761 0.31199
0.794928 0.370144
0.882088 0.224249
0.539504 0.710551
0.942633 0.113618
0.55724 0.691117
0.952129 0.0957906
0.737893 0.457443
0.975878 0.0500525
0.371996 0.86304
0.779783 0.393962
0.503663 0.747814
0.431495 0.815265
0.492335 0.759106
0.467398 0.783052
0.964028 0.0730222
0.651771 0.577008
0.506225 0.745335
0.453061 0.796143
0.997567 0.00733577
0.69202 0.522941
0.835328 0.304298
0.72422 0.477427
0.906922 0.179817
0.744286 0.447936
0.828672 0.31532
0.790925 0.376548
0.845605 0.287083
0.414887 0.829295
0.971589 0.0584249
0.653907 0.574053
0.497389 0.754209
0.596416 0.645948
0.52834 0.722594
0.622949 0.613657
0.361744 0.870632
0.616874 0.621169
0.851657 0.276711
0.423821 0.821793
0.853432 0.273758
0.317027 0.900823
0.43345 0.813576
0.935962 0.126255
0.937849 0.122714
0.792213 0.374372
0.6578 0.569056
0.421735 0.823553
0.495125 0.756401
0.978101 0.0456407
0.40839 0.834626
0.847238 0.28432
0.477058 0.773919
0.693324 0.521198
0.598062 0.643921
0.573935 0.672213
0.615269 0.623098
0.908518 0.17687
0.450924 0.798105
0.478711 0.772344
0.970225 0.0610471
0.736872 0.458865
0.40723 0.835605
