826977 310.006
0.280775 3.76761
0.280775 3.44485
0.280775 3.32636
0.280775 3.28529
0.280775 3.29017
0.280775 3.22008
0.80267 3.00932
0.997132 2.88583
0.969359 2.93343
0.280775 3.17182
0.802588 3.02185
0.802665 3.02139
0.802598 3.02155
0.694418 3.06981
0.280775 3.30902
0.802695 2.99501
0.522904 3.14415
0.280775 3.17115
0.280775 3.17143
0.986748 2.89213
0.280775 3.17262
0.802738 2.99464
0.802559 3.02471
0.969362 2.91337
0.904587 2.94075
0.694292 3.08131
0.969355 2.93825
0.784672 3.0358
0.802335 3.02514
0.694565 3.04572
