1377694 350.005
0.459378 2.57388
0.458954 2.57466
0.280775 2.62508
0.879571 2.35402
0.763367 2.4181
0.397525 2.58023
0.763284 2.41949
0.397404 2.58087
0.844502 2.36662
0.733908 2.43539
0.946745 2.2984
0.756454 2.41955
0.921993 2.30985
0.682722 2.45874
0.682535 2.46108
0.682635 2.46042
0.811101 2.38045
0.922044 2.30072
0.631352 2.47529
0.976446 2.26159
0.682735 2.45283
0.94676 2.28436
0.649704 2.46679
0.63132 2.47576
0.950052 2.28019
0.979286 2.2577
0.280775 2.59546
0.974998 2.26351
0.811104 2.37373
0.922009 2.30093
0.997742 2.247
0.993714 2.24794
0.503694 2.52824
0.503751 2.5268
0.99083 2.25042
0.98111 2.25587
0.280775 2.59231
0.765563 2.40306
0.820198 2.36824
0.820218 2.36694
0.976792 2.25878
0.820144 2.36828
0.280775 2.59242
0.685079 2.44432
0.97679 2.25974
0.787149 2.38469
0.981113 2.25451
0.97679 2.26129
0.965748 2.26682
0.947111 2.28274
0.684943 2.44802
0.697079 2.43601
0.685049 2.44711
0.280775 2.59365
0.787059 2.38483
0.786693 2.38566
0.95508 2.27684
0.592555 2.48847
0.280775 2.59232
0.888498 2.3222
0.280775 2.59285
0.895664 2.31543
0.997808 2.24486
0.820201 2.36735
0.965748 2.26942
0.59256 2.4884
0.997812 2.2429
0.965761 2.26646
0.794591 2.38222
0.78652 2.38666
0.895716 2.3147
0.997813 2.2422
0.959027 2.27029
