47509 120.014
1 0
0.280775 0.921165
0.633189 0.599072
0.818567 0.329948
0.702633 0.506307
0.606057 0.632695
0.789878 0.376093
0.695705 0.515995
0.924436 0.145419
0.967239 0.0644496
0.861077 0.258547
0.795361 0.3674
0.928366 0.138137
0.302382 0.908565
0.47725 0.772232
0.371937 0.861663
0.627871 0.605777
0.321878 0.896394
0.37889 0.856442
0.96277 0.0730731
0.86383 0.253798
0.600259 0.639689
0.449512 0.797939
0.736618 0.457393
0.591878 0.64968
0.824992 0.319388
0.573609 0.670973
0.327354 0.892839
0.459634 0.788736
0.812787 0.339377
0.36337 0.867963
0.569101 0.676124
0.909349 0.173085
0.464398 0.784334
0.431482 0.813823
0.368717 0.864048
0.472607 0.776642
0.638505 0.592311
0.79848 0.36243
0.732953 0.46278
0.609781 0.628167
0.848171 0.280607
0.809883 0.344089
0.72262 0.47782
0.355736 0.873452
0.553811 0.693293
0.816076 0.334021
0.657882 0.567191
0.803236 0.354812
0.351245 0.876627
0.763707 0.416752
0.561776 0.684408
0.806918 0.348884
0.427024 0.817651
0.652565 0.574159
0.495752 0.75423
0.410495 0.831494
0.39077 0.847299
0.297689 0.911381
0.739914 0.452527
0.867499 0.247445
0.597347 0.643176
0.77945 0.392458
0.686089 0.529282
0.540537 0.707819
0.316387 0.899899
0.414848 0.827901
0.671907 0.548541
0.918692 0.156004
0.481861 0.76781
0.576749 0.66736
0.667546 0.554382
0.782097 0.388324
0.359775 0.870562
0.730387 0.466534
0.487889 0.761964
0.784819 0.384059
0.948799 0.0997807
0.417853 0.825399
0.532149 0.716818
0.856735 0.266005
0.952691 0.0923796
0.969408 0.0602481
0.625196 0.60913
0.308741 0.904679
0.712016 0.493033
0.454576 0.793361
0.872802 0.238217
0.915638 0.161607
0.441694 0.804906
0.787401 0.379999
0.612896 0.624359
0.941412 0.113744
0.765947 0.413325
0.875591 0.23334
0.387367 0.849947
0.437952 0.808198
0.518953 0.730687
0.890612 0.20681
0.768807 0.408935
0.582415 0.660793
0.585641 0.657025
0.645344 0.58353
0.435108 0.810681
0.742399 0.448844
0.643471 0.585945
0.912736 0.166912
0.579912 0.663702
0.619901 0.615723
0.655172 0.570749
0.760059 0.42231
0.981391 0.0368713
0.705295 0.502559
0.727413 0.470871
0.884319 0.21798
0.484104 0.765643
0.977992 0.0435322
0.501352 0.748646
0.831393 0.308785
0.545854 0.702044
0.89619 0.196843
0.622102 0.612989
0.684688 0.531202
0.843789 0.288019
0.835323 0.302235
0.77265 0.403012
0.342977 0.882367
0.725382 0.473821
0.938207 0.119768
0.690607 0.523061
0.971782 0.0556395
0.536291 0.712392
0.421939 0.821967
0.513917 0.735889
0.49924 0.750759
0.28727 0.917476
0.40725 0.834148
0.639936 0.590482
0.961209 0.0760773
0.694124 0.518192
0.542932 0.705225
0.888532 0.21051
0.714695 0.48921
0.841 0.29272
0.54989 0.69762
0.900158 0.189715
0.95119 0.0952378
0.83836 0.297152
0.898005 0.193588
0.751007 0.435988
0.881344 0.223232
0.528739 0.720436
0.30874 0.904679
0.280826 0.921137
0.383804 0.852694
0.404417 0.836447
0.921395 0.151031
0.827834 0.31469
0.395108 0.84389
0.934793 0.126162
0.955819 0.0864094
0.673466 0.546444
0.522233 0.727273
0.516142 0.733597
0.833905 0.304603
0.754683 0.430453
0.709312 0.496876
0.558557 0.688014
0.757361 0.426405
0.291938 0.914772
0.664411 0.558558
0.339278 0.88489
0.67846 0.539692
0.556964 0.689791
0.46772 0.781238
0.97575 0.0479124
0.33128 0.890254
0.931194 0.132878
0.492197 0.757742
0.87079 0.241725
0.719144 0.482831
0.456169 0.79191
0.526973 0.7223
0.52399 0.725435
0.852967 0.272447
0.776516 0.397022
0.979938 0.0397207
0.616624 0.619774
0.775563 0.398502
0.469512 0.779559
0.423876 0.820329
0.707738 0.499108
0.945635 0.105775
0.937297 0.121474
0.293881 0.913634
0.958818 0.0806679
0.906969 0.177408
0.565326 0.680407
0.804266 0.353156
0.50517 0.744803
0.902029 0.186344
0.68104 0.536184
0.44575 0.801307
0.509468 0.740442
0.316948 0.899544
0.347362 0.87934
0.987853 0.024146
0.716625 0.486449
0.39962 0.840304
0.993652 0.0126559
0.510605 0.739283
0.753213 0.432671
0.905894 0.179357
0.946453 0.104228
0.381521 0.854442
0.401523 0.838779
0.869111 0.244645
0.506004 0.74396
0.661621 0.562258
0.9906 0.0187121
0.984174 0.0314018
0.49082 0.759096
0.535101 0.713667
0.588125 0.654109
0.744942 0.445062
0.548597 0.699041
0.648969 0.578839
0.893636 0.201414
0.333179 0.888992
0.880341 0.225
0.855257 0.268536
0.690966 0.522566
0.396532 0.842762
0.615544 0.621106
0.648886 0.578946
0.995286 0.00940595
0.893121 0.202334
0.589602 0.65237
0.566204 0.679413
0.797287 0.364333
0.933544 0.128495
0.444638 0.802297
0.287721 0.917217
0.345936 0.880329
0.745891 0.443646
0.878252 0.228673
0.943053 0.110651
0.920608 0.152481
0.825048 0.319295
0.886521 0.21408
