220144 520.065
1 0
0.280775 0.921165
0.374952 0.859411
0.990485 0.0189401
0.399131 0.840695
0.536752 0.711897
0.813083 0.338896
0.469251 0.779803
0.862958 0.255304
0.873046 0.237791
0.529626 0.719496
0.668313 0.553358
0.867064 0.248199
0.673202 0.546799
0.545179 0.70278
0.404176 0.836642
0.808253 0.346727
0.539774 0.708644
0.339707 0.884599
0.605851 0.632945
0.367485 0.864955
0.711446 0.493844
0.487352 0.762488
0.452017 0.795681
0.493566 0.756393
0.419382 0.824118
0.791241 0.373938
0.601279 0.638464
0.583804 0.659172
0.889725 0.20839
0.571687 0.673174
0.333567 0.888733
0.870168 0.242807
0.40906 0.83267
0.39259 0.845873
0.439553 0.806793
0.904284 0.182271
0.818697 0.329735
0.64613 0.582516
0.859188 0.261796
0.822692 0.323177
0.576047 0.66817
0.994273 0.0114207
0.446043 0.801045
0.686432 0.528811
0.651048 0.576136
0.832572 0.306823
0.558161 0.688456
0.930946 0.13334
0.706277 0.501173
0.292746 0.9143
0.827827 0.314703
0.485024 0.764752
0.724373 0.475283
0.548538 0.699106
0.347571 0.879195
0.390424 0.847569
0.690222 0.523594
0.379372 0.856077
0.562529 0.683561
0.423547 0.820608
0.384829 0.851907
0.746131 0.443289
0.749658 0.438012
0.480194 0.769413
0.343606 0.881935
0.499593 0.750407
0.351703 0.876305
0.309276 0.904349
0.761517 0.420092
0.676247 0.542689
0.475798 0.773616
0.644231 0.584966
0.320769 0.897107
0.877917 0.229262
0.766633 0.412273
0.729334 0.468072
0.609127 0.628965
0.900024 0.189956
0.430257 0.814879
0.981003 0.0376329
0.755526 0.42918
0.598336 0.641994
0.842798 0.289691
0.355339 0.873734
0.783179 0.386631
0.908368 0.174868
0.882862 0.220554
0.510281 0.739613
0.715281 0.488374
0.520911 0.728652
0.880283 0.225102
0.595215 0.64572
0.679026 0.538924
0.764145 0.416082
0.986887 0.0260544
0.426818 0.817826
0.628241 0.605314
0.698701 0.511817
0.787352 0.380077
0.444087 0.802787
0.304976 0.90699
0.79605 0.366304
0.414615 0.828094
0.977501 0.0444925
0.737113 0.456664
0.324683 0.894581
0.655315 0.570562
0.523859 0.725572
0.793912 0.369703
0.8853 0.216244
0.660503 0.563735
0.495781 0.754202
0.769548 0.407796
0.726953 0.47154
0.7325 0.463444
0.692417 0.520558
0.526839 0.72244
0.459188 0.789146
0.967282 0.0643652
0.936902 0.122215
0.555514 0.691404
0.917856 0.157541
0.718815 0.483306
0.911021 0.170041
0.771449 0.404866
0.506708 0.743247
0.902665 0.185197
0.463385 0.785275
0.781077 0.389919
0.465119 0.783664
0.82466 0.319936
0.920759 0.152203
0.939421 0.117487
0.640163 0.590191
0.636348 0.595062
0.734273 0.460843
0.289035 0.916459
0.897766 0.194016
0.852933 0.272505
0.983951 0.0318405
0.798786 0.361942
0.435866 0.810021
0.579891 0.663727
0.316728 0.899683
0.433855 0.81177
0.786305 0.381724
0.846727 0.283053
0.301848 0.908888
0.921986 0.149943
0.975015 0.0493459
0.973853 0.0516104
0.587514 0.654828
0.891287 0.205607
0.36533 0.866534
0.664617 0.558285
0.965907 0.0670234
0.412773 0.829619
0.844729 0.286434
0.683729 0.532514
0.454799 0.793158
0.361658 0.869204
0.564764 0.681041
0.721067 0.480063
0.928602 0.137699
0.971371 0.0564393
0.979313 0.0409454
0.854697 0.269493
0.502563 0.747431
0.924533 0.145239
0.382753 0.8535
0.297851 0.911285
0.961944 0.074663
0.327932 0.892461
0.652751 0.573916
0.775075 0.399258
0.945562 0.105912
0.9589 0.0805113
0.839664 0.294964
0.330399 0.890837
0.740816 0.451192
0.701375 0.508074
0.663832 0.559327
0.893547 0.201573
0.753108 0.432828
0.568535 0.676768
0.702707 0.506203
0.612495 0.62485
0.816442 0.333423
0.713436 0.491009
0.616063 0.620466
0.947036 0.103122
0.774219 0.400584
0.739316 0.453412
0.800324 0.359482
0.624253 0.610308
0.625127 0.609216
0.778114 0.394539
0.933884 0.127861
0.850482 0.276681
0.58858 0.653574
0.695281 0.516584
0.313082 0.90198
0.639263 0.591343
0.621107 0.614226
0.591533 0.650089
0.551921 0.695383
0.457308 0.790869
0.913365 0.165764
0.751713 0.434927
0.705317 0.502528
0.513878 0.735929
0.834091 0.304292
0.50455 0.745429
0.619684 0.615992
0.578829 0.664957
0.827095 0.315914
0.803361 0.35461
0.895918 0.197331
0.696097 0.515449
0.616626 0.619773
0.567307 0.678163
0.478123 0.771399
0.592506 0.648937
0.970052 0.0589998
0.956982 0.0841851
0.743253 0.447575
0.758493 0.424689
0.802317 0.356287
0.948806 0.0997667
0.836794 0.299775
0.517268 0.732433
0.848712 0.279688
0.552589 0.694645
0.633756 0.598353
0.285131 0.9187
0.758667 0.424424
0.517593 0.732097
0.359236 0.870949
0.611896 0.625583
0.778602 0.393779
0.658084 0.566926
0.513124 0.736704
0.909091 0.173553
0.281319 0.92086
0.925595 0.143274
0.806025 0.350323
0.743999 0.446466
0.681704 0.535279
0.941097 0.114336
