124863 250.032
1 1.91559e-10
0.280775 0.921165
0.95409 0.0899904
0.937332 0.124922
0.959132 0.0823534
0.943646 0.119334
0.612767 0.625046
0.562113 0.685509
0.462966 0.788009
0.513817 0.736635
0.609097 0.631062
0.510027 0.742136
0.617195 0.621186
0.375693 0.86299
0.678289 0.541494
0.934631 0.131244
0.964218 0.080718
0.952949 0.0989761
0.967544 0.07467
0.6814 0.535861
0.988829 0.0254816
0.651696 0.582838
0.467136 0.783144
0.487468 0.762664
0.73074 0.469507
0.850657 0.277391
0.491978 0.758542
0.571367 0.674438
0.847634 0.282948
0.36936 0.86446
0.948443 0.110149
0.469997 0.779222
0.714246 0.490276
0.639833 0.593186
0.528504 0.72342
0.378223 0.857215
0.495631 0.755517
0.931024 0.135362
0.407329 0.835455
0.988391 0.0334551
0.867481 0.249832
0.951934 0.105618
0.994895 0.0238034
0.399503 0.841475
0.861534 0.264006
0.718053 0.485167
0.458957 0.791567
0.344424 0.882793
0.664418 0.559537
0.709067 0.497468
0.602299 0.638641
0.658428 0.575096
0.779903 0.393009
0.548674 0.699994
0.642797 0.587692
0.727547 0.474372
0.706426 0.504262
0.908699 0.184467
0.575265 0.669736
0.655834 0.579207
0.667505 0.55523
0.824423 0.321711
0.60511 0.633934
0.923394 0.148922
0.5241 0.727503
0.365954 0.868009
0.646371 0.585035
0.726338 0.480356
0.557423 0.689496
0.382855 0.85495
0.96834 0.0676095
0.500563 0.752396
0.403643 0.837935
0.483987 0.766092
0.692002 0.522353
0.480343 0.769466
0.68926 0.526744
0.834803 0.30636
0.859914 0.270407
0.802361 0.358762
0.584427 0.658973
0.598728 0.642361
0.58131 0.662665
0.67589 0.547361
0.874926 0.23606
0.517787 0.733273
0.505868 0.745127
0.87428 0.249811
0.694699 0.517809
0.783554 0.389126
0.286108 0.919617
0.877501 0.231167
0.972337 0.0646804
0.454731 0.794185
0.73289 0.463471
0.300267 0.915634
0.553839 0.697728
0.929341 0.141459
0.69777 0.514023
0.319914 0.898223
0.720317 0.48131
0.749904 0.440056
0.412868 0.83277
0.986653 0.0396657
0.342422 0.887096
0.944054 0.112974
1 0.00925078
0.620585 0.616454
0.361628 0.870824
0.636473 0.596912
0.474454 0.775077
0.92669 0.145297
0.566325 0.681813
0.305348 0.914021
0.759002 0.424314
0.841414 0.294833
0.753172 0.435606
0.659835 0.567733
0.577825 0.666293
0.295163 0.916511
0.307831 0.91025
0.899502 0.194962
0.828385 0.317412
0.290285 0.917651
0.909437 0.17665
0.794423 0.371342
0.536332 0.715308
0.630697 0.603226
0.874687 0.243324
0.904684 0.193601
0.588012 0.655435
0.703531 0.513643
0.309797 0.904952
0.799031 0.362838
0.921937 0.155491
0.357839 0.872814
0.89682 0.205944
0.916662 0.161687
0.897606 0.199299
0.797479 0.366985
0.74281 0.449685
0.907225 0.190283
0.43506 0.812257
0.822498 0.326164
0.820068 0.330332
0.424847 0.819717
0.661141 0.563744
0.502651 0.748434
0.438903 0.80997
0.764707 0.418229
0.595425 0.645631
0.389257 0.84931
0.832108 0.309715
0.627546 0.607214
0.52036 0.729262
0.388958 0.854788
0.568468 0.678577
0.712071 0.494829
0.776734 0.396962
0.789464 0.377734
0.634202 0.601156
0.739953 0.459567
0.985569 0.0452006
0.351693 0.882296
0.862629 0.257092
0.354604 0.876254
0.326012 0.898106
0.740247 0.452422
0.429052 0.816452
0.865266 0.255228
0.44838 0.805883
0.892375 0.207025
0.847507 0.290879
0.761643 0.420592
0.330961 0.892267
0.476819 0.772798
0.703616 0.506968
0.454492 0.801476
0.336168 0.887563
0.315882 0.900554
0.879925 0.226791
0.54508 0.703077
0.921838 0.161358
0.735631 0.460163
0.393453 0.846601
0.592937 0.648982
0.395275 0.84407
0.554871 0.69241
0.592017 0.654141
0.794166 0.377407
0.885614 0.216751
0.757193 0.429953
0.771063 0.406426
0.91404 0.16579
0.831947 0.316633
0.982567 0.0480515
0.767355 0.413871
0.816599 0.344771
0.543503 0.706358
0.625231 0.616268
0.891393 0.212415
0.452196 0.804017
0.819787 0.336886
0.768319 0.41047
0.314411 0.904201
0.326894 0.893612
0.625918 0.611
0.980844 0.0516041
0.819197 0.34143
0.748946 0.449242
0.431901 0.815224
0.423418 0.823308
0.420372 0.825868
0.787725 0.382888
0.884452 0.221714
0.775431 0.401082
0.672993 0.554218
0.846258 0.294581
0.887429 0.212966
0.910415 0.171971
0.78564 0.38466
0.856572 0.276716
0.840012 0.303983
0.335059 0.890724
0.686708 0.534075
0.415889 0.831012
0.807109 0.357357
0.538746 0.711293
0.540013 0.708912
0.841338 0.303278
0.77479 0.406275
0.975527 0.0611824
0.417556 0.827627
0.884209 0.226759
0.913188 0.169719
0.756721 0.43388
0.535067 0.721218
0.533521 0.72234
0.688581 0.533836
0.858904 0.276464
0.811432 0.35372
0.675449 0.553617
0.815192 0.348646
0.749823 0.446732
0.813232 0.350958
0.997504 0.0196889
0.35406 0.881525
0.444236 0.809969
0.445921 0.809418
0.809954 0.357343
