1056998 460.011
0.280775 3.09864
0.280775 3.05086
0.950055 2.59763
0.280775 2.90277
0.871646 2.64834
0.758915 2.72463
0.280775 2.88155
0.864484 2.65156
0.766612 2.69415
0.758935 2.71072
0.705371 2.73869
0.999167 2.55272
0.864391 2.65248
0.974778 2.5683
0.997441 2.55449
0.766593 2.70565
0.991239 2.55887
0.885331 2.63866
0.99995 2.55193
0.970807 2.5848
0.864474 2.65199
0.766517 2.7066
0.766458 2.70767
0.766597 2.6956
0.280775 2.86993
0.902739 2.62915
0.705409 2.72604
0.280775 2.86949
0.644572 2.75396
0.970745 2.58494
0.837359 2.66745
0.766582 2.706
0.970834 2.57108
0.950054 2.59865
0.970824 2.58395
0.644135 2.75407
