43767 150.023
1 0.00117758
0.280775 0.921813
0.765407 0.415104
0.972079 0.0562283
0.977123 0.0464024
0.724423 0.476126
0.888474 0.211688
0.910136 0.17275
0.771369 0.405946
0.884089 0.219435
0.414231 0.829116
0.72924 0.469111
0.468796 0.780962
0.92017 0.154375
0.847654 0.282514
0.90625 0.179804
0.737267 0.457346
0.913252 0.167071
0.935648 0.125666
0.997827 0.00553845
0.966068 0.067873
0.532223 0.717494
0.463396 0.785993
0.563765 0.682959
0.58811 0.654934
0.39631 0.843633
0.454168 0.794442
0.601445 0.639081
0.430421 0.815449
0.359877 0.871166
0.291011 0.915951
0.630579 0.603193
0.824322 0.321501
0.837453 0.299694
0.624383 0.610979
0.922633 0.149859
0.871348 0.241809
0.776399 0.398167
0.761034 0.421775
0.305999 0.907021
0.942315 0.113153
0.355351 0.874401
0.98433 0.0322763
0.83055 0.311201
0.786646 0.382159
0.595824 0.645807
0.840014 0.295381
0.627276 0.607346
0.434607 0.811817
0.740527 0.452548
0.65124 0.576725
0.783093 0.387734
0.988854 0.0233536
0.733899 0.462315
0.373836 0.860931
0.994543 0.0120772
0.61694 0.620214
0.711874 0.494122
0.447553 0.800417
0.437702 0.809132
0.680611 0.53763
0.636391 0.595834
0.404279 0.837257
0.690869 0.523571
0.51185 0.738767
0.904144 0.183614
0.720966 0.48112
0.633791 0.59915
0.817446 0.332782
0.458161 0.790814
0.856066 0.268191
0.795644 0.367911
0.489963 0.76068
0.929753 0.136678
0.947436 0.103482
0.986833 0.0273451
0.901424 0.188523
0.584787 0.658829
0.285522 0.919126
0.315021 0.901422
0.865977 0.251134
0.932458 0.131644
0.642354 0.588229
0.378114 0.857703
0.858111 0.264668
0.810269 0.34444
0.450397 0.797864
0.687853 0.527742
0.392145 0.846915
0.551031 0.697147
0.548601 0.699817
0.956507 0.0862434
0.370629 0.863317
0.540646 0.708478
0.508808 0.741856
0.853177 0.273125
0.748811 0.440201
0.746358 0.443866
0.703 0.506671
0.663899 0.560102
0.598636 0.64245
0.99154 0.0180373
0.418158 0.825836
0.878309 0.229637
0.319172 0.898778
0.926333 0.143021
0.756629 0.428438
0.486642 0.763922
0.662135 0.562441
0.779098 0.39397
0.803095 0.356026
0.339842 0.885165
0.705329 0.503409
0.605467 0.63423
0.363781 0.868343
0.32908 0.892359
0.700119 0.510727
0.5605 0.686629
0.791841 0.373947
0.610677 0.627881
0.813211 0.339685
0.827134 0.316859
0.808228 0.34776
0.60682 0.63259
0.335543 0.888066
0.714794 0.489976
0.821514 0.326119
0.916418 0.161261
0.294422 0.913967
0.349706 0.878367
0.443449 0.804071
0.567667 0.678533
0.731717 0.465495
0.472399 0.777573
0.658619 0.567081
0.693502 0.519944
0.979174 0.0423935
0.95135 0.0960557
0.333181 0.889657
0.968678 0.0628052
0.408311 0.833969
0.949889 0.0988314
0.441612 0.805696
0.648271 0.580597
0.476594 0.773581
0.535922 0.71356
0.814793 0.337092
0.759688 0.423821
0.528424 0.721536
0.676212 0.543596
0.515325 0.735186
0.544993 0.703747
0.695614 0.517011
0.69805 0.513602
0.86276 0.256691
0.899375 0.19221
0.554619 0.693183
0.613731 0.624144
0.754757 0.431283
0.819875 0.328809
0.386602 0.851229
0.523727 0.72646
0.800371 0.360391
0.620846 0.615366
0.963165 0.0734481
0.860895 0.259905
0.718978 0.48398
0.677918 0.541303
0.925348 0.144825
0.834184 0.305155
0.876035 0.233623
0.46091 0.78829
0.383584 0.853551
0.500309 0.750441
0.843814 0.289005
0.480074 0.770267
0.497188 0.753553
0.389361 0.849089
0.669036 0.553259
0.716679 0.487263
0.781238 0.390634
0.868449 0.246849
0.322207 0.896833
0.575555 0.669535
0.351868 0.876863
0.842769 0.290766
0.380974 0.855546
0.537484 0.71187
0.850154 0.278272
0.672332 0.548824
0.483853 0.766626
0.502235 0.748511
0.685433 0.531048
0.894866 0.200296
0.345312 0.881418
0.939782 0.117918
0.526982 0.723057
0.96995 0.0603391
0.30124 0.909897
0.297947 0.911869
0.573498 0.671882
0.582109 0.661953
0.981922 0.0370073
0.667471 0.55535
0.881652 0.223736
0.558253 0.689141
0.571118 0.67462
0.657262 0.568849
0.959443 0.0805996
0.426685 0.818636
0.309717 0.904733
0.493167 0.757519
0.645645 0.583993
0.709191 0.497933
0.708008 0.499625
0.543458 0.705431
0.673259 0.547594
0.88058 0.225643
0.591746 0.650647
0.311515 0.903605
0.938179 0.120928
0.592244 0.650057
0.953849 0.0913173
0.82877 0.314134
0.773429 0.402766
0.578117 0.666581
0.400374 0.840397
0.751407 0.436326
0.916006 0.162037
0.891311 0.206622
0.619761 0.616727
0.897541 0.195502
0.892605 0.204314
0.799012 0.362562
0.796997 0.365776
0.834463 0.30467
0.743762 0.447733
0.962293 0.0751253
0.873787 0.237555
0.958982 0.0815052
0.474523 0.775549
0.752364 0.434871
0.519741 0.730631
0.944849 0.108396
0.425483 0.81966
0.639689 0.591627
0.805766 0.351731
0.851369 0.276187
0.742875 0.449051
0.981018 0.038781
