176005 540.105
0.999999 0.0173205
0.280775 0.930825
0.500583 0.761425
0.496373 0.765473
0.957361 0.101448
0.971924 0.0741993
0.658575 0.579923
0.791839 0.388444
0.896897 0.212998
0.360296 0.880851
0.906476 0.19506
0.355566 0.88415
0.838776 0.312613
0.974738 0.068665
0.87912 0.244486
0.455405 0.804328
0.327401 0.903145
0.903557 0.200963
0.482801 0.779902
0.732481 0.478324
0.893969 0.21791
0.380825 0.86584
0.372544 0.872015
0.683045 0.547282
0.429445 0.826786
0.591592 0.664196
0.802638 0.37143
0.944696 0.125323
0.84165 0.307366
0.30252 0.91895
0.735689 0.47349
0.351233 0.886919
0.876153 0.249236
0.504647 0.757228
0.444118 0.814217
0.376748 0.869177
0.76249 0.433645
0.525349 0.7357
0.649277 0.591794
0.459417 0.800439
0.571214 0.687609
0.977249 0.0634501
0.521873 0.739616
0.934722 0.142248
0.854951 0.284997
0.960742 0.0954509
0.307186 0.916083
0.712737 0.50642
0.984423 0.0488184
0.331754 0.900103
0.514942 0.746951
0.886241 0.230293
0.857957 0.280079
0.95504 0.106228
0.952349 0.111307
0.518474 0.743506
0.486739 0.77598
0.969113 0.0795337
0.440217 0.81753
0.947452 0.120007
0.315611 0.910828
0.511251 0.75065
0.368312 0.875447
0.311326 0.913705
0.385036 0.862532
0.750298 0.452005
0.756795 0.441727
0.347209 0.890295
0.59447 0.659418
0.930062 0.152031
0.448095 0.810838
0.451389 0.807648
0.987101 0.0445184
0.72401 0.490032
0.698602 0.525445
0.93261 0.14715
0.938177 0.137683
0.671611 0.562683
0.587402 0.667362
0.674619 0.558671
0.799507 0.376473
0.87096 0.257901
0.868222 0.263006
0.86304 0.27136
0.981906 0.0543318
0.469758 0.791033
0.364734 0.878051
0.492998 0.770141
0.537693 0.724314
0.917593 0.175591
0.709467 0.510917
0.607955 0.643288
0.783861 0.400862
0.914631 0.180431
0.747528 0.456303
0.759505 0.437679
0.87328 0.253823
0.781275 0.405106
0.861145 0.276635
0.770796 0.421064
0.567055 0.691043
0.433127 0.823538
0.88158 0.238662
0.396561 0.854964
0.729293 0.482558
0.795041 0.38356
0.852613 0.289814
0.655124 0.584247
0.611502 0.640568
0.668652 0.566763
0.600491 0.652663
0.621974 0.626256
0.979846 0.0585953
0.478507 0.782736
0.436587 0.820703
0.618962 0.630239
0.652618 0.58743
0.815665 0.35217
0.507837 0.753913
0.32287 0.906187
0.865906 0.267088
0.949945 0.115957
0.392406 0.857246
0.466344 0.794354
0.462869 0.797182
0.343507 0.892979
0.419838 0.83616
0.778475 0.409256
0.765683 0.428834
0.425058 0.83022
0.69549 0.530414
0.775961 0.413222
0.545743 0.714278
0.686007 0.543636
0.388684 0.859877
0.788581 0.393129
0.64423 0.599849
0.549346 0.710632
0.336562 0.898382
0.805053 0.366609
0.641029 0.60396
0.645958 0.595607
0.990141 0.0403192
0.773251 0.417338
0.597202 0.655467
0.883923 0.235445
0.679284 0.552077
0.927975 0.157094
0.767681 0.425427
0.635828 0.608909
0.339529 0.895416
0.285774 0.92845
0.726619 0.485978
0.688604 0.539661
0.745246 0.46099
0.844345 0.302793
0.826289 0.333341
0.584708 0.67109
0.891066 0.22277
0.810207 0.359207
0.533974 0.727148
0.812568 0.355447
0.909288 0.190519
0.925773 0.160861
0.807787 0.363411
0.96266 0.0917147
0.941952 0.129919
0.558661 0.700398
0.821776 0.340311
0.320345 0.909131
0.997757 0.0256198
0.817731 0.347034
0.489376 0.772163
0.58168 0.674146
0.540484 0.719878
0.78671 0.396564
0.715582 0.502257
0.889326 0.226056
0.923266 0.165069
0.562133 0.696479
0.579505 0.678266
0.738403 0.469065
0.66186 0.574963
0.298207 0.921505
0.574068 0.68337
0.96597 0.0881747
0.995578 0.0301243
0.529258 0.732308
0.829423 0.32788
0.39948 0.851123
0.628692 0.617622
0.899878 0.207656
0.797702 0.380794
0.84721 0.300325
0.415319 0.838502
0.824577 0.335801
0.473365 0.787684
0.614145 0.636094
0.967402 0.0845086
0.665293 0.569709
0.423047 0.833448
0.940398 0.133773
0.67762 0.554681
0.413344 0.840645
0.543082 0.717392
0.405466 0.846619
0.691307 0.536188
0.402882 0.849985
0.835889 0.317603
0.295304 0.92306
0.705393 0.516639
0.291775 0.925399
0.576264 0.680793
0.615895 0.633511
0.720863 0.494414
0.819822 0.343636
0.625428 0.623416
0.552041 0.707694
0.564455 0.694183
0.638072 0.606507
0.919779 0.171486
0.475266 0.785346
0.833903 0.322381
0.900884 0.205297
0.991419 0.0355732
0.830679 0.325882
0.531278 0.730143
0.999667 0.0214588
0.742276 0.463772
0.693239 0.533419
0.718311 0.499836
0.913154 0.185377
0.706822 0.514362
0.921822 0.169438
0.604594 0.647247
0.850131 0.293965
0.992795 0.0324754
0.288813 0.926831
0.604155 0.649253
0.702333 0.520701
0.754123 0.446717
0.409609 0.843561
0.556248 0.702881
0.632315 0.613434
0.740594 0.466227
0.554431 0.705301
0.753222 0.447595
0.84895 0.295902
0.911814 0.187875
0.626637 0.620338
