49584 210.047
1 0
0.280775 0.921165
0.601829 0.637801
0.636135 0.595332
0.629043 0.604305
0.714106 0.490052
0.676423 0.542452
0.872634 0.238511
0.593945 0.64723
0.877771 0.229518
0.799281 0.36115
0.70708 0.500037
0.354783 0.874129
0.471953 0.77726
0.836731 0.299881
0.402557 0.837948
0.478536 0.771004
0.754025 0.431447
0.841864 0.291265
0.804525 0.35274
0.529935 0.719168
0.547265 0.700501
0.452888 0.794893
0.458474 0.789801
0.851717 0.274579
0.566248 0.679363
0.560818 0.685483
0.360829 0.869802
0.31464 0.901002
0.643501 0.585906
0.669741 0.551448
0.817919 0.331009
0.647683 0.580507
0.882395 0.22138
0.941157 0.114223
0.32024 0.897446
0.821693 0.324821
0.573464 0.671139
0.552494 0.69475
0.933 0.129511
0.990824 0.0182688
0.580774 0.662702
0.437727 0.808395
0.43305 0.812468
0.576641 0.667485
0.324352 0.894795
0.569073 0.676156
0.937256 0.121551
0.396158 0.843059
0.834307 0.303931
0.737925 0.455466
0.441408 0.805159
0.886556 0.214018
0.617514 0.618677
0.445679 0.80137
0.468266 0.780727
0.539329 0.709124
0.924357 0.145564
0.947958 0.101375
0.862403 0.256261
0.789053 0.377395
0.368545 0.864175
0.291436 0.915065
0.858983 0.262149
0.848066 0.280785
0.681744 0.535226
0.700948 0.508672
0.734896 0.459929
0.449221 0.7982
0.372676 0.861113
0.955588 0.0868507
0.305622 0.906595
0.921432 0.150962
0.381804 0.854226
0.99418 0.0116061
0.364706 0.86699
0.745545 0.444163
0.420762 0.82296
0.787153 0.38039
0.854773 0.269363
0.51317 0.736656
0.525539 0.723809
0.386179 0.850866
0.408525 0.833107
0.792885 0.371333
0.810391 0.343267
0.389479 0.848306
0.66454 0.558387
0.74973 0.437904
0.685062 0.53069
0.903343 0.183972
0.716265 0.486965
0.796414 0.365725
0.980969 0.0376989
0.915061 0.162662
0.722923 0.477382
0.985911 0.0279785
0.519377 0.730247
0.880399 0.224897
0.959937 0.0785205
0.429436 0.815585
0.679069 0.538866
0.557986 0.688652
0.496672 0.753317
0.484462 0.765296
0.928634 0.137638
0.349234 0.878036
0.780036 0.391543
0.866976 0.248353
0.864466 0.252699
0.464397 0.784336
0.826043 0.317654
0.502208 0.747787
0.329451 0.891462
0.487541 0.762304
0.509636 0.740272
0.397885 0.841688
0.48134 0.768312
0.843713 0.288148
0.926743 0.141148
0.554971 0.692007
0.901072 0.18807
0.660158 0.564192
0.462102 0.786462
0.625957 0.608178
0.846337 0.283714
0.741163 0.450677
0.490391 0.759517
0.334943 0.887813
0.760342 0.42188
0.824284 0.320557
0.73221 0.463868
0.654071 0.572191
0.766383 0.412657
0.534213 0.714617
0.499752 0.750248
0.830845 0.309696
0.344421 0.881374
0.774596 0.400001
0.768708 0.409088
0.613734 0.623331
0.68725 0.527687
0.703941 0.504467
0.770808 0.405856
0.972067 0.0550858
0.424305 0.819965
0.742593 0.448555
0.815136 0.335553
0.535331 0.713421
0.376296 0.858402
0.667637 0.554261
0.412938 0.829483
0.888012 0.211435
0.91705 0.159019
0.50563 0.744338
0.909369 0.173048
0.828901 0.312923
0.964817 0.0691282
0.783709 0.385801
0.807098 0.348593
0.417068 0.826054
0.620485 0.614998
0.543965 0.704102
0.943158 0.110454
0.912453 0.167429
0.301357 0.909184
0.378591 0.856669
0.694032 0.51832
0.295586 0.912629
0.656802 0.568611
0.542411 0.705791
0.426487 0.818109
0.975798 0.0478186
0.869892 0.243288
0.697633 0.513308
0.773042 0.402406
0.341426 0.883428
0.331273 0.890258
0.282186 0.920371
0.605056 0.633908
0.783078 0.386789
0.639565 0.590957
0.61257 0.624758
0.587776 0.65452
0.89528 0.198473
0.890439 0.207118
0.777459 0.395558
0.97874 0.0420671
0.896712 0.195908
0.757172 0.426691
0.967637 0.0636794
0.794221 0.369212
0.945814 0.105435
0.640192 0.590154
0.764208 0.415985
0.719468 0.482366
0.689721 0.524285
0.690969 0.522562
0.951029 0.0955434
0.905789 0.179547
0.522565 0.726926
0.812183 0.340359
0.623906 0.610741
0.988648 0.0225759
0.584022 0.658918
0.310132 0.903818
0.911397 0.169355
0.730264 0.466714
0.977817 0.0438741
0.609609 0.628377
0.719964 0.481652
0.952903 0.091976
0.725185 0.474107
0.60606 0.632692
0.40963 0.832203
0.584745 0.658073
0.507385 0.742561
0.286955 0.917657
0.74816 0.440256
0.983458 0.0328102
0.987829 0.0241931
0.935651 0.124557
0.698057 0.512717
0.757666 0.425942
0.60878 0.629387
0.286554 0.917887
0.907597 0.176268
0.869038 0.244774
0.592229 0.649265
0.41529 0.827534
0.622096 0.612996
0.650801 0.576458
0.813758 0.337798
0.961553 0.0754156
0.728724 0.468961
0.309588 0.904155
0.651019 0.576174
0.705538 0.502217
0.944771 0.107408
0.934433 0.126836
0.693432 0.519152
0.983167 0.0333831
0.590392 0.651438
0.919384 0.154733
0.337854 0.885855
0.962659 0.0732878
0.493609 0.75635
0.967975 0.0630241
0.899091 0.191636
0.516144 0.733595
