774288 320.008
0.280775 3.57626
0.280775 3.65344
0.630793 3.01121
0.63079 3.01172
0.280775 3.11378
0.630784 3.01185
0.280775 3.11225
0.280775 3.11201
0.879361 2.89065
0.87941 2.89007
0.280775 3.11251
0.879644 2.866
0.879586 2.86798
0.393391 3.06466
0.280775 3.08983
0.662846 2.97322
0.879466 2.86803
0.280775 3.09143
0.95459 2.82283
0.956687 2.82016
0.950075 2.82498
0.950075 2.82505
0.810501 2.90436
0.996974 2.79634
0.928878 2.83818
0.810499 2.90563
0.999872 2.79311
0.956687 2.82133
0.999871 2.79491
0.280775 3.08825
0.810498 2.90625
0.392912 3.06529
0.518887 3.02751
0.996978 2.79583
0.986511 2.80191
0.879605 2.86616
0.810503 2.90411
0.950075 2.82479
0.518858 3.02782
0.280775 3.08969
0.392777 3.07506
0.734679 2.94101
0.51872 3.02945
0.393029 3.06497
0.932631 2.83513
0.990349 2.79955
0.687916 2.96162
0.662781 2.97394
