12525 40.002
1 0
0.280775 0.921165
0.846177 0.283984
0.369652 0.863358
0.820954 0.326035
0.731851 0.464394
0.981405 0.0368441
0.723533 0.4765
0.607073 0.631462
0.853269 0.271933
0.718307 0.484035
0.862742 0.255676
0.841798 0.291375
0.838853 0.296326
0.402371 0.838097
0.834463 0.303671
0.850446 0.276742
0.94496 0.10705
0.443514 0.803296
0.736419 0.457686
0.375823 0.858757
0.95787 0.0824854
0.61093 0.626764
0.670585 0.550316
0.827258 0.315645
0.706145 0.501359
0.898452 0.192785
0.297433 0.911533
0.941088 0.114354
0.803278 0.354744
0.88579 0.215376
0.66305 0.560365
0.602035 0.637553
0.364009 0.867497
0.77504 0.399313
0.556732 0.690049
0.751842 0.434733
0.650136 0.577324
0.994273 0.0114213
0.748195 0.440204
0.388499 0.849068
0.766629 0.412281
0.55244 0.69481
0.656083 0.569555
0.879105 0.227174
0.865985 0.25007
0.906756 0.177793
0.763271 0.417418
0.393252 0.845353
0.710331 0.49543
0.53496 0.713818
0.87635 0.23201
0.625413 0.608859
0.799292 0.361133
0.513928 0.735878
0.614854 0.621955
0.571475 0.673416
0.471222 0.777949
0.953871 0.0901306
0.894674 0.199558
0.583786 0.659194
0.5771 0.666956
0.989994 0.0199121
0.510508 0.739382
0.638817 0.591913
0.525792 0.723543
0.784184 0.385055
0.7695 0.40787
0.549418 0.69814
0.77226 0.403614
0.587077 0.655341
0.322938 0.895711
0.567586 0.677846
0.522707 0.726778
0.341618 0.883297
0.316181 0.90003
0.808192 0.346826
0.455918 0.792138
0.645151 0.58378
0.617596 0.618575
0.545769 0.702136
0.458973 0.789344
0.474913 0.774458
0.868507 0.245696
0.728143 0.469807
0.858704 0.262627
0.433496 0.812081
0.356738 0.872738
0.384718 0.851992
0.303702 0.907765
0.353289 0.875187
0.939034 0.118215
0.80579 0.350703
0.630766 0.602134
0.495217 0.75476
0.633529 0.598641
0.87347 0.237051
0.857856 0.264083
0.912857 0.166692
0.580455 0.663072
0.407983 0.83355
0.643531 0.585868
0.447503 0.799741
0.969864 0.0593629
0.674292 0.54533
0.627754 0.605925
0.293653 0.913768
0.327602 0.892677
0.681426 0.535659
0.559915 0.686496
0.965828 0.0671771
0.739405 0.453281
0.698827 0.511641
0.814607 0.336415
0.498888 0.751111
0.452289 0.795434
0.437855 0.808283
0.882068 0.221956
0.900877 0.18842
0.91034 0.171281
0.984951 0.0298707
0.333265 0.888934
0.683682 0.532579
0.968369 0.0622606
0.319584 0.897866
0.538565 0.709948
0.595913 0.644888
0.506953 0.742999
0.97501 0.0493559
0.977978 0.0435588
0.649219 0.578515
0.529553 0.719574
0.430657 0.814535
0.810852 0.342519
0.760448 0.421719
0.531283 0.717738
0.415771 0.827134
0.754601 0.430577
0.72657 0.472096
0.517768 0.731916
0.543266 0.704862
0.563874 0.682046
0.480513 0.769107
0.477733 0.771771
0.904732 0.18146
0.793844 0.369811
0.712538 0.492289
0.590158 0.651714
0.492705 0.757242
0.745506 0.444221
0.741301 0.450473
0.63979 0.590669
0.703224 0.505476
0.831067 0.309328
0.621075 0.614266
0.686343 0.528933
0.902721 0.185095
0.952701 0.0923612
0.42114 0.822641
0.701654 0.507681
0.817208 0.332172
0.960067 0.0782712
0.889498 0.208794
0.743803 0.446757
0.778611 0.393765
0.379446 0.856021
0.349532 0.877827
0.756361 0.427917
0.996786 0.00641681
0.3449 0.881044
0.519363 0.730262
0.666942 0.555188
0.758731 0.424327
0.39768 0.841851
0.41943 0.824078
0.780749 0.390431
0.883442 0.21953
0.309017 0.904509
0.48816 0.7617
0.827504 0.315237
0.788909 0.377623
0.540463 0.7079
0.329949 0.891133
0.812599 0.339683
0.484833 0.764937
0.381496 0.854461
0.947699 0.101867
0.950148 0.0972197
0.891506 0.205216
0.467477 0.781466
0.659148 0.565523
0.675768 0.543338
0.466387 0.782483
0.449836 0.797647
0.413453 0.829057
0.796242 0.365999
0.489803 0.760093
0.915462 0.161929
0.424995 0.819379
0.786332 0.381681
0.666215 0.556158
0.93073 0.133742
0.305043 0.906949
0.427521 0.817226
0.831588 0.308462
0.917401 0.158376
0.92256 0.148883
0.311863 0.902741
0.9242 0.145855
0.870788 0.241729
0.925919 0.142674
0.33731 0.886222
0.893103 0.202367
0.483321 0.766401
0.504863 0.745113
0.933663 0.128273
0.694192 0.518097
0.562379 0.68373
0.570228 0.67484
0.593745 0.647466
0.410847 0.831205
0.437368 0.808709
0.936583 0.122812
0.919601 0.154334
0.972627 0.0539971
0.933029 0.129458
0.936073 0.123767
0.396889 0.842479
0.715426 0.488166
0.347463 0.879269
0.592105 0.649411
0.501085 0.748914
0.797441 0.364088
0.620667 0.614772
0.502742 0.747251
0.289088 0.916428
0.998918 0.00216227
0.791671 0.373256
0.462743 0.785869
0.689334 0.524818
0.290169 0.915802
0.678553 0.539566
0.462532 0.786064
0.598985 0.641216
0.9954 0.0091797
0.578104 0.665796
0.691388 0.521982
0.871732 0.240083
0.68819 0.526395
0.336657 0.886662
