1112806 500.013
0.811624 2.39508
0.986452 2.27843
0.661378 2.47927
0.996464 2.26657
0.909149 2.32913
0.933211 2.31285
0.828875 2.38413
0.977544 2.27961
0.82888 2.38374
0.933223 2.31262
0.859102 2.3632
0.828857 2.38427
0.985833 2.27903
0.920976 2.31967
0.997048 2.26511
0.675488 2.47056
0.280775 2.61049
0.99784 2.26266
1 2.26053
0.947587 2.29934
0.69162 2.45897
0.99029 2.26697
0.950368 2.29758
0.675559 2.46694
0.631783 2.48984
0.631654 2.49175
0.828903 2.37863
0.902862 2.33131
0.819507 2.38687
0.819463 2.38745
0.999986 2.26191
0.975031 2.28064
0.280775 2.60947
0.986726 2.27324
0.871646 2.35313
0.280775 2.61007
0.946516 2.30143
0.280775 2.61054
0.798931 2.39665
0.691528 2.4605
0.828891 2.37944
0.642358 2.48437
0.828889 2.37969
0.871626 2.35353
0.769805 2.41519
0.479362 2.55288
0.97039 2.28331
0.675509 2.46801
0.47926 2.55437
0.82889 2.37966
0.871655 2.35261
0.769783 2.41639
0.988948 2.26813
0.871728 2.35173
0.970393 2.28176
0.986739 2.27121
0.93409 2.3089
