77303 260.03
1 1.22984e-08
0.280775 0.921165
0.50744 0.743579
0.887796 0.221586
0.809639 0.347052
0.805337 0.352915
0.501917 0.749844
0.627606 0.60693
0.890366 0.207613
0.81916 0.331111
0.593795 0.648123
0.623076 0.612647
0.948082 0.112962
0.894883 0.201811
0.608666 0.629541
0.980501 0.0530322
0.589517 0.652701
0.613338 0.624198
0.815911 0.33724
0.786974 0.385118
0.462105 0.789207
0.341538 0.885711
0.973814 0.0563793
0.95216 0.104626
0.648988 0.580171
0.814596 0.344119
0.465003 0.784334
0.662246 0.565328
0.92224 0.159296
0.822872 0.326312
0.995677 0.0194281
0.830783 0.312162
0.635622 0.59975
0.834349 0.306717
0.634021 0.606541
0.3793 0.861585
0.802654 0.358624
0.381391 0.855602
0.470848 0.782611
0.345969 0.881345
0.889196 0.214442
0.396022 0.843598
0.799538 0.362926
0.782529 0.3889
0.825028 0.320935
0.400249 0.840203
0.432303 0.816678
0.480322 0.771488
0.719159 0.483481
0.586486 0.657812
0.620336 0.616905
0.55073 0.698958
0.537287 0.712249
0.48335 0.766679
0.776655 0.397153
0.967132 0.0659238
0.525388 0.724852
0.735199 0.469103
0.619236 0.624136
0.712939 0.502113
0.998877 0.0135693
0.828312 0.316498
0.456904 0.792384
0.765806 0.414092
0.912392 0.170148
0.653429 0.576344
0.738942 0.458231
0.59769 0.643691
0.391991 0.846862
0.684577 0.531877
0.789361 0.378812
0.438692 0.809084
0.660108 0.571063
0.490065 0.760675
0.959088 0.0866826
0.853611 0.274546
0.336239 0.887269
0.437581 0.815439
0.779921 0.393227
0.745858 0.444109
0.522241 0.728553
0.741032 0.452368
0.333279 0.890918
0.737596 0.463907
0.876259 0.234646
0.605864 0.633769
0.54 0.708757
0.329244 0.893998
0.769343 0.410075
0.404303 0.837425
0.356661 0.87497
0.682473 0.536424
0.840999 0.293754
0.47299 0.777244
0.564081 0.681909
0.774981 0.403218
0.373075 0.862396
0.911937 0.177699
0.961104 0.0809257
0.679516 0.540809
0.796827 0.368332
0.879318 0.230286
0.934435 0.129052
0.76089 0.42286
0.476512 0.774499
0.324044 0.901873
0.41189 0.832321
0.638681 0.594998
0.763274 0.418367
0.999887 0.0086368
0.42805 0.819986
0.546019 0.70269
0.83669 0.302247
0.729189 0.469401
0.953774 0.0942898
0.387798 0.855136
0.40802 0.834692
0.698886 0.515487
0.874253 0.23945
0.360573 0.871098
0.511363 0.739081
0.676464 0.54396
0.310884 0.905944
0.486758 0.76341
0.443818 0.80755
0.569961 0.681594
0.716476 0.498322
0.641192 0.591809
0.869966 0.255645
0.305158 0.912781
0.498854 0.752859
0.74322 0.448005
0.414874 0.82837
0.445173 0.802796
0.958561 0.0935181
0.871502 0.250217
0.555574 0.692558
0.871714 0.243524
0.529216 0.721186
0.966908 0.0738541
0.309269 0.911159
0.701113 0.511214
0.41868 0.826583
0.583165 0.661019
0.985842 0.0415609
0.726988 0.473468
0.299722 0.91339
0.901004 0.190316
0.772052 0.406597
0.852871 0.281982
0.932209 0.13453
0.558871 0.68842
0.694579 0.517667
0.839095 0.29789
0.943822 0.120594
0.448612 0.799268
0.673518 0.547776
0.922593 0.151785
0.936823 0.125253
0.603991 0.639194
0.285254 0.920467
0.658082 0.57586
0.693789 0.522979
0.544221 0.705559
0.910438 0.182968
0.792302 0.376056
0.53615 0.72019
0.391848 0.854167
0.941595 0.124337
0.664839 0.55938
0.290587 0.91988
0.845335 0.290471
0.994247 0.0252748
0.794713 0.371963
0.350116 0.879378
0.648126 0.587466
0.859736 0.26306
0.852011 0.28656
0.861807 0.2586
0.864858 0.256202
0.897039 0.197004
0.5706 0.675691
0.689287 0.529257
0.646159 0.590046
0.561411 0.686007
0.919695 0.165806
0.947591 0.118055
0.855651 0.269717
0.928278 0.141554
0.906011 0.188664
0.725417 0.483002
0.353804 0.877872
0.992374 0.0287384
0.513546 0.73674
0.883991 0.228556
0.552804 0.695008
0.600634 0.640943
0.84894 0.29037
0.953623 0.102036
0.366937 0.866912
0.370965 0.866238
0.424181 0.826147
0.759454 0.428647
0.574395 0.673966
0.363281 0.868787
0.75062 0.441737
0.575729 0.669914
0.709753 0.505953
0.754396 0.433169
0.66892 0.55386
0.93089 0.138566
0.296006 0.915156
0.692428 0.528697
0.989973 0.0325716
0.671748 0.551819
0.705534 0.509841
0.859631 0.269285
0.580865 0.664749
0.898768 0.193479
0.580823 0.669897
0.519363 0.732852
0.292863 0.916655
0.927945 0.147743
0.496762 0.760362
0.726358 0.479873
0.456214 0.797733
0.908566 0.187146
0.316385 0.90564
0.519353 0.736545
0.452754 0.798562
0.426403 0.824119
0.983644 0.0470834
0.756741 0.429897
0.924695 0.148548
0.667015 0.557839
0.917391 0.168629
0.498291 0.759642
0.982648 0.0485608
0.532839 0.720208
0.973496 0.0621222
0.319826 0.905007
0.754202 0.438825
0.718835 0.491123
0.708006 0.50807
0.986947 0.0371941
0.718508 0.494698
0.965359 0.0793911
0.9895 0.0370948
0.972916 0.0652379
0.327831 0.899442
