54525 230.052
1 0
0.280775 0.921165
0.734447 0.460587
0.386691 0.85047
0.739691 0.452858
0.776522 0.397014
0.37923 0.856184
0.771455 0.404857
0.652188 0.574651
0.64574 0.58302
0.597499 0.642995
0.567377 0.678083
0.415881 0.827043
0.523389 0.726064
0.67065 0.550228
0.967592 0.063765
0.447494 0.799749
0.723285 0.476858
0.312048 0.902626
0.930059 0.134991
0.913471 0.165571
0.348868 0.878291
0.7279 0.470162
0.718179 0.484219
0.591744 0.649839
0.506309 0.743651
0.935984 0.123934
0.318349 0.898654
0.436824 0.809185
0.391373 0.846827
0.409544 0.832274
0.548556 0.699086
0.699916 0.510118
0.713458 0.490977
0.815257 0.335356
0.395671 0.843444
0.730416 0.466492
0.890545 0.206929
0.893758 0.201196
0.696428 0.514988
0.679125 0.538789
0.561739 0.684449
0.611208 0.626425
0.580299 0.663254
0.879013 0.227337
0.478506 0.771032
0.74332 0.447475
0.371945 0.861657
0.703244 0.505448
0.488997 0.760882
0.683466 0.532875
0.575975 0.668253
0.459515 0.788846
0.542482 0.705713
0.800873 0.358603
0.366918 0.865371
0.861525 0.257775
0.511047 0.738831
0.400103 0.839918
0.343859 0.881761
0.555301 0.691641
0.353742 0.874866
0.824496 0.320206
0.465275 0.78352
0.428911 0.816035
0.898911 0.191959
0.674499 0.545051
0.553192 0.693979
0.586237 0.656326
0.706284 0.501162
0.666742 0.555455
0.450959 0.796636
0.82056 0.326681
0.424675 0.819651
0.896317 0.196615
0.919037 0.155371
0.752213 0.434175
0.693319 0.519309
0.768378 0.409596
0.887915 0.211607
0.908573 0.174495
0.560067 0.686325
0.749341 0.438488
0.797009 0.364777
0.848232 0.280502
0.885462 0.215957
0.600759 0.639089
0.658333 0.566598
0.617048 0.619252
0.876065 0.23251
0.779687 0.392089
0.627741 0.605941
0.375394 0.859079
0.603589 0.63568
0.51934 0.730286
0.613924 0.623097
0.403705 0.837022
0.845623 0.284921
0.308006 0.905132
0.583186 0.659894
0.997728 0.00453792
0.454799 0.793158
0.944863 0.107234
0.545508 0.702421
0.570612 0.674402
0.470997 0.778162
0.336969 0.886452
0.643455 0.585965
0.971082 0.0570001
0.363615 0.867784
0.811104 0.34211
0.709188 0.497052
0.720629 0.480693
0.528262 0.720939
0.513584 0.736232
0.296168 0.912284
0.765891 0.41341
0.947383 0.102466
0.834127 0.304233
0.28468 0.918957
0.988056 0.0237455
0.589734 0.652214
0.63578 0.595784
0.340416 0.884117
0.326861 0.893162
0.517058 0.732651
0.787311 0.380141
0.688468 0.526012
0.685546 0.530026
0.50283 0.747162
0.573323 0.671301
0.874074 0.235994
0.359967 0.870424
0.690547 0.523145
0.916649 0.159754
0.538378 0.710149
0.48358 0.766151
0.466938 0.781969
0.952374 0.0929829
0.441745 0.804861
0.758987 0.423939
0.292837 0.914247
0.357152 0.872443
0.331213 0.890298
0.407092 0.834276
0.836077 0.300976
0.624894 0.609508
0.484188 0.765562
0.676799 0.541943
0.842201 0.290697
0.619904 0.615719
0.859293 0.261615
0.940068 0.116272
0.881805 0.22242
0.790194 0.375594
0.633414 0.598786
0.802861 0.355415
0.537079 0.711546
0.304378 0.907354
0.419491 0.824027
0.926871 0.14091
0.661435 0.562503
0.500603 0.749396
0.921704 0.150462
0.839228 0.295696
0.901572 0.187168
0.79401 0.369549
0.977034 0.0454051
0.493543 0.756415
0.711441 0.493852
0.475829 0.773587
0.98308 0.0335546
0.321808 0.89644
0.760556 0.421554
0.606887 0.631688
0.864875 0.251992
0.957336 0.0835082
0.831419 0.308743
0.854432 0.269946
0.333236 0.888954
0.756091 0.428327
0.882955 0.22039
0.807776 0.347499
0.817372 0.331903
0.421467 0.822366
0.829138 0.312531
0.791487 0.373548
0.529342 0.719797
0.754997 0.429979
0.473356 0.775934
0.441659 0.804937
0.300204 0.909878
0.964807 0.0691479
0.868761 0.245254
0.457569 0.790631
0.491762 0.75817
0.990595 0.0187222
0.664534 0.558395
0.843324 0.288805
0.959788 0.0788078
0.850726 0.276265
0.640279 0.590043
0.994913 0.0101487
0.914896 0.162966
0.433043 0.812474
0.533313 0.715577
0.985622 0.0285498
0.324245 0.894865
0.655622 0.57016
0.871785 0.239991
0.49685 0.75314
0.746672 0.44248
0.838266 0.297311
0.819053 0.329152
0.532923 0.715993
0.74594 0.443573
0.906196 0.178809
0.954369 0.0891804
0.857327 0.264991
0.870935 0.241473
0.902684 0.185162
0.928227 0.138395
0.289253 0.916333
0.654637 0.57145
0.432253 0.813157
0.979211 0.041145
0.974346 0.0506505
0.942303 0.112065
0.962763 0.0730875
0.826552 0.316812
0.924481 0.145335
0.795522 0.367144
0.904532 0.181822
0.497708 0.752286
0.949192 0.0990337
0.638711 0.592048
0.606683 0.631935
0.763031 0.417784
0.853574 0.271411
0.942833 0.111067
0.784315 0.38485
0.662828 0.560659
0.76348 0.417098
0.805353 0.351406
0.301736 0.908955
0.781789 0.388805
0.979756 0.0400787
0.622916 0.611975
0.630744 0.602162
0.621849 0.613304
