67307 230.044
1 0.000954235
0.280775 0.921796
0.300925 0.909964
0.518498 0.731766
0.6142 0.623563
0.91849 0.157257
0.293373 0.91445
0.923133 0.148709
0.774542 0.401019
0.871576 0.241195
0.567799 0.678377
0.709802 0.496899
0.57332 0.67208
0.641053 0.589724
0.96055 0.0784669
0.52487 0.72512
0.997512 0.00592081
0.851394 0.275951
0.542866 0.705914
0.994406 0.0121048
0.911759 0.16957
0.778767 0.39446
0.636392 0.595676
0.970934 0.058422
0.758888 0.424841
0.742164 0.450099
0.789303 0.377774
0.36567 0.866948
0.651887 0.575723
0.738663 0.455115
0.348128 0.879342
0.956737 0.085569
0.878733 0.228674
0.835133 0.303362
0.79224 0.373132
0.935668 0.12542
0.631503 0.601872
0.402331 0.838684
0.595645 0.645854
0.456476 0.792206
0.460394 0.788616
0.843386 0.2897
0.480136 0.770057
0.647696 0.581167
0.863716 0.254828
0.766272 0.413584
0.96286 0.0740264
0.59921 0.641596
0.947741 0.102693
0.329616 0.891882
0.982549 0.0355351
0.691079 0.523114
0.555419 0.692134
0.41177 0.831004
0.749974 0.438285
0.858498 0.263811
0.876202 0.233303
0.561888 0.685051
0.861159 0.259236
0.469885 0.779921
0.444995 0.802552
0.702807 0.506776
0.80885 0.346551
0.435754 0.810686
0.736039 0.458983
0.558582 0.688612
0.622038 0.61388
0.866979 0.249184
0.389553 0.848922
0.343949 0.882233
0.318438 0.899123
0.988309 0.0244009
0.804088 0.354405
0.992189 0.016721
0.670316 0.551368
0.663002 0.561116
0.529315 0.720437
0.40619 0.835691
0.771559 0.405458
0.584892 0.658541
0.769196 0.409097
0.902166 0.187156
0.625883 0.608934
0.657463 0.568425
0.763487 0.417842
0.417008 0.826664
0.944948 0.107976
0.8149 0.33691
0.969139 0.0619032
0.654241 0.572803
0.659884 0.565238
0.733061 0.463356
0.719202 0.483473
0.754959 0.430954
0.74687 0.443096
0.431813 0.814104
0.700107 0.510562
0.627832 0.606492
0.565106 0.681285
0.939976 0.117344
0.429101 0.816438
0.617872 0.618893
0.309649 0.90464
0.914478 0.164606
0.845122 0.286587
0.795023 0.368718
0.786343 0.382437
0.539182 0.710037
0.730812 0.466645
0.694378 0.518546
0.806391 0.350521
0.67746 0.541744
0.284808 0.9194
0.897031 0.196197
0.609522 0.629137
0.398348 0.841872
0.873554 0.237744
0.949991 0.0984256
0.493226 0.757455
0.546639 0.701945
0.369871 0.863738
0.88817 0.212008
0.931695 0.132835
0.333415 0.889364
0.938338 0.120621
0.474353 0.775574
0.727962 0.470801
0.605407 0.634135
0.854498 0.270659
0.685994 0.530113
0.536913 0.712339
0.714422 0.490483
0.904401 0.183121
0.925111 0.145055
0.817484 0.332516
0.928205 0.139325
0.336609 0.887226
0.551924 0.696003
0.908808 0.174939
0.361536 0.869831
0.83813 0.298533
0.974435 0.051407
0.39567 0.843997
0.744827 0.445975
0.440853 0.806347
0.32343 0.89592
0.979943 0.0408571
0.475932 0.774074
0.761026 0.421593
0.723365 0.47747
0.392033 0.846861
0.372387 0.861872
0.989877 0.0213003
0.513402 0.737157
0.828446 0.314481
0.352405 0.876347
0.725856 0.473861
0.894748 0.200477
0.952139 0.0945456
0.832514 0.307729
0.634242 0.598406
0.488492 0.761966
0.420665 0.823603
0.826598 0.317539
0.822713 0.323944
0.38466 0.852708
0.780664 0.391332
0.4846 0.765752
0.715881 0.488236
0.85592 0.268228
0.830958 0.310497
0.325171 0.894792
0.515395 0.734972
0.381239 0.855204
0.409529 0.832968
0.679245 0.539323
0.976404 0.0475673
0.643971 0.585976
0.498245 0.752347
0.49613 0.75445
0.966364 0.0670633
0.705961 0.502495
0.965552 0.0688386
0.881537 0.22374
0.824336 0.321451
0.577146 0.667539
0.72114 0.480683
0.314161 0.901827
0.66802 0.55444
0.978559 0.0433569
0.985245 0.0304445
0.839729 0.295852
0.376201 0.85914
0.581513 0.662481
0.591239 0.651081
0.592706 0.64949
0.439049 0.807933
0.305861 0.906971
0.682431 0.534988
0.453001 0.795365
0.580422 0.663748
0.467387 0.782261
0.882486 0.222067
0.890025 0.208711
0.811734 0.341879
0.752497 0.434495
0.490118 0.760509
0.782949 0.38776
0.707092 0.500737
0.377782 0.857826
0.526606 0.723433
0.619801 0.616507
0.608608 0.63025
0.953913 0.0909605
0.463832 0.78544
0.697484 0.514225
0.942779 0.112069
0.848166 0.28162
0.483147 0.767157
0.425152 0.81981
0.798121 0.36396
0.505278 0.745293
0.906461 0.179198
0.933097 0.130222
0.602113 0.638111
0.866566 0.250087
0.674022 0.546545
0.8485 0.280868
0.801175 0.358902
0.509437 0.741075
0.359068 0.871609
0.92743 0.140762
0.451579 0.796651
0.784421 0.385628
0.88555 0.216653
0.645687 0.583917
0.289853 0.916619
0.673793 0.546852
0.532939 0.716589
0.505717 0.744985
0.42444 0.820414
0.820099 0.328236
0.688383 0.526832
0.575812 0.669218
0.892943 0.20351
0.533392 0.716106
0.88502 0.217591
0.501335 0.749261
0.288295 0.917519
0.356666 0.873327
