177716 480.108
0.999972 0.0228049
0.280775 0.93459
0.474444 0.790368
0.415503 0.842725
0.401427 0.854592
0.409781 0.84764
0.480471 0.78507
0.49646 0.770076
0.701508 0.527181
0.532586 0.73556
0.420351 0.839816
0.697844 0.532135
0.704777 0.52185
0.29166 0.928463
0.741383 0.4704
0.535239 0.730143
0.406142 0.85056
0.989575 0.0456507
0.737532 0.474574
0.50087 0.764683
0.77104 0.425594
0.466742 0.797088
0.708274 0.517537
0.555254 0.708034
0.585644 0.674861
0.842693 0.311679
0.44367 0.81848
0.734887 0.479556
0.592434 0.666758
0.823359 0.343442
0.767657 0.430117
0.826181 0.338706
0.582234 0.67914
0.588953 0.670601
0.894083 0.222619
0.539029 0.726024
0.904881 0.204411
0.897068 0.218378
0.596043 0.662721
0.891518 0.227965
0.850889 0.297269
0.470928 0.794248
0.879311 0.248664
0.46286 0.801308
0.711546 0.513321
0.845553 0.306714
0.865051 0.274164
0.820339 0.348137
0.545854 0.718383
0.441269 0.822472
0.684834 0.549302
0.542593 0.722872
0.773748 0.420535
0.779819 0.412286
0.725878 0.49276
0.352762 0.891114
0.848177 0.30217
0.979639 0.0661737
0.396017 0.857715
0.83461 0.32488
0.83987 0.316476
0.453344 0.809521
0.729107 0.487905
0.93502 0.148125
0.321284 0.910198
0.694563 0.536616
0.831661 0.329964
0.790976 0.395424
0.717713 0.503178
0.77687 0.416692
0.910828 0.193312
0.436314 0.825499
0.783042 0.408244
0.608337 0.648291
0.487358 0.778764
0.652663 0.592493
0.829002 0.333791
0.731736 0.484108
0.385288 0.865932
0.578549 0.682622
0.390349 0.864789
0.952698 0.11502
0.793568 0.390576
0.92218 0.173465
0.569329 0.692648
0.80145 0.377879
0.889018 0.23272
0.966927 0.089077
0.611278 0.643984
0.91682 0.181917
0.28685 0.931728
0.899504 0.212939
0.930812 0.157497
0.765102 0.434886
0.667278 0.57375
0.599061 0.658609
0.9021 0.209335
0.924831 0.168282
0.363835 0.882801
0.853531 0.29247
0.297264 0.926717
0.919413 0.177001
0.424393 0.835403
0.872829 0.261101
0.798134 0.381994
0.938386 0.143693
0.86796 0.269592
0.808957 0.367334
0.507842 0.760453
0.381828 0.86965
0.788571 0.400258
0.836838 0.32037
0.483067 0.781903
0.882233 0.24371
0.785353 0.403409
0.969528 0.0837506
0.620018 0.633755
0.65576 0.587918
0.661667 0.580948
0.856203 0.28874
0.62311 0.630157
0.932869 0.152769
0.604882 0.651749
0.869943 0.265183
0.378023 0.871847
0.367537 0.880078
0.314605 0.915297
0.625961 0.626545
0.682099 0.554536
0.55221 0.712621
0.647047 0.599465
0.300407 0.924295
0.566413 0.696425
0.98715 0.0507686
0.356463 0.887827
0.659073 0.585752
0.304528 0.921399
0.359599 0.885312
0.79632 0.386591
0.374326 0.87475
0.817513 0.352405
0.664169 0.577375
0.670168 0.569621
0.39284 0.859871
0.601468 0.654248
0.572989 0.689202
0.325974 0.908039
0.639545 0.609867
0.516123 0.749982
0.984494 0.0536976
0.510872 0.75589
0.960293 0.101172
0.760059 0.442302
0.757478 0.446694
0.649708 0.596016
0.526962 0.738443
0.858812 0.284405
0.67298 0.566711
0.995358 0.0336402
0.636332 0.613822
0.370861 0.877123
0.613961 0.639946
0.744669 0.465649
0.61693 0.637234
0.521931 0.743601
0.549239 0.714942
0.762179 0.438545
0.964739 0.0931696
0.643612 0.602818
0.519154 0.74648
0.688141 0.5459
0.628514 0.622457
0.341542 0.89749
0.96254 0.0972771
0.575237 0.68593
0.563384 0.69963
0.958284 0.105993
0.426422 0.832284
0.317835 0.913774
0.721018 0.498241
0.95005 0.121253
0.459661 0.804589
0.886477 0.237114
0.87706 0.253631
0.328774 0.905508
0.504243 0.762619
0.492862 0.773619
0.815674 0.356561
0.456709 0.806758
0.940052 0.139312
0.348115 0.893461
0.812847 0.359515
0.748216 0.460016
0.875144 0.25655
0.805257 0.3714
0.811051 0.363585
0.430213 0.829192
0.755097 0.450119
0.992131 0.0396466
0.332437 0.903077
0.309884 0.918275
0.512886 0.752699
0.631117 0.619372
0.34515 0.894357
0.751239 0.456161
0.641929 0.606737
0.914414 0.186128
0.448418 0.814571
0.633732 0.616535
0.559313 0.704557
0.490612 0.775689
0.977195 0.070704
0.675422 0.562219
0.884351 0.240024
0.973045 0.0770509
0.912875 0.189121
0.862486 0.279081
0.679058 0.556521
0.722828 0.496187
0.997487 0.0289358
0.975527 0.0730785
0.927857 0.161819
0.33841 0.899488
0.525271 0.740378
0.432658 0.82747
0.804369 0.374341
0.449491 0.813697
0.691662 0.54032
0.335675 0.901616
0.972071 0.0806435
0.714025 0.508351
0.942524 0.136034
0.75299 0.453715
0.945753 0.129479
0.981809 0.0603542
0.944088 0.133315
0.28367 0.933767
0.907823 0.198661
0.677347 0.560186
0.927211 0.164522
0.746091 0.462476
0.993433 0.037835
0.560602 0.702682
0.956236 0.109651
0.982337 0.0588308
0.690437 0.542671
0.861124 0.280916
0.307957 0.919436
0.954923 0.111811
0.715692 0.507436
