146791 510.104
1 0.00102176
0.280775 0.921716
0.669731 0.5522
0.414618 0.82869
0.410199 0.832334
0.819288 0.329621
0.49256 0.75802
0.673207 0.547535
0.864466 0.253592
0.562639 0.68411
0.736821 0.457883
0.405923 0.835822
0.640973 0.589875
0.733487 0.462783
0.418868 0.82515
0.693338 0.520039
0.5354 0.714005
0.539029 0.710107
0.835777 0.302344
0.696564 0.515557
0.851796 0.275325
0.973724 0.052856
0.59798 0.643113
0.952163 0.0944008
0.822435 0.324457
0.710715 0.495653
0.676508 0.543082
0.918391 0.1575
0.915681 0.162467
0.644344 0.585544
0.488692 0.761813
0.854683 0.270401
0.900273 0.190434
0.496605 0.75402
0.437067 0.809581
0.617929 0.61887
0.422753 0.821882
0.299828 0.91066
0.582433 0.661456
0.79055 0.375861
0.621207 0.61481
0.867353 0.248594
0.356102 0.873767
0.637608 0.594175
0.758324 0.425749
0.531727 0.717922
0.719124 0.483636
0.841084 0.293449
0.426636 0.818586
0.528426 0.72142
0.832775 0.30735
0.886358 0.215283
0.755412 0.430156
0.499902 0.750761
0.798701 0.362946
0.909541 0.173668
0.722072 0.479389
0.844058 0.288441
0.869907 0.244159
0.959255 0.0808105
0.857373 0.265798
0.666132 0.557005
0.699721 0.511152
0.573803 0.67143
0.594344 0.647447
0.808369 0.347384
0.993771 0.0134339
0.707721 0.499897
0.811073 0.343007
0.517125 0.733229
0.503673 0.746954
0.772373 0.404255
0.816244 0.334598
0.660372 0.564642
0.84898 0.280112
0.793462 0.37125
0.542652 0.70619
0.510478 0.740057
0.478638 0.771534
0.485176 0.765236
0.838558 0.297691
0.949698 0.0990453
0.684917 0.53164
0.825045 0.320159
0.506827 0.743769
0.647464 0.581515
0.932655 0.13111
0.545716 0.702858
0.976497 0.0474526
0.99607 0.00886323
0.690108 0.524505
0.375248 0.859772
0.739793 0.453497
0.827769 0.315659
0.570755 0.674916
0.747458 0.442103
0.921039 0.152631
0.634566 0.598042
0.513681 0.736778
0.601173 0.639287
0.352113 0.87659
0.872668 0.239384
0.288794 0.917152
0.930441 0.135234
0.971254 0.0576583
0.893539 0.202508
0.449149 0.79888
0.813848 0.338501
0.663611 0.560357
0.796069 0.367108
0.902905 0.18569
0.775004 0.400187
0.954987 0.0889767
0.604123 0.635733
0.927847 0.140092
0.591524 0.650789
0.787716 0.380331
0.284484 0.919621
0.370987 0.86295
0.782845 0.387978
0.38223 0.854486
0.524783 0.725255
0.780144 0.392198
0.304201 0.90802
0.830295 0.311474
0.877054 0.231681
0.481709 0.768586
0.846483 0.284343
0.777653 0.396076
0.923316 0.148434
0.445909 0.801778
0.943306 0.11114
0.879772 0.226907
0.769403 0.408863
0.713924 0.491085
0.430373 0.815384
0.585815 0.657507
0.607175 0.632038
0.433383 0.812786
0.801658 0.358184
0.470055 0.779672
0.75256 0.434489
0.348439 0.879164
0.307634 0.905921
0.311722 0.90339
0.378618 0.857232
0.466636 0.782873
0.401932 0.839044
0.681598 0.536172
0.750267 0.437897
0.925699 0.144031
0.71606 0.488031
0.939218 0.118832
0.338262 0.886148
0.58831 0.654579
0.631586 0.601814
0.744726 0.446178
0.704812 0.504004
0.785353 0.384047
0.991198 0.0185396
0.609888 0.628738
0.45283 0.79556
0.883758 0.219883
0.68751 0.528083
0.650401 0.577706
0.906808 0.178631
0.331373 0.890759
0.702529 0.507216
0.742411 0.449619
0.956834 0.0854469
0.553979 0.693775
0.730542 0.467092
0.978534 0.043472
0.549233 0.699037
0.805575 0.351891
0.461374 0.787754
0.624438 0.610787
0.761265 0.421282
0.967189 0.065534
0.335307 0.888138
0.679564 0.53894
0.315114 0.901265
0.964849 0.0700525
0.295418 0.913284
0.725018 0.475128
0.861469 0.258762
0.874935 0.23539
0.558991 0.6882
0.657521 0.568398
0.969032 0.061967
0.614632 0.622931
0.342484 0.883276
0.32827 0.892805
0.457516 0.791297
0.941203 0.1151
0.998522 0.00397477
0.935396 0.125992
0.629052 0.605006
0.577322 0.667381
0.652806 0.574573
0.987488 0.0258767
0.579063 0.665368
0.985672 0.0294583
0.945788 0.106452
0.947224 0.103736
0.47468 0.775305
0.292668 0.9149
0.399127 0.841315
0.860025 0.261246
0.385854 0.851704
0.391067 0.847655
0.366388 0.86634
0.655282 0.571336
0.896346 0.197486
0.361839 0.86965
0.88183 0.223285
0.767233 0.412165
0.989516 0.0218691
0.897496 0.195424
0.905118 0.18169
0.93674 0.123478
0.961838 0.0758519
0.557132 0.690273
0.983658 0.0334224
0.891428 0.206273
0.612726 0.62527
0.344882 0.881628
0.626529 0.608173
0.463639 0.78566
0.441097 0.806044
0.566309 0.679969
0.765089 0.415449
0.52055 0.729677
0.913028 0.167317
0.360343 0.87073
0.551432 0.696589
0.803671 0.354954
0.980697 0.0392354
0.911991 0.169209
0.567446 0.67868
0.763124 0.418451
0.388215 0.849877
0.32348 0.895925
0.442447 0.804852
0.473102 0.7768
0.396021 0.843759
0.455488 0.793148
0.39416 0.845228
0.889041 0.210521
0.522095 0.728067
