347801 330.016
1 1.55431e-14
0.280775 1.21233
0.280775 1.04031
0.280775 0.945248
0.555205 0.691928
0.417449 0.825887
0.611892 0.625765
0.606602 0.632034
0.559731 0.686855
0.529966 0.719239
0.549431 0.698238
0.701603 0.50787
0.453034 0.79489
0.280776 0.921314
0.899185 0.198121
0.746275 0.443073
0.465122 0.784168
0.697155 0.514299
0.979935 0.0400709
0.761381 0.421049
0.647443 0.58083
0.793961 0.369626
0.40017 0.839966
0.983029 0.0339047
0.651417 0.57582
0.424057 0.820261
0.757065 0.427015
0.505525 0.744668
0.58971 0.652904
0.596647 0.644169
0.901398 0.188142
0.862373 0.256313
0.362837 0.868957
0.357977 0.871958
0.56447 0.681476
0.767602 0.411123
0.404915 0.836199
0.54228 0.706041
0.801932 0.357092
0.664642 0.558742
0.593604 0.647791
0.76411 0.416344
0.313172 0.902055
0.917547 0.158108
0.68359 0.532838
0.770626 0.406287
0.859224 0.261735
0.386241 0.850978
0.38196 0.854263
0.353799 0.874922
0.994655 0.0108961
0.640776 0.589406
0.976764 0.0459312
0.997354 0.00544059
0.546495 0.701478
0.643905 0.585586
0.788986 0.379111
0.343299 0.882364
0.829069 0.314252
0.366805 0.865584
0.523897 0.726087
0.851487 0.275252
0.815264 0.335549
0.953865 0.0905123
0.637112 0.594217
0.571028 0.674059
0.634234 0.597837
0.680683 0.53718
0.925467 0.143641
0.468592 0.78054
0.338931 0.885251
0.62542 0.609426
0.820643 0.326703
0.956738 0.0846516
0.668044 0.553892
0.780986 0.390909
0.750059 0.437742
0.378266 0.857695
0.837106 0.29926
0.687181 0.527928
0.501387 0.748762
0.580322 0.663559
0.848257 0.280459
0.435725 0.810282
0.985951 0.0279004
0.518006 0.734493
0.567224 0.678396
0.488807 0.764811
0.395925 0.843383
0.522894 0.726861
0.517145 0.735647
0.51028 0.739742
0.974396 0.0507452
0.80723 0.34838
0.947619 0.102265
0.93065 0.134527
0.704893 0.503126
0.959149 0.0802761
0.823976 0.32127
0.370733 0.862675
0.317976 0.899092
0.539047 0.70957
0.818184 0.330665
0.773941 0.401606
0.922368 0.149412
0.791299 0.376933
0.927762 0.139258
0.60102 0.638897
0.431108 0.814261
0.738667 0.457775
0.630751 0.602823
0.85644 0.26651
0.586131 0.656596
0.742713 0.448566
0.37427 0.86014
0.80513 0.352274
0.890936 0.206234
0.707517 0.499728
0.833764 0.305031
0.459339 0.790321
0.576791 0.667455
0.888288 0.211111
0.886117 0.215555
0.71302 0.492313
0.309154 0.904626
0.482969 0.766888
0.940646 0.115377
0.96175 0.0750371
0.493003 0.75712
0.831931 0.308077
0.854084 0.270772
0.441485 0.80524
0.865479 0.250946
0.870248 0.242668
0.677287 0.541474
0.910526 0.170942
0.87705 0.231008
0.921302 0.154508
0.472316 0.777062
0.583356 0.659878
0.710628 0.495244
0.81048 0.343134
0.408551 0.833231
0.654962 0.571211
0.905906 0.179335
0.991884 0.0163412
0.903445 0.183952
0.574086 0.670531
0.867396 0.247778
0.689763 0.524457
0.845908 0.28444
0.602766 0.636673
0.91462 0.163469
0.735131 0.459715
0.535782 0.713066
0.908101 0.175352
0.390149 0.847895
0.874403 0.235641
0.971753 0.0556968
0.741542 0.452776
0.94336 0.110311
0.533597 0.716563
0.963839 0.071015
0.720599 0.480737
0.78429 0.38489
0.732443 0.463527
0.459771 0.788743
0.725596 0.473692
0.477631 0.771976
0.349564 0.877931
0.879329 0.227057
0.812279 0.340203
0.797259 0.364571
0.826059 0.317792
0.628246 0.605449
0.449555 0.798043
0.722885 0.477673
0.843499 0.288718
0.798726 0.362037
0.716227 0.487269
0.754505 0.430913
0.32741 0.89291
0.988089 0.0239121
0.945287 0.107185
0.621847 0.613821
0.966159 0.0665369
0.323533 0.895475
0.616022 0.620772
0.675875 0.545981
0.330033 0.891184
0.883246 0.220039
0.347226 0.879567
0.777745 0.395113
0.49637 0.753869
0.932874 0.129753
0.41315 0.829512
0.656951 0.568569
0.490684 0.761428
0.43839 0.807966
0.28703 0.917731
0.730097 0.46714
0.912976 0.166675
0.445036 0.80214
0.753331 0.435997
0.840269 0.297187
0.305719 0.906746
0.392776 0.845874
0.72832 0.471033
0.694141 0.518321
0.283368 0.919819
0.481299 0.769374
0.474998 0.774515
0.872505 0.239467
0.661712 0.56375
0.990112 0.0196778
0.841383 0.292191
0.717714 0.484886
0.934655 0.126432
0.894456 0.200145
0.6201 0.615605
0.881613 0.222982
0.968233 0.0633
0.938468 0.119279
0.937097 0.122977
0.498587 0.751645
0.969981 0.0593947
0.692491 0.52057
0.950201 0.0973383
0.951316 0.0949987
0.320927 0.897104
0.509336 0.740711
0.670861 0.550087
0.776173 0.397743
0.428758 0.816328
0.659893 0.56474
0.672301 0.548129
0.292403 0.914604
0.302907 0.90836
0.300354 0.909935
0.289844 0.91612
0.617056 0.619404
0.335141 0.887826
0.89346 0.202242
0.333831 0.888689
0.426049 0.818624
0.295328 0.912923
0.447063 0.800318
0.783773 0.386248
0.411536 0.830763
0.297568 0.911562
