47448 200.043
1 0
0.280775 0.921165
0.840438 0.293664
0.580511 0.663006
0.93827 0.119649
0.886641 0.213868
0.725705 0.473353
0.729586 0.467704
0.541213 0.707089
0.891401 0.205404
0.770328 0.406594
0.958477 0.0813224
0.344417 0.881377
0.605898 0.632888
0.720964 0.48021
0.33074 0.890611
0.428719 0.8162
0.972882 0.0535007
0.422625 0.821388
0.326792 0.893207
0.905529 0.180017
0.733988 0.461262
0.899821 0.190322
0.588352 0.653842
0.477705 0.771798
0.968869 0.0612929
0.471847 0.777361
0.535558 0.713177
0.834986 0.302798
0.575657 0.66862
0.495021 0.754955
0.585789 0.656851
0.568034 0.677338
0.685946 0.529479
0.759825 0.422666
0.401759 0.83859
0.406994 0.834356
0.57254 0.672198
0.528498 0.72069
0.763948 0.416383
0.941881 0.11286
0.76635 0.412708
0.500175 0.749825
0.988596 0.0226777
0.516321 0.733412
0.637187 0.593993
0.718052 0.484401
0.822187 0.324009
0.593869 0.647319
0.480741 0.768888
0.676245 0.542693
0.816134 0.333925
0.804613 0.352597
0.883502 0.219425
0.511793 0.738068
0.532854 0.716067
0.950633 0.0962963
0.912784 0.166826
0.652475 0.574277
0.844122 0.287457
0.865429 0.251033
0.704747 0.503331
0.601622 0.638051
0.37069 0.862589
0.610029 0.627865
0.337467 0.886116
0.641058 0.589045
0.435921 0.809973
0.953817 0.0902327
0.564651 0.681169
0.625397 0.608878
0.777889 0.394888
0.561475 0.684746
0.439729 0.806638
0.628504 0.604983
0.432318 0.813101
0.656484 0.569029
0.300704 0.909577
0.797294 0.364322
0.398024 0.841577
0.410623 0.831389
0.73694 0.456919
0.462506 0.786088
0.854958 0.269048
0.419137 0.824324
0.943994 0.108875
0.980235 0.0391388
0.789763 0.376275
0.681002 0.536236
0.456166 0.791913
0.881182 0.223518
0.357176 0.872425
0.519422 0.730201
0.558117 0.688506
0.505775 0.744192
0.65016 0.577292
0.452777 0.794993
0.382446 0.853735
0.391153 0.847
0.784953 0.38385
0.868064 0.246464
0.351612 0.876369
0.8787 0.227887
0.349955 0.877531
0.394356 0.844483
0.320182 0.897484
0.443121 0.803644
0.960637 0.0771761
0.466287 0.782576
0.714559 0.489405
0.459461 0.788895
0.851805 0.274428
0.74168 0.449911
0.509132 0.740785
0.787452 0.379919
0.338987 0.885088
0.876465 0.23181
0.774144 0.400702
0.545059 0.702911
0.701331 0.508135
0.934102 0.127453
0.491683 0.758247
0.643446 0.585977
0.304336 0.90738
0.449576 0.797881
0.525022 0.724352
0.924982 0.144408
0.673949 0.545793
0.739456 0.453204
0.826416 0.317037
0.692921 0.51986
0.830205 0.31076
0.848015 0.280871
0.614742 0.622092
0.485289 0.764495
0.753327 0.432499
0.962877 0.0728686
0.780652 0.390583
0.807051 0.348668
0.502826 0.747166
0.874222 0.235735
0.744461 0.445779
0.919116 0.155226
0.62226 0.612792
0.307715 0.905311
0.87019 0.24277
0.690397 0.523352
0.634251 0.597726
0.54898 0.69862
0.862666 0.255808
0.680405 0.537048
0.893834 0.201061
0.699763 0.510332
0.825766 0.318111
0.468862 0.780168
0.782414 0.387829
0.833799 0.304779
0.910445 0.17109
0.872247 0.239186
0.93047 0.134226
0.946568 0.104009
0.296157 0.912291
0.37489 0.859458
0.37884 0.85648
0.620379 0.61513
0.688195 0.526388
0.612351 0.625026
0.667188 0.554861
0.489141 0.760741
0.555426 0.691502
0.845949 0.28437
0.991572 0.0167858
0.366909 0.865378
0.801165 0.358135
0.662601 0.56096
0.850304 0.276984
0.316046 0.900115
0.288447 0.916799
0.895484 0.198109
0.711447 0.493843
0.708815 0.497582
0.897441 0.194599
0.70737 0.499628
0.75603 0.428419
0.387385 0.849933
0.819321 0.328713
0.696659 0.514666
0.292415 0.914493
0.670528 0.550392
0.757237 0.426592
0.77508 0.399251
0.830833 0.309716
0.929046 0.136873
0.915898 0.161131
0.414292 0.828362
0.599388 0.640734
0.415603 0.827274
0.552147 0.695134
0.95351 0.0908186
0.646884 0.581541
0.385876 0.8511
0.660873 0.563246
0.597423 0.643086
0.286453 0.917945
0.801251 0.357997
0.861254 0.258241
0.919979 0.153639
0.813545 0.338145
0.35893 0.871169
0.915736 0.161427
0.964662 0.0694267
0.984747 0.0302742
0.986134 0.0275389
0.54687 0.700934
0.908848 0.173994
0.746286 0.443058
0.31198 0.902669
0.631488 0.601223
0.792626 0.371745
0.948317 0.100695
0.671266 0.549402
0.975262 0.0488635
0.665218 0.557485
0.997685 0.00462438
0.994507 0.0109565
0.64623 0.582387
0.751399 0.435399
0.283061 0.919877
0.595343 0.645567
0.795822 0.366667
0.486495 0.763323
0.932891 0.129715
0.922273 0.149413
0.9227 0.148625
0.81276 0.339421
0.712901 0.491771
0.810628 0.342882
0.819853 0.327842
0.794239 0.369185
0.977828 0.0438525
0.747805 0.440788
0.362049 0.86892
0.809043 0.345449
0.376594 0.858177
0.52258 0.72691
0.364971 0.866796
0.55326 0.693904
0.446239 0.800871
0.859362 0.261497
0.992491 0.0149612
