79912 270.046
1 0.00107019
0.280775 0.921789
0.383318 0.85373
0.35917 0.871601
0.391517 0.847381
0.873107 0.238628
0.651748 0.575987
0.352514 0.876384
0.45734 0.791539
0.428641 0.8169
0.525467 0.724568
0.753514 0.433124
0.891161 0.206793
0.538787 0.710454
0.312122 0.903167
0.688583 0.526642
0.868361 0.246888
0.684013 0.532976
0.756989 0.427809
0.534303 0.715208
0.555094 0.692571
0.401039 0.839839
0.702105 0.507847
0.497774 0.752889
0.520686 0.729621
0.878422 0.2294
0.325029 0.894995
0.318083 0.89946
0.551011 0.697085
0.302242 0.909281
0.775476 0.399562
0.958622 0.0821536
0.597623 0.643631
0.982651 0.0355326
0.568336 0.677702
0.594143 0.647776
0.443082 0.80437
0.414928 0.828512
0.976551 0.047478
0.450293 0.797932
0.690785 0.523671
0.712583 0.493097
0.74579 0.444697
0.932562 0.131409
0.996485 0.00816935
0.956532 0.086154
0.604582 0.63527
0.575945 0.669
0.918836 0.156728
0.967219 0.0656073
0.812064 0.341511
0.840597 0.294384
0.613212 0.624767
0.368969 0.864519
0.854302 0.271168
0.715664 0.488634
0.470259 0.779563
0.396975 0.84308
0.447717 0.800243
0.953683 0.0915114
0.411072 0.831696
0.961639 0.0762798
0.637672 0.594188
0.759859 0.423526
0.627841 0.606622
0.898923 0.192982
0.483858 0.766542
0.514801 0.735657
0.655436 0.571231
0.424891 0.82015
0.973749 0.0528561
0.581607 0.662507
0.833561 0.306083
0.418644 0.825366
0.293821 0.914297
0.610216 0.628371
0.915998 0.16201
0.944617 0.108792
0.801867 0.357889
0.463833 0.785561
0.363328 0.868599
0.467204 0.782425
0.938422 0.120451
0.740726 0.452221
0.607425 0.631826
0.666412 0.55673
0.935071 0.126645
0.743113 0.44868
0.681863 0.535847
0.809252 0.345996
0.849754 0.278839
0.476078 0.774006
0.790742 0.375667
0.856953 0.266634
0.796391 0.366635
0.836547 0.301172
0.579312 0.665112
0.624241 0.611066
0.843448 0.289512
0.678699 0.540149
0.903954 0.18384
0.290948 0.915977
0.881337 0.224272
0.518275 0.732125
0.778702 0.394553
0.85181 0.275417
0.762287 0.419765
0.895154 0.199742
0.986477 0.0279189
0.320806 0.897721
0.725699 0.474178
0.861316 0.259066
0.421753 0.822755
0.705053 0.503701
0.548168 0.700264
0.858916 0.263268
0.641078 0.589774
0.94836 0.101711
0.647595 0.581442
0.784278 0.385772
0.694567 0.51837
0.47409 0.775947
0.9415 0.114587
0.55815 0.689171
0.909215 0.174383
0.980042 0.0406502
0.748819 0.440172
0.657441 0.5686
0.963323 0.0730409
0.616412 0.620834
0.722683 0.478544
0.727548 0.471492
0.985082 0.0307535
0.86723 0.248926
0.407749 0.834415
0.970848 0.0585768
0.901597 0.188093
0.991535 0.0179185
0.642796 0.587631
0.989189 0.0226489
0.338776 0.885828
0.925757 0.143968
0.894573 0.20078
0.308404 0.90552
0.633951 0.598917
0.817878 0.33204
0.733719 0.462546
0.565491 0.680926
0.838245 0.29833
0.669683 0.552362
0.737962 0.456305
0.433902 0.812416
0.947061 0.104171
0.660313 0.564817
0.675338 0.54476
0.864229 0.254043
0.510104 0.740523
0.927454 0.140904
0.968191 0.0637256
0.736384 0.458563
0.780233 0.392097
0.772486 0.404188
0.344165 0.882197
0.999075 0.0029178
0.765486 0.414948
0.542082 0.706896
0.494294 0.756393
0.78278 0.388118
0.912548 0.168315
0.664295 0.559546
0.560472 0.686574
0.672211 0.548971
0.819221 0.329771
0.366298 0.866482
0.978703 0.0431885
0.393681 0.845633
0.3791 0.856896
0.826156 0.318439
0.923542 0.148061
0.825005 0.320338
0.807268 0.349273
0.531348 0.718411
0.794055 0.370349
0.572248 0.6733
0.847151 0.283329
0.2987 0.911408
0.585264 0.658184
0.373892 0.860815
0.511883 0.738706
0.951186 0.0963469
0.438299 0.808583
0.33522 0.888223
0.914213 0.165276
0.884804 0.218152
0.545475 0.703152
0.768756 0.409865
0.882892 0.22153
0.341471 0.884044
0.937022 0.123076
0.707004 0.500948
0.888539 0.211457
0.284132 0.919847
0.490228 0.760341
0.921011 0.152807
0.587218 0.655952
0.662008 0.562576
0.695684 0.516882
0.440302 0.806825
0.910511 0.172026
0.506089 0.7446
0.804607 0.35356
0.349268 0.878661
0.347367 0.879984
0.333273 0.889524
0.460718 0.78844
0.721106 0.480884
0.645883 0.583655
0.480291 0.770032
0.831592 0.30936
0.787367 0.38092
0.698765 0.512525
0.501654 0.749013
0.942511 0.112765
0.906375 0.17946
0.32939 0.892095
0.630518 0.603194
0.377797 0.857881
0.528716 0.721144
0.875798 0.233924
0.828827 0.314021
0.787757 0.380375
0.792588 0.372746
0.93007 0.136049
0.487145 0.763405
0.601126 0.639435
0.635295 0.597211
0.815095 0.336583
0.591032 0.651403
0.972009 0.0562399
0.590274 0.652298
0.822351 0.324709
0.768742 0.409955
0.506767 0.743914
0.798879 0.36274
0.492728 0.757938
0.502276 0.748443
0.821788 0.325632
0.718231 0.485021
0.572894 0.67256
0.886376 0.215294
