49202 210.05
1 0
0.280775 0.921165
0.765659 0.413766
0.684784 0.531071
0.892619 0.203232
0.692224 0.520826
0.681429 0.535654
0.825002 0.319371
0.770192 0.406805
0.896699 0.195931
0.703016 0.505769
0.697419 0.513607
0.74103 0.450875
0.964949 0.0688726
0.887735 0.211927
0.288005 0.917053
0.295691 0.912567
0.675951 0.543091
0.432771 0.812709
0.317365 0.899279
0.914541 0.163615
0.653762 0.572596
0.91071 0.170607
0.857789 0.264198
0.6429 0.586679
0.591268 0.650402
0.868726 0.245315
0.453866 0.794006
0.335329 0.887554
0.419874 0.823706
0.386133 0.850901
0.667839 0.553992
0.838596 0.296757
0.74542 0.444349
0.773759 0.401297
0.842169 0.290751
0.737426 0.456203
0.828678 0.313293
0.862206 0.256601
0.708396 0.498175
0.467502 0.781442
0.508794 0.741129
0.811976 0.340695
0.820877 0.326162
0.955002 0.0879716
0.648268 0.579748
0.972877 0.053511
0.75387 0.43168
0.44825 0.799072
0.759512 0.423141
0.750345 0.436982
0.526225 0.723088
0.899889 0.1902
0.32394 0.895063
0.523378 0.726075
0.426151 0.818396
0.3806 0.855144
0.504568 0.745411
0.605344 0.633558
0.720717 0.480567
0.512368 0.737479
0.885462 0.215957
0.871678 0.240177
0.583262 0.659805
0.342156 0.882929
0.56524 0.680503
0.530564 0.718501
0.614037 0.622959
0.596213 0.64453
0.543471 0.704639
0.51909 0.730546
0.925068 0.14425
0.756606 0.427548
0.579952 0.663656
0.562121 0.68402
0.397455 0.842029
0.480947 0.76869
0.712345 0.492564
0.540362 0.708008
0.625036 0.60933
0.374478 0.859766
0.809179 0.345229
0.552517 0.694725
0.88252 0.221159
0.576861 0.667232
0.617452 0.618753
0.850549 0.276566
0.715884 0.48751
0.485492 0.764298
0.865325 0.251212
0.490984 0.758934
0.501671 0.748326
0.354704 0.874185
0.60827 0.630007
0.628069 0.605529
0.439811 0.806566
0.968652 0.0617141
0.705683 0.502012
0.917241 0.15867
0.611197 0.626439
0.573787 0.670769
0.670746 0.550099
0.402335 0.838126
0.730033 0.467051
0.532934 0.715981
0.546988 0.700804
0.694761 0.517307
0.646985 0.581411
0.938216 0.119752
0.568646 0.676641
0.944169 0.108544
0.727196 0.471185
0.456958 0.791189
0.74765 0.44102
0.673303 0.546663
0.879577 0.226345
0.776654 0.396808
0.969463 0.0601411
0.832586 0.306801
0.555637 0.691267
0.332435 0.889487
0.987905 0.0240443
0.284003 0.919342
0.425083 0.819304
0.844742 0.28641
0.444419 0.802492
0.597624 0.642846
0.40631 0.834912
0.549324 0.698244
0.952759 0.0922503
0.873971 0.236174
0.783532 0.386078
0.460108 0.788301
0.815341 0.335219
0.498148 0.751849
0.621989 0.61313
0.961783 0.074974
0.725005 0.474368
0.586428 0.656102
0.958258 0.081742
0.790397 0.375273
0.313111 0.901962
0.471815 0.77739
0.981165 0.0373143
0.931223 0.132824
0.328431 0.892133
0.570947 0.674019
0.487557 0.762288
0.928696 0.137524
0.365307 0.866551
0.302013 0.908788
0.656065 0.569578
0.475835 0.773581
0.391972 0.846358
0.391575 0.846669
0.588411 0.653773
0.658463 0.566426
0.663647 0.559572
0.787995 0.379064
0.806722 0.349199
0.848018 0.280866
0.494047 0.755918
0.831182 0.309137
0.974885 0.0495983
0.47859 0.770952
0.619985 0.615619
0.310807 0.903399
0.927276 0.14016
0.382535 0.853667
0.660617 0.563586
0.984517 0.0307269
0.636199 0.59525
0.351159 0.876688
0.346413 0.879998
0.908112 0.175332
0.41314 0.829315
0.363245 0.868053
0.991034 0.017851
0.876033 0.232566
0.792387 0.372122
0.941135 0.114266
0.800035 0.359944
0.803429 0.354502
0.435946 0.809951
0.781645 0.389031
0.732302 0.463733
0.358511 0.87147
0.907124 0.177126
0.63947 0.591078
0.601538 0.638152
0.976421 0.0466021
0.399478 0.840418
0.978149 0.043224
0.904803 0.181332
0.835785 0.301463
0.734438 0.460601
0.5157 0.734054
0.801479 0.357631
0.846636 0.283207
0.922271 0.149417
0.306216 0.906232
0.797789 0.363532
0.630786 0.602109
0.7967 0.365269
0.805147 0.351738
0.359854 0.870505
0.463724 0.78496
0.410636 0.831378
0.601734 0.637916
0.536515 0.712151
0.34905 0.878164
0.863808 0.253836
0.496063 0.753922
0.369336 0.863591
0.373088 0.860806
0.940789 0.114917
0.408634 0.833018
0.536931 0.711705
0.778573 0.393824
0.816379 0.333525
0.473131 0.776147
0.880531 0.224664
0.934582 0.126557
0.558772 0.687774
0.921971 0.14997
0.779848 0.391837
0.307102 0.905688
0.325997 0.893726
0.919475 0.154565
0.722564 0.477901
0.416174 0.826799
0.855625 0.267906
0.853026 0.272346
0.343374 0.882094
0.638919 0.591782
0.437684 0.808432
0.445907 0.801167
0.835971 0.301152
0.983054 0.0336053
0.759475 0.423198
0.903874 0.183011
0.786192 0.381902
0.714113 0.490043
0.516619 0.733105
0.986511 0.0267955
0.992242 0.0154553
0.631833 0.600787
0.299616 0.91023
0.369905 0.86317
0.81844 0.330156
