86073 370.082
1 0
0.280775 0.921165
0.669301 0.552036
0.676342 0.542562
0.767131 0.41151
0.63813 0.59279
0.488145 0.761714
0.772618 0.403061
0.801184 0.358104
0.439583 0.806767
0.560899 0.685393
0.881021 0.223802
0.708549 0.497958
0.468673 0.780345
0.359498 0.870762
0.480989 0.768649
0.803787 0.353927
0.65509 0.570857
0.917468 0.158252
0.981177 0.037291
0.665061 0.557694
0.683386 0.532984
0.851181 0.275491
0.864983 0.251804
0.877328 0.230295
0.413625 0.828915
0.397486 0.842005
0.53565 0.713079
0.846628 0.28322
0.473889 0.77543
0.751051 0.435922
0.884115 0.21834
0.435686 0.810178
0.531586 0.717417
0.527992 0.721224
0.520485 0.729095
0.301002 0.909398
0.628804 0.604606
0.431177 0.814087
0.402333 0.838128
0.643223 0.586264
0.523947 0.72548
0.516282 0.733453
0.841481 0.291909
0.586816 0.655647
0.761863 0.419565
0.782423 0.387814
0.55663 0.690163
0.445437 0.801586
0.976754 0.0459513
0.650018 0.577476
0.35328 0.875193
0.307062 0.905713
0.424048 0.820183
0.661984 0.561778
0.457558 0.790641
0.778982 0.393187
0.393424 0.845217
0.819298 0.328751
0.891173 0.20581
0.603504 0.635783
0.595422 0.645472
0.406268 0.834947
0.742016 0.449412
0.822529 0.323445
0.790938 0.374417
0.796432 0.365697
0.336576 0.886717
0.982665 0.0343703
0.852945 0.272485
0.599198 0.640961
0.453861 0.794011
0.565272 0.680468
0.856459 0.266478
0.907145 0.177087
0.625678 0.608527
0.346636 0.879844
0.986045 0.0277148
0.613634 0.623454
0.844993 0.285987
0.427422 0.81731
0.33241 0.889504
0.389479 0.848306
0.913661 0.165224
0.869047 0.244758
0.754465 0.430783
0.952301 0.0931238
0.29327 0.913993
0.507819 0.74212
0.497878 0.752117
0.764609 0.415373
0.318066 0.898834
0.758425 0.424791
0.835968 0.301157
0.925672 0.143131
0.893398 0.20184
0.297627 0.911418
0.950417 0.0967071
0.959974 0.0784508
0.807874 0.34734
0.947757 0.101756
0.592633 0.648786
0.63266 0.599742
0.589607 0.652364
0.747934 0.440595
0.539441 0.709004
0.829136 0.312533
0.634431 0.597497
0.450432 0.797111
0.419587 0.823946
0.645001 0.583974
0.549235 0.698341
0.501043 0.748956
0.328753 0.891922
0.382995 0.853315
0.923273 0.147568
0.793694 0.370049
0.703553 0.505013
0.895928 0.197314
0.369985 0.863111
0.373562 0.860451
0.785076 0.383656
0.38604 0.850973
0.582537 0.66065
0.464994 0.783781
0.363044 0.868199
0.351074 0.876747
0.379364 0.856083
0.831657 0.308346
0.541667 0.706597
0.648577 0.579347
0.826903 0.316232
0.729201 0.468266
0.888068 0.211334
0.824752 0.319784
0.833575 0.305152
0.61046 0.627339
0.608279 0.629997
0.476908 0.772558
0.910572 0.170859
0.723167 0.477029
0.323353 0.895443
0.973976 0.0513714
0.315674 0.90035
0.938389 0.119427
0.512946 0.736886
0.695479 0.516308
0.62269 0.612258
0.886977 0.213273
0.578435 0.665412
0.697996 0.512802
0.687859 0.52685
0.616597 0.619809
0.900301 0.189459
0.490928 0.758989
0.511021 0.738858
0.376557 0.858205
0.569434 0.675745
0.289647 0.916104
0.658669 0.566155
0.776572 0.396936
0.987403 0.0250349
0.816237 0.333758
0.284924 0.918818
0.679887 0.537754
0.576484 0.667666
0.340545 0.884029
0.874849 0.23464
0.461438 0.787075
0.774864 0.399586
0.553681 0.693438
0.733048 0.46264
0.311592 0.90291
0.691912 0.521258
0.721594 0.479302
0.81291 0.339177
0.620895 0.614489
0.447504 0.79974
0.744879 0.445155
0.808765 0.345899
0.618366 0.617623
0.871985 0.239643
0.719132 0.482849
0.811611 0.341288
0.691349 0.522037
0.544953 0.703027
0.943533 0.109745
0.60176 0.637885
0.968205 0.0625784
0.965473 0.0678616
0.551959 0.695341
0.731318 0.465173
0.717624 0.485016
0.572212 0.672573
0.955121 0.0877439
0.573734 0.670829
0.494536 0.755434
0.546184 0.701683
0.567361 0.678102
0.739062 0.453788
0.581401 0.661972
0.963045 0.0725446
0.927931 0.138944
0.788127 0.378856
0.714553 0.489414
0.726173 0.472672
0.417551 0.825651
0.860388 0.259733
0.838524 0.296878
0.657485 0.567713
0.68788 0.526821
0.711694 0.493492
0.68068 0.536675
0.935528 0.124788
0.479533 0.770049
0.96995 0.0591968
0.940865 0.114772
0.919866 0.153847
0.921341 0.15113
0.50456 0.745419
0.931114 0.133027
0.975947 0.0475274
0.933284 0.128982
0.8169 0.332674
0.994229 0.0115093
0.989616 0.0206592
0.870016 0.243072
0.858143 0.263591
0.735366 0.459237
0.286981 0.917642
0.839133 0.295856
0.873593 0.236836
0.992509 0.0149265
0.309856 0.903989
0.711127 0.494299
0.745941 0.443572
0.942311 0.11205
0.343254 0.882177
0.715254 0.488412
0.736248 0.457938
0.415117 0.827678
0.726631 0.472008
0.405956 0.835199
0.493382 0.756574
0.325363 0.894139
0.503878 0.746107
0.366911 0.865376
0.795652 0.366938
0.462679 0.785928
0.700906 0.508731
