171801 600.001
1 1.11711e-10
0.280775 0.921165
0.685707 0.531679
0.680746 0.539792
0.484334 0.766276
0.971502 0.0609936
0.723558 0.484773
0.976692 0.0561573
0.480823 0.771587
0.519809 0.730942
0.594077 0.648964
0.488608 0.761842
0.651178 0.585521
0.611693 0.626851
0.764032 0.417465
0.69488 0.527083
0.863748 0.256496
0.549531 0.700177
0.654631 0.579627
0.471643 0.78394
0.72405 0.475968
0.525352 0.728238
0.527242 0.72314
0.3655 0.867793
0.866244 0.250892
0.90648 0.182764
0.861013 0.261778
0.589936 0.653732
0.695034 0.517951
0.410507 0.837293
0.903595 0.188388
0.810188 0.347277
0.85558 0.27078
0.306658 0.90713
0.289933 0.917029
0.962107 0.0785345
0.875927 0.235946
0.942696 0.120382
0.763518 0.425966
0.73515 0.459732
0.916067 0.177395
0.988015 0.0350846
0.44884 0.800359
0.771168 0.406662
0.955111 0.0934701
0.689235 0.528281
0.813862 0.343408
0.884675 0.21956
0.64537 0.585563
0.377872 0.859911
0.74167 0.459044
0.968477 0.064927
0.627166 0.60812
0.878554 0.23077
0.337454 0.886365
0.326239 0.894321
0.938768 0.123748
0.587376 0.657284
0.64219 0.590324
0.944059 0.113957
0.545028 0.703456
0.444663 0.804528
0.302937 0.910137
0.717661 0.48693
0.816059 0.338458
0.401378 0.840758
0.7468 0.450183
0.858549 0.266752
0.959099 0.0900193
0.286217 0.919806
0.465211 0.784253
0.948851 0.11216
0.823274 0.325043
0.597778 0.645536
0.976745 0.0486261
0.325066 0.901528
0.840861 0.297285
0.639575 0.602487
0.9029 0.194836
0.582907 0.660849
0.428504 0.819636
0.807391 0.351754
0.370514 0.865117
0.749576 0.438183
0.747591 0.443408
0.936628 0.128736
0.733097 0.464569
0.641759 0.597057
0.431827 0.816903
0.838014 0.301783
0.924128 0.150256
0.917118 0.170016
0.611474 0.635378
0.741731 0.451884
0.576786 0.674756
0.834362 0.304453
0.500772 0.751331
0.578299 0.66897
0.503861 0.746142
0.473698 0.777714
0.961306 0.0855279
0.623418 0.611991
0.388548 0.850751
0.434995 0.812453
0.296909 0.916898
0.793809 0.370552
0.801556 0.361258
0.925436 0.144415
0.396756 0.843045
0.47659 0.774935
0.951869 0.0971037
0.423332 0.821659
0.66299 0.563292
0.405077 0.837713
0.614973 0.622068
0.776122 0.405299
0.847376 0.290914
0.75237 0.433974
0.927992 0.139927
0.729997 0.46866
0.758526 0.426938
0.935841 0.135545
1 0.00872377
0.791274 0.37491
0.727112 0.471925
0.755247 0.430373
0.827029 0.322122
0.873573 0.240975
0.334114 0.88978
0.313559 0.907123
0.985786 0.0404566
0.531116 0.718333
0.561113 0.687044
0.515969 0.734706
0.537985 0.713706
0.620906 0.615438
0.923604 0.157515
0.88761 0.215207
0.558166 0.69085
0.842124 0.29132
0.38509 0.854483
0.38342 0.858883
0.789493 0.38627
0.99102 0.0306924
0.373302 0.862227
0.331353 0.89344
0.348697 0.879957
0.513062 0.744019
0.818787 0.333723
0.298141 0.912222
0.778995 0.401585
0.931884 0.137639
0.819998 0.328926
0.782116 0.398499
0.71285 0.494606
0.784279 0.387935
0.320351 0.902516
0.492065 0.758081
0.417624 0.827635
0.618212 0.620095
0.852598 0.275759
0.919096 0.158542
0.608663 0.63841
0.632817 0.607818
0.832714 0.310402
0.580064 0.66356
0.917386 0.163641
0.635232 0.604388
0.704839 0.510456
0.507348 0.74437
0.672861 0.549876
0.36093 0.870108
0.715046 0.489868
0.655697 0.573856
0.437399 0.808717
0.89035 0.212106
0.678558 0.543821
0.666752 0.559475
0.789769 0.380305
0.601042 0.642077
0.343263 0.885352
0.442607 0.80839
0.602944 0.638539
0.534271 0.717318
0.901059 0.200823
0.657634 0.569651
0.358673 0.872897
0.967451 0.0767964
0.677333 0.549193
0.782158 0.391245
0.317176 0.905765
0.421125 0.82536
0.555952 0.69989
0.662797 0.569581
0.705114 0.503984
0.96804 0.0727792
0.571889 0.67619
0.457948 0.792663
0.513321 0.737428
0.827815 0.315943
0.710095 0.497904
0.700371 0.517284
0.542629 0.707374
0.563996 0.683514
0.797577 0.367678
0.703649 0.516083
0.453595 0.794331
0.708116 0.501448
0.871519 0.24932
0.354483 0.875215
0.67203 0.556282
0.345325 0.882855
0.851467 0.279659
0.540001 0.709875
0.982143 0.0473666
0.354098 0.879472
0.452072 0.797645
0.56589 0.680385
0.462524 0.788115
0.569001 0.67792
0.557281 0.696855
0.831442 0.314769
0.497385 0.753254
0.49604 0.757053
0.895155 0.211092
0.801128 0.367353
0.951524 0.107678
0.884349 0.227348
0.770914 0.414977
0.76979 0.416219
0.416486 0.835533
0.392611 0.84879
0.394249 0.846886
0.951732 0.104374
0.873429 0.247649
0.884168 0.230325
0.462363 0.792498
0.992968 0.0267949
0.912047 0.180025
0.670285 0.558994
0.911156 0.181144
0.899122 0.203385
0.85005 0.286397
0.806397 0.358806
0.41649 0.833666
0.851239 0.286332
0.897152 0.205651
0.806857 0.358647
0.896924 0.209009
0.984174 0.0449961
