139713 310.036
0.999994 0.0020227
0.280775 0.922295
0.537646 0.714623
0.614017 0.624854
0.529515 0.722272
0.37961 0.858518
0.547171 0.702602
0.413735 0.830787
0.490091 0.762171
0.427263 0.820728
0.551343 0.699031
0.374359 0.861686
0.501135 0.751293
0.30132 0.910627
0.533995 0.719013
0.619265 0.618932
0.60215 0.63927
0.29613 0.913858
0.80184 0.358915
0.313771 0.903307
0.711923 0.495079
0.583027 0.661966
0.630738 0.604469
0.708692 0.49965
0.65881 0.568059
0.568847 0.679489
0.758303 0.427076
0.384159 0.854885
0.798882 0.364009
0.447171 0.802976
0.318447 0.90011
0.936143 0.126539
0.337606 0.88767
0.418997 0.827137
0.402253 0.840115
0.421655 0.823894
0.361764 0.870696
0.394455 0.845797
0.883593 0.221341
0.662332 0.563194
0.555677 0.694622
0.755019 0.431784
0.795914 0.36857
0.341649 0.884663
0.346063 0.881736
0.749089 0.440705
0.86878 0.247121
0.871535 0.242571
0.734702 0.462078
0.752199 0.436125
0.715191 0.490322
0.350688 0.879478
0.922541 0.151395
0.810417 0.345201
0.8862 0.216582
0.333062 0.89072
0.746173 0.445138
0.485259 0.765955
0.366719 0.867178
0.430561 0.816406
0.587073 0.658027
0.866072 0.252247
0.727999 0.472423
0.718052 0.486453
0.558138 0.690792
0.291703 0.91622
0.606001 0.636207
0.763952 0.418585
0.496701 0.755186
0.805046 0.354023
0.880904 0.226746
0.508028 0.744479
0.743281 0.449543
0.565269 0.684109
0.874374 0.237673
0.598508 0.644647
0.792925 0.373232
0.779608 0.394468
0.673829 0.548303
0.35458 0.876215
0.840854 0.295111
0.688094 0.528506
0.561795 0.68636
0.68509 0.532566
0.782326 0.390028
0.761394 0.422643
0.8435 0.290344
0.512467 0.740803
0.807693 0.350371
0.740585 0.453941
0.737625 0.457987
0.3981 0.84294
0.504808 0.746974
0.860406 0.262044
0.909342 0.175383
0.596189 0.647511
0.790361 0.377319
0.776856 0.398875
0.627094 0.609517
0.494322 0.758616
0.838317 0.299537
0.524433 0.726979
0.406298 0.83643
0.771488 0.406564
0.633607 0.600283
0.370138 0.86516
0.705408 0.504164
0.90188 0.188603
0.45685 0.79382
0.639699 0.593045
0.787568 0.381896
0.410119 0.834768
0.82024 0.329399
0.465875 0.785383
0.925113 0.146572
0.591846 0.651667
0.682278 0.536835
0.655723 0.572142
0.676678 0.544019
0.964085 0.0727182
0.892669 0.205556
0.636571 0.596654
0.991802 0.01868
0.642512 0.589086
0.322651 0.897589
0.785115 0.385769
0.989433 0.0234387
0.670659 0.55216
0.434431 0.813702
0.66534 0.559478
0.970809 0.0601075
0.3092 0.906099
0.857773 0.266562
0.835577 0.303785
0.358916 0.874179
0.933462 0.130978
0.30637 0.908581
0.944308 0.110559
0.911717 0.171242
0.774002 0.402798
0.906628 0.180299
0.895445 0.200546
0.574918 0.673074
0.38993 0.849452
0.853136 0.274245
0.468907 0.782669
0.904565 0.183807
0.679343 0.540304
0.973153 0.05544
0.846218 0.286265
0.899724 0.192853
0.919829 0.156218
0.813056 0.340885
0.572074 0.675501
0.850649 0.278733
0.817477 0.33363
0.667992 0.555639
0.83325 0.30777
0.826503 0.318976
0.966506 0.0683576
0.645814 0.585944
0.450718 0.798473
0.625298 0.612967
0.542554 0.708846
0.72119 0.481907
0.93882 0.120766
0.987311 0.0277422
0.956735 0.0876624
0.978839 0.0443494
0.946625 0.106486
0.693216 0.521481
0.950721 0.0983415
0.981034 0.0401231
0.968494 0.0642565
0.927225 0.142277
0.621223 0.616025
0.985199 0.031921
0.993964 0.0142263
0.855388 0.270351
0.691497 0.524941
0.983018 0.0359291
0.443274 0.806137
0.611389 0.629727
0.437411 0.810368
0.914078 0.166847
0.948586 0.102182
0.701151 0.511615
0.608638 0.631489
0.766926 0.413651
0.287575 0.919
0.647912 0.581935
0.652844 0.575497
0.848421 0.282356
0.329786 0.893945
0.897399 0.197123
0.958559 0.0836021
0.997632 0.00740519
0.580477 0.667183
0.577742 0.668276
0.696165 0.517068
0.472465 0.779396
0.768663 0.41126
0.815554 0.337532
0.703053 0.507696
0.889166 0.212179
0.387792 0.851726
0.724886 0.476523
0.326209 0.895151
0.650642 0.57885
0.829127 0.315146
0.83099 0.312036
0.931251 0.134911
0.519881 0.733522
0.482544 0.768771
0.929418 0.138391
0.453426 0.79693
0.941975 0.115141
0.589962 0.654648
0.514843 0.737502
0.522936 0.729269
0.461612 0.788488
0.477225 0.773955
0.542933 0.707373
0.876991 0.233682
0.916142 0.163509
0.917803 0.159575
0.284601 0.920457
0.480115 0.771916
0.878381 0.230674
0.69809 0.514731
0.440599 0.808092
0.976672 0.0484348
0.474677 0.777116
0.822761 0.325235
0.996072 0.0104636
0.975176 0.0513658
0.459983 0.790117
0.961871 0.0774794
0.954206 0.0919238
0.890471 0.20922
0.824207 0.322957
0.953004 0.0940447
0.731508 0.466705
0.517405 0.734753
0.960543 0.079438
0.730792 0.467933
0.723294 0.479209
0.940359 0.117992
0.862991 0.257655
0.86404 0.257212
