91970 390.093
1 0
0.280775 0.921165
0.895619 0.197868
0.417205 0.82594
0.654677 0.571399
0.423896 0.820312
0.871221 0.240974
0.746967 0.442041
0.557542 0.689147
0.560539 0.685796
0.752131 0.434299
0.775509 0.398586
0.495758 0.754224
0.446168 0.800934
0.566496 0.679082
0.787484 0.379869
0.866943 0.248409
0.307781 0.905271
0.916994 0.159122
0.407259 0.83414
0.340137 0.884307
0.780419 0.390946
0.660074 0.564303
0.719934 0.481695
0.730166 0.466858
0.439479 0.806858
0.791432 0.373635
0.391528 0.846706
0.643159 0.586347
0.59994 0.640071
0.551477 0.695873
0.66736 0.554631
0.379247 0.856172
0.816104 0.333974
0.68822 0.526353
0.289655 0.9161
0.346148 0.880182
0.877583 0.229847
0.502084 0.747912
0.947357 0.102516
0.797342 0.364245
0.89859 0.192536
0.890719 0.20662
0.386506 0.850613
0.449242 0.798181
0.9255 0.143449
0.430369 0.814783
0.793998 0.369567
0.594788 0.646227
0.524023 0.7254
0.86438 0.252847
0.943944 0.108969
0.908828 0.174031
0.732847 0.462936
0.691128 0.522342
0.754617 0.430554
0.626261 0.607797
0.684436 0.531548
0.822663 0.323226
0.467951 0.781021
0.508154 0.74178
0.951707 0.0942542
0.901242 0.187763
0.937371 0.121335
0.617258 0.618992
0.838488 0.296939
0.545837 0.702062
0.921009 0.151743
0.960671 0.0771107
0.520374 0.729211
0.336163 0.886995
0.620502 0.614977
0.844547 0.286741
0.855823 0.267567
0.954431 0.0890616
0.770493 0.406341
0.677824 0.540555
0.914637 0.163439
0.531317 0.717702
0.435732 0.810137
0.464207 0.784512
0.534685 0.714112
0.694283 0.517972
0.940776 0.114941
0.383162 0.853187
0.319729 0.897773
0.784133 0.385135
0.757911 0.42557
0.887638 0.212099
0.699702 0.510417
0.696741 0.514552
0.800026 0.359958
0.722701 0.477703
0.323363 0.895437
0.580438 0.663092
0.575032 0.669338
0.635528 0.596104
0.772929 0.402581
0.572031 0.672781
0.861366 0.258049
0.708205 0.498445
0.922028 0.149865
0.851132 0.275574
0.853259 0.271948
0.503406 0.746582
0.927507 0.139731
0.662662 0.560879
0.949428 0.0985858
0.427804 0.816983
0.674857 0.544568
0.929926 0.135238
0.480099 0.769505
0.485358 0.764428
0.764084 0.416176
0.357442 0.872235
0.651333 0.575766
0.606803 0.631791
0.648014 0.580078
0.9319 0.131562
0.476675 0.772781
0.294597 0.913212
0.471421 0.777762
0.802369 0.356205
0.725949 0.472998
0.669625 0.551603
0.370589 0.862664
0.517287 0.732414
0.549905 0.697605
0.740166 0.452155
0.569208 0.676002
0.366539 0.865649
0.836122 0.300901
0.58984 0.652089
0.492772 0.757176
0.577921 0.666007
0.804711 0.352441
0.958338 0.0815882
0.360737 0.869869
0.332156 0.889672
0.459137 0.789193
0.979663 0.0402604
0.541034 0.707282
0.30113 0.909321
0.884948 0.216867
0.396757 0.842584
0.454052 0.793836
0.956585 0.0849448
0.828804 0.313085
0.510363 0.73953
0.4016 0.838718
0.881016 0.223811
0.374243 0.859943
0.903741 0.183252
0.975823 0.0477686
0.934246 0.127184
0.412102 0.830172
0.630871 0.602002
0.614204 0.622753
0.711732 0.493437
0.847172 0.2823
0.327207 0.892935
0.874339 0.235531
0.402696 0.837836
0.482809 0.766895
0.848558 0.279949
0.761711 0.419797
0.583785 0.659195
0.826309 0.317213
0.474037 0.775289
0.715722 0.487742
0.630811 0.602077
0.363953 0.867538
0.703954 0.504449
0.858465 0.263038
0.603779 0.635451
0.680645 0.536723
0.706515 0.500836
0.702209 0.506903
0.543279 0.704848
0.349095 0.878132
0.586804 0.655661
0.639345 0.591238
0.454954 0.793017
0.736169 0.458055
0.353904 0.874752
0.812619 0.339651
0.315648 0.900367
0.395502 0.843578
0.412996 0.829434
0.966177 0.0665011
0.744247 0.446097
0.759895 0.422559
0.782304 0.388
0.880899 0.224018
0.285079 0.91873
0.488895 0.760981
0.841473 0.291923
0.911694 0.168814
0.98254 0.0346149
0.62344 0.611323
0.682172 0.534641
0.942081 0.112484
0.820843 0.326216
0.990947 0.0180233
0.935754 0.124365
0.875146 0.23412
0.64084 0.589324
0.636469 0.594908
0.513539 0.736278
0.767511 0.410927
0.527587 0.721652
0.969013 0.0610142
0.329522 0.891415
0.296905 0.911847
0.35189 0.876173
0.602188 0.637369
0.612479 0.62487
0.889982 0.207932
0.818782 0.329597
0.91209 0.168092
0.736123 0.458123
0.841924 0.291164
0.60923 0.628839
0.963233 0.0721819
0.311887 0.902726
0.97784 0.0438299
0.743124 0.447766
0.725231 0.474041
0.48991 0.759989
0.528177 0.721029
0.859685 0.260942
0.51458 0.735207
0.965697 0.0674284
0.809068 0.345409
0.766582 0.412351
0.885175 0.216465
0.985208 0.0293654
0.741027 0.45088
0.970894 0.0573643
0.610427 0.627379
0.437464 0.808625
0.714168 0.489964
0.987415 0.0250111
0.592195 0.649305
0.906345 0.178539
0.988728 0.0224172
0.963492 0.0716824
0.537868 0.710698
0.831439 0.308709
0.284034 0.919325
