16693 40.0089
0.999986 0.00610454
0.280776 0.924868
0.812291 0.347021
0.944758 0.114326
0.751376 0.442187
0.381894 0.858776
0.592404 0.655163
0.353165 0.879043
0.35812 0.876178
0.377256 0.862647
0.795375 0.374133
0.911861 0.174647
0.464623 0.788669
0.42659 0.823189
0.418839 0.830033
0.928436 0.144379
0.791852 0.379288
0.460924 0.792412
0.58794 0.658705
0.580925 0.667677
0.931564 0.139662
0.754846 0.43746
0.727907 0.475331
0.941549 0.120304
0.716921 0.49103
0.560231 0.692358
0.724687 0.480239
0.747518 0.446549
0.563228 0.687014
0.329659 0.895009
0.618491 0.62351
0.919409 0.161206
0.440357 0.810623
0.430299 0.819215
0.399362 0.845281
0.954632 0.0946121
0.421747 0.82583
0.83836 0.304373
0.385682 0.854981
0.967595 0.0707591
0.972503 0.0605366
0.402932 0.84142
0.894697 0.205782
0.970385 0.0655272
0.325633 0.898489
0.642397 0.59366
0.601563 0.643697
0.863638 0.259861
0.936593 0.129831
0.673452 0.553019
0.413593 0.832952
0.34189 0.887041
0.289449 0.920121
0.781756 0.394596
0.840762 0.299473
0.934071 0.134262
0.468502 0.784479
0.880509 0.231681
0.80865 0.352132
0.903522 0.189853
0.915082 0.168585
0.621434 0.618474
0.871991 0.246867
0.742374 0.455596
0.798193 0.36973
0.957691 0.0895506
0.822897 0.32969
0.685739 0.534702
0.456453 0.795696
0.900739 0.194541
0.938979 0.124126
0.28496 0.922505
0.87801 0.237118
0.825606 0.324568
0.773314 0.407404
0.711319 0.499242
0.705821 0.507238
0.615323 0.627581
0.814816 0.341178
0.745467 0.45167
0.389717 0.852088
0.488799 0.766039
0.866787 0.254846
0.635781 0.600608
0.334532 0.892944
0.996694 0.0132765
0.47176 0.781536
0.682874 0.538687
0.887754 0.217943
0.776212 0.402602
0.293853 0.917558
0.852174 0.27966
0.566536 0.683454
0.947246 0.108911
0.639319 0.597971
0.884955 0.22278
0.715233 0.495844
0.40711 0.838583
0.540128 0.713974
0.491519 0.762739
0.338194 0.890389
0.317392 0.903239
0.321167 0.900643
0.627407 0.611261
0.365668 0.870739
0.476122 0.778722
0.819975 0.333379
0.453377 0.798739
0.305705 0.91038
0.778781 0.398922
0.36209 0.872595
0.478656 0.775093
0.644914 0.588664
0.301692 0.912708
0.70889 0.503514
0.849897 0.284893
0.536286 0.716659
0.800684 0.36488
0.975326 0.055233
0.731399 0.471529
0.827882 0.32024
0.543717 0.710819
0.370168 0.867658
0.694306 0.523154
0.297588 0.915065
0.604336 0.639618
0.983491 0.0397271
0.624536 0.615102
0.507298 0.746572
0.92288 0.155683
0.992256 0.0222708
0.50215 0.753971
0.843506 0.294666
0.985556 0.0353254
0.83483 0.308584
0.689096 0.530646
0.66063 0.568696
0.994698 0.017738
0.965152 0.0754876
0.868964 0.251113
0.5225 0.732107
0.883195 0.227505
0.831276 0.316912
0.649939 0.582349
0.444167 0.807222
0.987885 0.0306035
0.31316 0.905701
0.81756 0.338119
0.595523 0.649991
0.525268 0.728411
0.788969 0.383453
0.519291 0.735381
0.310138 0.908407
0.906208 0.185362
0.653321 0.578017
0.691191 0.526994
0.859338 0.267634
0.348674 0.882276
0.372777 0.864927
0.449491 0.801921
0.59771 0.647562
0.891949 0.210816
0.504649 0.751021
0.548952 0.703827
0.768515 0.415051
0.784675 0.390158
0.576091 0.672396
0.990001 0.0265356
0.41075 0.836069
0.85673 0.272535
0.757265 0.432414
0.497457 0.756623
0.484567 0.769433
0.770612 0.411257
0.949788 0.105351
0.495757 0.759605
0.545972 0.706545
0.632544 0.604851
0.762406 0.425651
0.925867 0.149906
0.664235 0.564371
0.67997 0.542808
0.346206 0.884269
0.551716 0.699948
0.702656 0.511208
0.528475 0.725457
0.98087 0.0441935
0.436345 0.814071
0.759098 0.429013
0.516655 0.738905
0.66987 0.556028
0.861928 0.265045
0.510378 0.743519
0.607644 0.636605
0.482432 0.771706
0.806881 0.356302
0.658422 0.571612
0.739464 0.460101
0.630393 0.607323
0.854582 0.275443
0.655771 0.575647
0.917254 0.165373
0.676566 0.548177
0.83356 0.312931
0.433956 0.815779
0.611738 0.63053
0.648239 0.586053
0.72129 0.486476
0.513983 0.741883
0.572165 0.67815
0.977236 0.051678
0.569654 0.67982
0.889963 0.213711
0.556111 0.695014
0.533692 0.720694
0.765675 0.418879
0.786514 0.386746
0.979218 0.0476201
0.446863 0.804436
0.959894 0.0853237
0.909429 0.179019
0.733315 0.467339
0.962856 0.0793349
0.394764 0.847746
0.847551 0.288737
0.584696 0.662753
0.69689 0.519408
0.531798 0.723373
0.999215 0.00801053
0.898092 0.202165
0.609718 0.633278
0.700723 0.514128
0.845871 0.291256
0.898226 0.198963
0.763975 0.421682
0.667718 0.558974
0.393449 0.849298
0.575282 0.674392
0.721607 0.484319
0.554368 0.697333
0.908244 0.181717
0.735158 0.464657
0.874284 0.241793
0.6989 0.517591
0.73715 0.461907
0.952299 0.0994082
0.666082 0.562132
0.961258 0.0821354
0.803097 0.361074
0.583286 0.664208
