5116 20.0037
1 0
0.280775 0.921165
0.553101 0.694079
0.643008 0.58654
0.77785 0.394949
0.845097 0.285812
0.81814 0.330646
0.850258 0.277061
0.625163 0.609172
0.630738 0.60217
0.772235 0.403653
0.813137 0.338809
0.864854 0.252028
0.876123 0.232409
0.397461 0.842025
0.54482 0.703171
0.45651 0.791599
0.945625 0.105792
0.700857 0.508799
0.565776 0.679897
0.842077 0.290906
0.584458 0.658409
0.933991 0.12766
0.378984 0.856371
0.696624 0.514715
0.917868 0.157519
0.638097 0.592832
0.880502 0.224717
0.725879 0.4731
0.838278 0.29729
0.72151 0.479423
0.78138 0.389445
0.461037 0.787444
0.648195 0.579843
0.320189 0.897479
0.621658 0.613541
0.355914 0.873325
0.368825 0.863968
0.522729 0.726755
0.940974 0.114567
0.713214 0.491326
0.970035 0.0590325
0.954293 0.0893248
0.861167 0.258391
0.967366 0.0642027
0.409425 0.832371
0.505822 0.744144
0.326606 0.893328
0.756419 0.427831
0.908399 0.17481
0.587687 0.654624
0.308746 0.904676
0.350016 0.877489
0.960186 0.0780429
0.821416 0.325276
0.897753 0.194039
0.45143 0.796211
0.78914 0.377257
0.40436 0.836493
0.693595 0.518926
0.947573 0.102105
0.737586 0.455967
0.420693 0.823017
0.445259 0.801744
0.982566 0.0345646
0.601424 0.638289
0.509661 0.740246
0.669159 0.552226
0.495594 0.754387
0.607644 0.630768
0.30359 0.907833
0.604659 0.634387
0.342412 0.882754
0.576176 0.668021
0.886834 0.213525
0.469721 0.779362
0.556611 0.690185
0.61795 0.618138
0.562483 0.683613
0.852824 0.272691
0.347673 0.879123
0.97866 0.0422249
0.964696 0.0693613
0.672053 0.548344
0.708587 0.497904
0.937113 0.12182
0.921607 0.15064
0.766005 0.413236
0.719031 0.482995
0.823694 0.321528
0.810638 0.342867
0.913259 0.165958
0.441853 0.804766
0.656711 0.568731
0.682371 0.53437
0.806538 0.349497
0.99246 0.0150237
0.962711 0.0731868
0.72843 0.46939
0.490431 0.759478
0.796605 0.365421
0.792402 0.372098
0.536088 0.71261
0.835759 0.301508
0.85533 0.268411
0.484892 0.764879
0.799137 0.361381
0.828847 0.313013
0.435589 0.810262
0.559481 0.686981
0.871986 0.239641
0.413187 0.829277
0.502379 0.747615
0.786782 0.380974
0.884124 0.218326
0.596143 0.644614
0.438534 0.807688
0.532882 0.716037
0.579598 0.664066
0.449095 0.798313
0.365633 0.866313
0.910657 0.170704
0.905326 0.180385
0.424377 0.819905
0.394036 0.844735
0.610875 0.626831
0.746584 0.442612
0.519213 0.730417
0.744505 0.445713
0.362148 0.868849
0.95761 0.0829837
0.598337 0.641993
0.431974 0.813398
0.288859 0.91656
0.317141 0.899422
0.572599 0.67213
0.59117 0.650518
0.686892 0.52818
0.374467 0.859774
0.615597 0.621041
0.873427 0.237126
0.482045 0.767632
0.359066 0.871072
0.570894 0.67408
0.530335 0.718744
0.54419 0.703857
0.592854 0.648524
0.633864 0.598216
0.690635 0.523024
0.79414 0.369341
0.684327 0.531697
0.674819 0.54462
0.539616 0.708815
0.924223 0.145812
0.808078 0.34701
0.868303 0.24605
0.612957 0.624283
0.299082 0.91055
0.930878 0.133466
0.74089 0.451082
0.919493 0.154532
0.950654 0.0962574
0.499826 0.750174
0.768675 0.409139
0.384605 0.852079
0.653668 0.572718
0.857577 0.264561
0.753562 0.432144
0.526839 0.722441
0.474724 0.774637
0.472927 0.77634
0.763444 0.417153
0.868784 0.245215
0.975529 0.0483438
0.927574 0.139607
0.517026 0.732685
0.426967 0.817699
0.882372 0.22142
0.337047 0.8864
0.464838 0.783926
0.759526 0.423121
0.512637 0.737203
0.716101 0.4872
0.294182 0.913457
0.801529 0.357551
0.466015 0.78283
0.635532 0.5961
0.85914 0.261879
0.752338 0.433988
0.678827 0.539194
0.894678 0.199551
0.42957 0.81547
0.831608 0.308429
0.704348 0.503894
0.972757 0.0537439
0.405133 0.835868
0.95608 0.0859118
0.339837 0.884511
0.803065 0.355087
0.331732 0.889954
0.286329 0.918016
0.391014 0.847108
0.334205 0.888307
0.477957 0.771558
0.514417 0.735376
0.707722 0.49913
0.416936 0.826164
0.770095 0.406953
0.741814 0.449712
0.689059 0.525198
0.328825 0.891874
0.293258 0.914
0.488351 0.761513
0.98414 0.0314681
0.950645 0.0962734
0.986527 0.0267643
0.833446 0.305367
0.497286 0.752706
0.731639 0.464705
0.313478 0.901732
0.66576 0.556764
0.375025 0.859356
0.479335 0.770238
0.662526 0.56106
0.704838 0.503203
0.889163 0.209389
0.3869 0.850308
0.312256 0.902496
0.973328 0.0526324
0.899952 0.190087
0.666077 0.556341
0.889796 0.208264
0.73114 0.465434
0.989941 0.0200165
0.749281 0.438578
0.734549 0.460438
0.28322 0.919787
0.7497 0.437949
0.389016 0.848667
0.784301 0.384872
0.903035 0.184528
0.578937 0.664832
0.527576 0.721663
0.826434 0.317006
0.994372 0.0112237
0.415948 0.826988
0.976765 0.0459299
0.715011 0.48876
0.659543 0.565002
0.662269 0.5614
