86512 180.027
1 0.0277579
0.280775 0.934992
0.661529 0.585173
0.87976 0.253014
0.875709 0.257784
0.834751 0.328595
0.798899 0.387173
0.831969 0.334527
0.802496 0.381638
0.743038 0.471059
0.753966 0.455505
0.837925 0.323846
0.481262 0.787581
0.485923 0.7833
0.636598 0.616188
0.963375 0.100378
0.435579 0.826464
0.860674 0.285039
0.960041 0.10564
0.858183 0.290312
0.732184 0.486068
0.399485 0.858273
0.854984 0.294941
0.773049 0.427043
0.863521 0.279708
0.720864 0.503438
0.418294 0.842977
0.841005 0.318751
0.787057 0.40453
0.658065 0.589512
0.790048 0.399906
0.627173 0.627982
0.665099 0.579397
0.403642 0.854429
0.304932 0.923853
0.873598 0.26349
0.757376 0.450565
0.997357 0.0352382
0.763131 0.44316
0.924459 0.172
0.612553 0.646923
0.739496 0.475824
0.648415 0.601242
0.852465 0.300012
0.45074 0.815277
0.581664 0.682157
0.606127 0.654456
0.781989 0.413501
0.849782 0.304522
0.654846 0.593382
0.467515 0.799612
0.651286 0.597001
0.930188 0.163407
0.746959 0.46744
0.793671 0.396369
0.896016 0.224536
0.633217 0.620544
0.723701 0.498159
0.927651 0.16819
0.729271 0.491572
0.917289 0.186766
0.776849 0.4225
0.7958 0.39124
0.709893 0.519706
0.922295 0.177669
0.538582 0.729414
0.766104 0.438225
0.34553 0.897384
0.407297 0.851694
0.60859 0.649963
0.317447 0.916587
0.813095 0.365372
0.309324 0.920929
0.932534 0.158416
0.47155 0.796556
0.779033 0.418791
0.517424 0.751862
0.979471 0.0715782
0.919735 0.18182
0.986846 0.0565229
0.34136 0.900322
0.718037 0.507867
0.784496 0.409612
0.422028 0.839669
0.601657 0.65731
0.94591 0.133176
0.898899 0.220312
0.446874 0.81904
0.623456 0.631925
0.970585 0.0876083
0.644935 0.605149
0.939774 0.145467
0.511329 0.758946
0.440101 0.824035
0.846578 0.30865
0.630586 0.624464
0.596213 0.665018
0.893135 0.228962
0.807573 0.373291
0.67076 0.572688
0.678623 0.561442
0.903563 0.211371
0.820125 0.353279
0.615178 0.642059
0.889366 0.238101
0.52054 0.74805
0.935303 0.154349
0.810415 0.368817
0.900912 0.215471
0.463983 0.803004
0.696345 0.539558
0.906075 0.207011
0.514196 0.755484
0.804796 0.376754
0.712932 0.515661
0.640683 0.612475
0.507319 0.761924
0.870977 0.268229
0.759891 0.446622
0.454435 0.812435
0.706761 0.523658
0.395633 0.861298
0.312996 0.918507
0.554009 0.713268
0.535242 0.733256
0.599342 0.661202
0.54682 0.718711
0.704127 0.527042
0.828454 0.338594
0.937445 0.14971
0.524087 0.745358
0.551036 0.716743
0.699636 0.534828
0.45774 0.809482
0.949516 0.129276
0.371815 0.87842
0.886362 0.242308
0.578884 0.686295
0.300609 0.926359
0.292862 0.929322
0.489255 0.780174
0.376271 0.876435
0.383094 0.872423
0.460662 0.805781
0.356646 0.89052
0.32126 0.913333
0.593543 0.668949
0.527285 0.742037
0.331081 0.906885
0.914642 0.191199
0.413957 0.846222
0.867529 0.276813
0.7149 0.51131
0.966229 0.0959857
0.97717 0.0760256
0.363122 0.885668
0.690554 0.544523
0.584983 0.677863
0.815726 0.359975
0.590655 0.672298
0.683903 0.555764
0.618371 0.639319
0.504442 0.764952
0.573539 0.692302
0.392055 0.863509
0.9948 0.0410526
0.289351 0.933063
0.475034 0.793603
0.891173 0.233464
0.349728 0.895154
0.478147 0.790984
0.989187 0.0516145
0.411552 0.84873
0.96804 0.0920624
0.541977 0.725997
0.675542 0.566335
0.667825 0.576667
0.557997 0.710945
0.621429 0.635964
0.501132 0.768074
0.3379 0.903159
0.569728 0.695495
0.498187 0.77076
0.726875 0.495187
0.495428 0.774496
0.443711 0.82165
0.953423 0.120942
0.826618 0.342305
0.492606 0.77732
0.701246 0.53123
0.750596 0.459795
0.913135 0.195802
0.544498 0.723025
0.352869 0.892759
0.951471 0.125694
0.908523 0.202833
0.94247 0.14091
0.432436 0.831726
0.97277 0.0828358
0.386575 0.868267
0.359699 0.887048
0.98419 0.0607117
0.868759 0.272076
0.770641 0.431559
0.910487 0.199358
0.955537 0.1173
0.991621 0.0486688
0.575873 0.689308
0.285974 0.934534
0.297066 0.928371
0.587532 0.675451
0.56072 0.707913
0.642901 0.609436
0.379081 0.873188
0.326902 0.910053
0.8839 0.24969
0.735522 0.482398
0.768322 0.433956
0.673578 0.568929
0.97482 0.0799075
0.681439 0.558784
0.333925 0.904628
0.530312 0.738924
0.693526 0.541917
0.817687 0.35708
0.748843 0.46245
0.567646 0.698507
0.943914 0.137476
0.564695 0.701228
0.532851 0.736763
0.686591 0.551278
0.688015 0.549074
0.562758 0.704229
0.822942 0.348748
0.388713 0.866487
0.994503 0.0455384
0.737741 0.480592
0.981804 0.0664515
0.368207 0.883632
0.82437 0.346947
0.957929 0.110765
0.999985 0.0312825
0.430503 0.833172
0.425566 0.836845
0.884011 0.245802
0.324568 0.911266
0.844 0.314783
0.427276 0.835762
0.368689 0.881365
0.957124 0.112802
