1712374 550.012
0.566057 2.32191
0.566438 2.31677
0.280775 2.42198
0.566194 2.31895
0.474011 2.34707
0.473895 2.34871
0.902677 2.09334
0.902676 2.09804
0.716365 2.21775
0.418654 2.35624
0.41866 2.35509
0.630907 2.26411
0.906269 2.09156
0.430014 2.3537
0.71632 2.21866
0.398122 2.36356
0.78543 2.17896
0.418519 2.3566
0.418547 2.35651
0.658575 2.24944
0.852637 2.12766
0.885067 2.10398
0.418515 2.35965
0.398037 2.36372
0.630912 2.26162
0.841466 2.13692
0.630901 2.26648
0.280775 2.39505
0.398142 2.36035
0.397989 2.36457
0.933341 2.06705
0.912031 2.08398
0.792459 2.17023
0.630909 2.26393
0.841596 2.13288
0.766162 2.18292
0.962577 2.04245
0.623321 2.27113
0.902921 2.092
0.936942 2.06178
0.734015 2.20217
0.936865 2.06548
0.962561 2.04368
0.962304 2.0444
0.997862 2.01254
0.9877 2.02488
0.987702 2.02201
0.962596 2.04021
0.992806 2.01765
0.987701 2.02328
0.944124 2.05443
0.992813 2.0166
0.327218 2.38264
0.327296 2.37846
0.806082 2.15584
0.989866 2.0181
0.937013 2.05761
0.834107 2.13798
0.697594 2.21908
0.357399 2.3686
0.872883 2.10704
0.999383 2.00982
0.5897 2.2784
0.661421 2.23885
0.589634 2.28005
0.631118 2.2576
0.357247 2.36941
0.936953 2.06005
0.806148 2.15246
0.968485 2.03483
0.93699 2.05815
0.915501 2.07301
0.726533 2.20591
0.280775 2.391
0.280775 2.39029
0.968474 2.03641
0.661356 2.24072
0.631112 2.26009
0.35717 2.36942
0.872831 2.10954
0.969472 2.0296
0.589649 2.27976
0.999993 2.00551
0.631117 2.25856
0.999476 2.00935
0.872848 2.1094
0.631118 2.25702
0.996526 2.01376
0.819846 2.14149
0.72662 2.20263
0.950242 2.04774
0.999476 2.00812
0.280775 2.38576
0.977417 2.02694
0.280775 2.3932
0.981883 2.02592
0.872899 2.10472
0.357088 2.37386
