80427 340.078
1 0
0.280775 0.921165
0.85244 0.273346
0.829311 0.312244
0.898795 0.192167
0.477314 0.772171
0.925289 0.14384
0.462146 0.786421
0.782843 0.387157
0.720664 0.480644
0.424444 0.819848
0.903705 0.183318
0.787692 0.379542
0.468182 0.780806
0.704058 0.504302
0.472106 0.777116
0.765712 0.413685
0.921613 0.150629
0.5546 0.692419
0.856952 0.265633
0.946055 0.104979
0.71553 0.488016
0.755759 0.428828
0.646982 0.581414
0.708756 0.497665
0.872185 0.239293
0.292888 0.914217
0.695934 0.515676
0.538773 0.709724
0.875619 0.233291
0.628894 0.604492
0.417859 0.825394
0.841686 0.291564
0.73631 0.457847
0.30062 0.909628
0.580685 0.662805
0.824966 0.319432
0.614005 0.622997
0.57687 0.667222
0.342256 0.882861
0.723851 0.47604
0.549899 0.697611
0.979033 0.041494
0.534874 0.71391
0.618167 0.617869
0.847317 0.282053
0.511734 0.738128
0.834361 0.303842
0.41072 0.831309
0.58968 0.652278
0.919168 0.15513
0.310552 0.903558
0.929247 0.136501
0.97484 0.0496861
0.328177 0.8923
0.726847 0.471693
0.914319 0.164021
0.650193 0.577249
0.317946 0.89891
0.531687 0.717309
0.338025 0.885739
0.960504 0.0774319
0.482997 0.766714
0.963306 0.0720423
0.573603 0.67098
0.560907 0.685383
0.844394 0.286999
0.384093 0.852473
0.63745 0.593657
0.564273 0.681596
0.570479 0.674554
0.457489 0.790704
0.744335 0.445966
0.88916 0.209394
0.392319 0.846086
0.49409 0.755875
0.557847 0.688807
0.916445 0.160129
0.369743 0.86329
0.415979 0.826961
0.567288 0.678184
0.514019 0.735784
0.396509 0.84278
0.359799 0.870544
0.760706 0.421326
0.729677 0.467572
0.506888 0.743064
0.608481 0.62975
0.817179 0.332219
0.592361 0.649109
0.490763 0.759152
0.487596 0.76225
0.861532 0.257762
0.296259 0.912231
0.403192 0.837437
0.670126 0.550932
0.346732 0.879777
0.6014 0.638319
0.597812 0.642621
0.885823 0.215318
0.380669 0.855091
0.906068 0.179041
0.3144 0.901153
0.908275 0.175036
0.750987 0.436019
0.762833 0.418086
0.869601 0.243794
0.943716 0.1094
0.399527 0.840378
0.757538 0.426137
0.710824 0.49473
0.611294 0.62632
0.286487 0.917925
0.688582 0.525854
0.363601 0.867794
0.585785 0.656856
0.838353 0.297164
0.858785 0.262489
0.793345 0.370604
0.878168 0.22882
0.804425 0.352901
0.892642 0.20319
0.595651 0.6452
0.814611 0.33641
0.748998 0.439002
0.497425 0.752568
0.666119 0.556285
0.949645 0.0981737
0.448264 0.79906
0.700075 0.509895
0.810448 0.343174
0.658737 0.566066
0.542574 0.705613
0.769737 0.407505
0.526533 0.722763
0.823352 0.322092
0.713873 0.490385
0.801431 0.357709
0.808076 0.347013
0.941654 0.113288
0.691677 0.521583
0.739778 0.452728
0.653144 0.573402
0.683604 0.532686
0.584063 0.65887
0.450781 0.796796
0.366679 0.865547
0.677029 0.541632
0.502687 0.747306
0.643096 0.586428
0.632756 0.59962
0.605383 0.633512
0.639746 0.590725
0.795859 0.366609
0.812553 0.339757
0.965344 0.0681111
0.528145 0.721063
0.797563 0.363893
0.440406 0.806043
0.499906 0.750094
0.633716 0.598404
0.621974 0.613149
0.662403 0.561223
0.332248 0.889611
0.884514 0.217635
0.32264 0.895903
0.432376 0.813051
0.377159 0.857751
0.911328 0.169481
0.693281 0.519361
0.547522 0.70022
0.334214 0.888301
0.518207 0.731461
0.35184 0.876209
0.800048 0.359922
0.733341 0.462211
0.895583 0.197932
0.930397 0.134361
0.867543 0.24737
0.880078 0.225462
0.937174 0.121704
0.671616 0.548931
0.679919 0.537709
0.779588 0.392242
0.820601 0.326613
0.323997 0.895026
0.700788 0.508896
0.374139 0.86002
0.969913 0.0592688
0.43424 0.811436
0.890794 0.206487
0.40643 0.834814
0.806114 0.35018
0.285451 0.918518
0.388187 0.849311
0.484267 0.765485
0.740842 0.451153
0.932761 0.129956
0.34952 0.877836
0.52264 0.726848
0.73226 0.463795
0.305673 0.906564
0.819662 0.328154
0.985696 0.0284036
0.774167 0.400666
0.603574 0.635698
0.950174 0.0971696
0.837038 0.299368
0.972471 0.0543008
0.681161 0.53602
0.790593 0.374963
0.665105 0.557635
0.453942 0.793936
0.994109 0.0117482
0.743504 0.447202
0.655577 0.570219
0.505294 0.744678
0.620606 0.614848
0.863642 0.254123
0.660562 0.563657
0.674299 0.545321
0.444002 0.802862
0.910621 0.17077
0.957854 0.0825153
0.428476 0.816408
0.356142 0.873163
0.62532 0.608975
0.444799 0.802154
0.518852 0.730793
0.305931 0.906406
0.625637 0.608579
0.437346 0.808728
0.8952 0.198617
0.939754 0.116863
0.776822 0.396548
0.408267 0.833318
0.952754 0.0922596
0.522197 0.72731
0.991641 0.0166489
0.846883 0.282789
0.955483 0.0870523
0.642193 0.587588
0.771139 0.405345
0.773319 0.401977
0.355138 0.873877
0.86595 0.250131
0.389191 0.848531
0.958429 0.0814145
0.93532 0.125177
0.428814 0.816118
