1442176 540.014
0.280775 2.79022
0.280775 2.78138
0.280775 2.71876
0.280775 2.65727
0.512556 2.50792
0.687459 2.42671
0.41656 2.54413
0.416574 2.54208
0.690369 2.42624
0.687259 2.427
0.690404 2.42501
0.280775 2.57803
0.761227 2.38435
0.65574 2.4417
0.655686 2.44285
0.761101 2.38554
0.349226 2.55956
0.349138 2.5597
0.349134 2.56113
0.349302 2.55916
0.349339 2.55878
0.811066 2.35153
0.439355 2.51527
0.994738 2.2214
0.763615 2.37961
0.280775 2.57373
0.990471 2.22296
0.99905 2.21615
0.990461 2.22347
0.850395 2.32172
0.850323 2.32311
0.958532 2.24804
0.976078 2.23537
0.765029 2.37481
0.908115 2.28317
0.999814 2.21493
0.999645 2.21603
0.9826 2.22702
0.521159 2.49538
0.908123 2.28129
0.419013 2.53341
0.521262 2.49296
0.349493 2.55298
0.349586 2.55222
0.521174 2.49464
0.969984 2.23568
0.947914 2.25176
0.999971 2.21453
0.850978 2.32141
0.96997 2.23642
1 2.21307
0.349378 2.55309
0.995857 2.21649
0.969935 2.23699
0.999731 2.21546
0.704839 2.40572
0.704775 2.40676
0.700234 2.40897
0.889587 2.29236
0.933874 2.26042
0.730863 2.39447
0.521152 2.49581
0.999983 2.21391
0.704685 2.40728
0.419044 2.52946
0.999983 2.21382
0.630752 2.44485
0.978444 2.22777
0.828059 2.33585
0.931209 2.26216
0.97844 2.22917
0.663469 2.42987
0.828072 2.33406
0.866787 2.30695
0.663578 2.42854
0.704623 2.4078
0.630751 2.44495
0.731033 2.38989
0.663521 2.42856
0.704845 2.40519
0.815437 2.34276
0.280775 2.56518
0.699831 2.40967
0.815435 2.34361
0.828217 2.32826
0.730865 2.39033
0.663698 2.42781
0.984732 2.22629
0.962129 2.23876
0.280775 2.56636
0.923832 2.26945
0.790358 2.35736
