176902 430.06
1 0.00112569
0.280775 0.94338
0.280775 0.921773
0.645543 0.584072
0.622036 0.613852
0.972677 0.0549947
0.82192 0.32539
0.818765 0.330564
0.666787 0.556208
0.683157 0.534121
0.919075 0.156339
0.582348 0.661624
0.625652 0.609343
0.526376 0.723647
0.969883 0.0604187
0.539847 0.709292
0.381153 0.855367
0.9161 0.161796
0.543373 0.705475
0.618482 0.618258
0.857938 0.26492
0.585996 0.657365
0.54715 0.701358
0.765924 0.414253
0.490163 0.760438
0.536002 0.713427
0.815789 0.335427
0.733822 0.462372
0.93846 0.120352
0.512864 0.737682
0.906059 0.180082
0.908772 0.175161
0.92177 0.15138
0.715713 0.488606
0.808814 0.346751
0.699645 0.511335
0.834645 0.304323
0.494167 0.7565
0.421614 0.822905
0.298927 0.911256
0.888246 0.212026
0.649092 0.57948
0.997347 0.0064216
0.896023 0.198158
0.975491 0.0495148
0.865479 0.25193
0.550581 0.697594
0.980263 0.0401878
0.960662 0.0782115
0.451037 0.797243
0.845197 0.286607
0.868055 0.247467
0.778892 0.394231
0.443597 0.803896
0.501085 0.749618
0.34164 0.883911
0.842468 0.29121
0.870912 0.242502
0.447167 0.800717
0.679482 0.539127
0.935722 0.125479
0.982872 0.0350693
0.559024 0.688231
0.924431 0.146472
0.433657 0.812611
0.353231 0.875861
0.883077 0.221178
0.696456 0.515785
0.385373 0.852134
0.824899 0.320487
0.662994 0.561249
0.562592 0.684231
0.749915 0.438507
0.429741 0.815989
0.47065 0.779176
0.686173 0.529994
0.736852 0.457918
0.522789 0.727409
0.730736 0.466888
0.497473 0.753223
0.885698 0.216543
0.454663 0.793961
0.3374 0.886788
0.345663 0.881148
0.609438 0.629358
0.747221 0.442538
0.672655 0.548352
0.839701 0.295861
0.474428 0.775608
0.739567 0.453912
0.516887 0.733541
0.728066 0.470781
0.880436 0.225831
0.595533 0.646104
0.933312 0.129983
0.628989 0.605159
0.831531 0.309508
0.977787 0.0450345
0.762928 0.418832
0.504599 0.746086
0.669787 0.5522
0.951518 0.095686
0.589372 0.653399
0.854927 0.270074
0.367634 0.865485
0.926918 0.141869
0.486694 0.763826
0.615172 0.62234
0.592232 0.650022
0.363266 0.868675
0.891119 0.206916
0.75774 0.426717
0.955933 0.0872702
0.958488 0.0823801
0.565611 0.680827
0.349566 0.878436
0.893206 0.203194
0.776159 0.398479
0.967236 0.0655441
0.702674 0.50709
0.31902 0.898846
0.801379 0.358715
0.837172 0.300101
0.631731 0.601703
0.71282 0.492737
0.651954 0.575758
0.877973 0.23016
0.326526 0.894004
0.773588 0.402462
0.530284 0.71952
0.634832 0.597778
0.786296 0.382649
0.911467 0.170258
0.568831 0.677176
0.461172 0.788003
0.963624 0.0725146
0.847991 0.281879
0.598495 0.642569
0.760438 0.422623
0.322456 0.896644
0.789128 0.378191
0.781928 0.389496
0.710231 0.496419
0.852812 0.273683
0.987143 0.0266596
0.725063 0.475142
0.48341 0.76701
0.612431 0.625702
0.913494 0.166561
0.850092 0.278313
0.862579 0.25694
0.458203 0.790731
0.333634 0.889314
0.752928 0.433981
0.376893 0.858595
0.574002 0.67127
0.411831 0.831053
0.768993 0.409546
0.689121 0.525942
0.953753 0.0914306
0.873448 0.238081
0.6014 0.639084
0.417484 0.826368
0.860702 0.260173
0.985254 0.0303835
0.33008 0.891672
0.439666 0.807366
0.400823 0.839994
0.660693 0.564294
0.357606 0.872753
0.642013 0.588615
0.994951 0.0111926
0.637508 0.594375
0.519602 0.730729
0.875554 0.234399
0.941049 0.115489
0.46482 0.784626
0.294543 0.913856
0.707473 0.500327
0.309061 0.905098
0.993143 0.014785
0.532682 0.716973
0.755026 0.43082
0.370832 0.863124
0.799114 0.362339
0.693667 0.51966
0.722793 0.478427
0.60616 0.63334
0.946141 0.105884
0.827356 0.316431
0.804294 0.354038
0.477659 0.772533
0.408354 0.833904
0.805951 0.351371
0.744265 0.446945
0.742525 0.44953
0.437208 0.80952
0.770925 0.406571
0.285882 0.918881
0.467313 0.782305
0.480307 0.769998
0.705207 0.503525
0.314706 0.901579
0.291715 0.915513
0.397063 0.842992
0.554051 0.693763
0.930799 0.134663
0.571652 0.673961
0.657699 0.568238
0.900046 0.190936
0.783988 0.386272
0.898583 0.193566
0.37421 0.860608
0.829399 0.313047
0.388885 0.849417
0.929311 0.137429
0.391296 0.847537
0.718973 0.483931
0.69147 0.522701
0.811708 0.342064
0.303331 0.908605
0.394749 0.844824
0.415056 0.828388
0.989687 0.0216328
0.555867 0.691749
0.793106 0.371899
0.578796 0.665747
0.812974 0.340008
0.604129 0.635796
0.509625 0.740992
0.577479 0.667269
0.96522 0.0694377
0.507791 0.742856
0.640198 0.59094
0.675752 0.544179
0.791375 0.374641
0.360103 0.870962
0.990819 0.0193932
0.305283 0.907418
0.287747 0.917811
0.312383 0.903034
0.903351 0.18498
0.944052 0.109831
0.795531 0.36805
0.948922 0.100616
0.720181 0.482194
0.796752 0.366106
0.654819 0.572017
0.902629 0.186282
0.403674 0.837702
