92405 130.009
0.980292 0.0395201
0.998824 0.00247276
0.982612 0.0345725
0.997088 0.00589926
0.974524 0.0503777
0.999007 0.00205415
0.99232 0.0153703
0.975024 0.0493965
0.998834 0.00240534
0.992584 0.0148474
0.99824 0.00358704
0.993289 0.0134522
0.997098 0.00587255
0.999646 0.000775726
0.992415 0.0151929
0.996536 0.00698914
0.974586 0.050252
0.998635 0.00280002
0.976389 0.0467306
0.992879 0.014231
0.97545 0.0485529
0.982776 0.0342184
0.99909 0.00188677
0.980617 0.0384564
0.993565 0.0129005
0.999913 0.000233178
0.990657 0.0186806
0.976167 0.0471761
0.979492 0.0406746
0.978292 0.043006
0.974547 0.0503302
0.982585 0.0345774
0.99924 0.00158515
0.979449 0.0407508
0.974342 0.0507126
0.999187 0.00169374
0.989151 0.0216584
0.999833 0.000391434
0.999591 0.000886625
0.988839 0.022248
0.974367 0.0506628
0.99442 0.0111875
0.993191 0.0136265
0.976651 0.0462036
0.988071 0.0237609
0.979926 0.0398013
0.913839 0.198348
0.996714 0.00659579
0.280775 3.34984
0.999929 0.000178609
0.999986 4.43362e-05
0.999847 0.00033536
0.999682 0.000665412
0.999818 0.00039297
0.987957 0.0239552
0.999939 0.000130765
0.975827 0.0477736
0.974343 0.0506687
0.978956 0.0416551
0.999931 0.000147976
0.999975 6.21723e-05
0.998298 0.00341481
0.999971 6.84032e-05
0.99995 0.000110206
0.999956 9.58323e-05
0.9753 0.0487967
0.996818 0.00636172
0.977424 0.0446484
0.997886 0.00422854
0.976022 0.0473814
0.280775 1.14229
0.999961 8.21996e-05
0.979537 0.0405109
0.994049 0.011871
0.99816 0.00367959
0.987651 0.0245496
0.978451 0.0426377
0.9969 0.00619402
0.280775 1.22614
0.787926 0.471469
0.453219 0.837692
0.694638 0.586326
0.994426 0.0111202
0.745491 0.526373
0.571052 0.737209
0.410851 0.88156
0.748806 0.519959
0.843942 0.361707
0.280775 1.0825
0.658287 0.626663
0.998105 0.00378988
0.280778 1.03127
0.505744 0.812945
0.853379 0.359096
0.965157 0.118975
0.729199 0.545893
1 2.43148e-06
0.99747 0.00505622
0.65364 0.640884
0.711504 0.565637
0.280776 1.04247
0.950469 0.120853
0.69772 0.585719
0.97505 0.0492795
0.661646 0.62008
0.985857 0.0280883
0.820024 0.387428
0.566841 0.754809
0.991509 0.016912
0.994974 0.010029
0.999965 7.20526e-05
0.999978 4.65581e-05
1 2.62047e-06
0.881344 0.299356
0.899111 0.263086
0.674083 0.606588
0.434006 0.872546
0.788807 0.458025
0.757608 0.496385
0.798658 0.429794
0.96744 0.0856781
0.371056 0.901086
0.749238 0.502531
0.792287 0.433124
0.862304 0.315232
0.702157 0.576033
1 2.55357e-06
0.999988 2.6199e-05
0.999992 1.92957e-05
0.810528 0.396014
0.405457 0.893822
0.724677 0.545966
0.812182 0.392483
0.999993 1.54336e-05
0.705538 0.574802
0.32584 0.9235
0.994272 0.0114246
0.634111 0.641693
1 2.60607e-06
0.280778 1.02908
0.857745 0.336631
0.516863 0.793489
0.999996 1.02344e-05
0.61119 0.669051
0.405554 0.88291
0.886534 0.294943
0.346133 0.911134
0.999987 2.92096e-05
0.586588 0.734017
0.917431 0.158322
0.757873 0.478093
0.488757 0.822773
0.447099 0.852001
0.903459 0.236238
0.654543 0.639904
0.551691 0.758342
0.531991 0.767174
0.999942 0.000117455
0.999997 7.97295e-06
0.475479 0.832428
0.865249 0.302853
0.622818 0.650554
1 1.48409e-06
0.913177 0.235489
0.280777 1.03637
0.675507 0.591445
0.280779 0.959981
1 1.34934e-06
0.295708 0.94661
0.999999 2.84459e-06
1 1.53649e-06
