76954 260.043
1 0.00107019
0.280775 0.921789
0.443447 0.803995
0.687722 0.527827
0.518374 0.731968
0.69256 0.521217
0.9683 0.0634322
0.540084 0.709001
0.544535 0.704176
0.480774 0.769515
0.937973 0.121294
0.591034 0.651459
0.957556 0.084112
0.9608 0.0778918
0.449367 0.798712
0.319479 0.898523
0.675218 0.54486
0.898277 0.194066
0.325416 0.894696
0.63597 0.596294
0.300928 0.910026
0.507942 0.742722
0.495929 0.754721
0.585064 0.658476
0.645286 0.584425
0.7506 0.437436
0.387312 0.850605
0.662175 0.562294
0.437947 0.808892
0.501841 0.748879
0.797577 0.364816
0.869208 0.245416
0.891883 0.205583
0.863133 0.256011
0.574441 0.670729
0.97219 0.0558867
0.512278 0.738247
0.671507 0.549855
0.528577 0.721291
0.458669 0.79027
0.810903 0.343323
0.631258 0.602262
0.658886 0.566637
0.435456 0.811014
0.329075 0.89235
0.794537 0.369583
0.484519 0.765902
0.731202 0.466232
0.615565 0.621877
0.979728 0.0411815
0.912554 0.168226
0.487869 0.762646
0.963428 0.0728386
0.745961 0.444442
0.904857 0.182285
0.608558 0.630391
0.683765 0.533314
0.761616 0.420854
0.425393 0.819673
0.370147 0.863599
0.532372 0.717267
0.722478 0.47884
0.834964 0.303743
0.754646 0.43135
0.699711 0.511265
0.641733 0.588935
0.555429 0.692199
0.987942 0.0250288
0.814696 0.337233
0.475654 0.77441
0.919375 0.155737
0.822947 0.323655
0.33367 0.889259
0.362613 0.869117
0.944909 0.108242
0.990548 0.0198753
0.596883 0.644457
0.915228 0.163421
0.889059 0.21061
0.954813 0.0893558
0.430432 0.815363
0.728418 0.470226
0.455436 0.793224
0.374388 0.860444
0.651825 0.575887
0.340784 0.884463
0.706061 0.50228
0.880445 0.225842
0.619738 0.616725
0.522244 0.727943
0.412917 0.830126
0.377262 0.858285
0.471312 0.778519
0.830226 0.311702
0.855046 0.269823
0.305195 0.907488
0.818982 0.330234
0.951617 0.0954439
0.832173 0.308394
0.92996 0.136173
0.336635 0.887273
0.709181 0.497867
0.403775 0.837588
0.719546 0.483131
0.768715 0.409997
0.34884 0.878959
0.398503 0.841815
0.66553 0.557841
0.923388 0.148425
0.416893 0.826828
0.87851 0.229245
0.907261 0.177932
0.564837 0.681665
0.500393 0.750276
0.887123 0.214046
0.452065 0.796282
0.353281 0.875843
0.738694 0.455158
0.926351 0.142868
0.860202 0.261059
0.624561 0.610667
0.917245 0.159646
0.849209 0.279839
0.551963 0.696035
0.548605 0.699785
0.883219 0.220954
0.825796 0.318961
0.827389 0.316401
0.85305 0.273305
0.978342 0.0438941
0.843152 0.290085
0.985944 0.0289699
0.390879 0.84788
0.284067 0.919931
0.734227 0.461735
0.808051 0.347938
0.871709 0.24114
0.358477 0.872147
0.80051 0.360061
0.922001 0.150904
0.600133 0.640626
0.561562 0.685352
0.628068 0.606277
0.740587 0.452426
0.313168 0.902561
0.735821 0.459458
0.778621 0.394609
0.994099 0.0128301
0.621239 0.614864
0.382332 0.854435
0.932048 0.132366
0.570994 0.674675
0.31567 0.900941
0.983247 0.0343622
0.295415 0.913312
0.743154 0.448553
0.757723 0.426699
0.901433 0.188388
0.634542 0.598107
0.715145 0.489441
0.772 0.40487
0.717408 0.486136
0.788248 0.379532
0.8847 0.218336
0.535858 0.7136
0.806525 0.3504
0.873425 0.238148
0.678623 0.540252
0.992457 0.0161772
0.941357 0.114855
0.850772 0.277184
0.895428 0.199174
0.580409 0.663841
0.781412 0.390257
0.655921 0.570595
0.583659 0.660118
0.927582 0.140667
0.752302 0.434947
0.463061 0.786224
0.702038 0.507942
0.289429 0.916858
0.857775 0.265226
0.567141 0.679058
0.57793 0.666711
0.837325 0.299797
0.60502 0.634682
0.401296 0.839583
0.947284 0.103668
0.89459 0.20075
0.813828 0.338574
0.76447 0.416502
0.681903 0.535855
0.343974 0.882328
0.77711 0.397028
0.758957 0.424827
0.703858 0.505384
0.428699 0.816902
0.668844 0.553485
0.791126 0.37499
0.71302 0.492474
0.6545 0.572394
0.408272 0.833939
0.902177 0.187047
0.94266 0.112403
0.91012 0.17266
0.696391 0.515835
0.948588 0.101198
0.394696 0.844833
0.381348 0.855187
0.711199 0.495002
0.973526 0.0532884
0.695809 0.516708
0.86602 0.250946
0.491511 0.759081
0.558248 0.689061
0.953023 0.0928498
0.820727 0.327303
0.492407 0.758254
0.601902 0.638443
0.838721 0.297532
0.467735 0.781876
0.996177 0.00869687
0.287634 0.917846
0.594209 0.647639
0.782651 0.38839
0.792012 0.373657
0.421431 0.823026
0.846002 0.285272
0.474135 0.775904
0.346318 0.880663
0.975795 0.0489533
0.846409 0.284584
0.933868 0.128972
0.804022 0.354501
0.525214 0.724888
0.29362 0.914369
0.648754 0.57994
0.407923 0.834223
0.997456 0.00623497
0.56945 0.676492
0.725136 0.474994
0.611273 0.627139
0.935111 0.126571
0.641885 0.5888
0.767142 0.412412
0.309231 0.90501
0.725886 0.473907
0.909204 0.174404
0.875997 0.233652
0.626403 0.608424
