158297 230.021
1 1.653e-07
0.280775 3.29006
0.280775 1.38353
0.280775 1.15192
0.280775 1.29538
0.280775 1.06059
0.280775 0.967634
0.774046 0.400861
0.280775 1.02746
0.613544 0.62759
0.911842 0.169687
0.556097 0.697057
0.762032 0.421048
0.485467 0.764712
0.902105 0.186292
0.874154 0.235855
0.520562 0.729342
0.602662 0.638417
0.691818 0.521393
0.712155 0.493215
0.866732 0.253189
0.547574 0.700168
0.496055 0.762413
0.705673 0.504088
0.513818 0.739741
0.624654 0.611021
0.699383 0.511194
0.891348 0.205498
0.897738 0.194546
0.405026 0.840414
0.72497 0.475831
0.648489 0.58539
0.667432 0.554612
0.56116 0.686103
0.671147 0.55034
0.842948 0.291161
0.785009 0.383766
0.889007 0.211769
0.630822 0.60381
0.302397 0.90886
0.375507 0.860667
0.809106 0.351369
0.830556 0.311077
0.804218 0.355558
0.280775 0.926818
0.779247 0.393122
0.563972 0.68236
0.729603 0.473143
0.945868 0.105343
0.310037 0.905395
0.435543 0.815215
0.577417 0.672326
0.380807 0.855255
0.509642 0.740583
0.474456 0.775308
0.796957 0.364867
0.852593 0.273622
0.338586 0.88564
0.409728 0.833479
0.662739 0.562667
0.676314 0.544633
0.62075 0.618246
0.678581 0.541103
0.883772 0.2195
0.582959 0.660836
0.847222 0.282575
0.57022 0.681477
0.61707 0.619501
0.683308 0.533484
0.325728 0.894182
0.571475 0.674071
0.586826 0.65593
0.644211 0.589757
0.834789 0.309605
0.451123 0.797041
0.791775 0.373978
0.457569 0.791913
0.349961 0.877779
0.412604 0.830894
0.356571 0.87348
0.719852 0.481816
0.758052 0.425436
0.543815 0.705278
0.33247 0.889753
0.28553 0.918706
0.526603 0.726376
0.345669 0.880714
0.688165 0.528809
0.653874 0.572807
0.82627 0.317773
0.4809 0.769029
0.733239 0.467861
0.652565 0.57481
0.659085 0.566978
0.579609 0.665864
0.290555 0.915578
0.925889 0.142736
0.701824 0.508926
0.637112 0.599712
0.83811 0.299281
0.717519 0.490363
0.331131 0.89061
0.323299 0.896869
0.468213 0.781064
0.353698 0.876488
0.858919 0.262716
0.877633 0.230475
0.464596 0.787395
0.754993 0.43004
0.952705 0.0923604
0.932879 0.129741
0.505222 0.745046
0.399606 0.841414
0.438297 0.809139
0.392085 0.846526
0.63282 0.599945
0.361239 0.870163
0.314526 0.901316
0.417094 0.826317
0.540584 0.707849
0.787385 0.381553
0.941383 0.113892
0.421455 0.823542
0.395859 0.84468
0.42975 0.815666
0.53808 0.711643
0.777444 0.395582
0.535105 0.714535
0.820183 0.329528
0.800634 0.359368
0.295917 0.913694
0.462662 0.789523
0.948948 0.102716
0.527581 0.722925
0.997509 0.00497617
0.958977 0.0818338
0.935431 0.12503
0.370558 0.863019
0.916734 0.163018
0.811466 0.341524
0.319009 0.898486
0.914293 0.164516
0.498613 0.751444
0.856692 0.266088
0.862523 0.258392
0.961316 0.075878
0.821837 0.324704
0.502078 0.748396
0.900352 0.190297
0.928858 0.137227
0.845685 0.284821
0.980952 0.0377394
0.44736 0.800163
0.531964 0.721302
0.879658 0.226676
0.965589 0.0698419
0.971813 0.0575444
0.790649 0.376988
0.950523 0.0965142
0.425244 0.823514
0.82439 0.320391
0.922072 0.152227
0.923262 0.147588
0.967419 0.0641
0.750731 0.436407
0.685452 0.530434
0.812852 0.339273
0.366331 0.866078
0.640513 0.590338
0.969392 0.0602891
0.292546 0.914712
0.955934 0.0878154
0.854633 0.272138
0.734922 0.460258
0.881894 0.222268
0.748087 0.440468
0.74394 0.446938
0.93072 0.136642
0.752845 0.435338
0.995482 0.0090162
0.440748 0.806075
0.738719 0.45442
0.458557 0.79007
0.963656 0.0745592
0.47028 0.77884
0.837014 0.299407
0.598366 0.64234
0.746521 0.443132
0.481167 0.768736
0.342652 0.882861
0.816827 0.333127
0.371821 0.8618
0.639618 0.595402
0.298671 0.91196
0.444764 0.802441
0.311206 0.903394
0.593504 0.648106
0.863789 0.256192
0.978689 0.044862
0.815784 0.334502
0.283048 0.920179
0.38818 0.850736
0.973728 0.0524599
0.601421 0.641704
0.590649 0.654391
0.975267 0.0497104
0.31749 0.899419
0.736982 0.458807
0.385269 0.852967
0.426623 0.819731
0.362721 0.868784
0.418692 0.826022
0.383641 0.85315
0.497408 0.756075
0.472801 0.776529
0.993577 0.0128134
0.761945 0.42114
0.799282 0.363862
0.990463 0.0189843
0.389455 0.848328
0.443102 0.805317
0.98568 0.0289309
0.938161 0.119859
0.340877 0.883949
0.533166 0.720587
0.740919 0.451042
0.660356 0.5656
0.940828 0.114846
0.977679 0.0471884
0.992346 0.0172996
0.39811 0.841776
0.450042 0.798587
0.982572 0.0345624
0.300705 0.910692
0.988654 0.0226724
0.956771 0.084595
0.987397 0.0250484
0.984059 0.0316285
0.590911 0.651244
0.36553 0.866714
0.718271 0.485899
0.919061 0.155333
0.596633 0.645256
0.429359 0.81917
0.918802 0.155812
0.74218 0.449174
0.503876 0.747217
0.937522 0.121538
0.59517 0.646119
0.28083 0.921425
