97510 230.032
1 0
0.280775 0.921165
0.493118 0.756835
0.842989 0.289369
0.930967 0.133301
0.473881 0.775437
0.486134 0.763674
0.467206 0.781719
0.952969 0.09185
0.447852 0.799428
0.610715 0.627027
0.875112 0.234179
0.847716 0.281378
0.393443 0.845202
0.613335 0.62382
0.504389 0.745592
0.42339 0.820741
0.604607 0.634451
0.324775 0.894521
0.510166 0.739731
0.419941 0.823649
0.970972 0.0572137
0.825472 0.318596
0.581192 0.662215
0.690993 0.522529
0.62698 0.606896
0.623905 0.610742
0.399374 0.8405
0.32874 0.89193
0.836826 0.299721
0.519819 0.729788
0.734437 0.460602
0.441021 0.805501
0.434523 0.81119
0.897159 0.195106
0.829883 0.311294
0.575356 0.668965
0.681225 0.535933
0.83916 0.29581
0.498638 0.75136
0.934373 0.126946
0.344714 0.881172
0.527374 0.721876
0.542295 0.705916
0.926644 0.141331
0.566817 0.678719
0.523413 0.726039
0.918707 0.155978
0.563498 0.68247
0.366937 0.865358
0.694909 0.517101
0.671734 0.548774
0.454743 0.793209
0.631637 0.601035
0.675296 0.543976
0.55957 0.686881
0.318112 0.898805
0.288159 0.916965
0.790841 0.37457
0.362118 0.868871
0.668696 0.552845
0.685108 0.530627
0.78776 0.379435
0.409142 0.832603
0.586225 0.656341
0.57081 0.674176
0.350253 0.877323
0.717052 0.485837
0.303758 0.907731
0.768791 0.40896
0.550776 0.696645
0.968209 0.062572
0.893242 0.202118
0.963049 0.0725375
0.678206 0.540037
0.687484 0.527366
0.382673 0.853562
0.29826 0.911041
0.857946 0.263928
0.720191 0.481324
0.515167 0.734603
0.782578 0.387572
0.956827 0.0844817
0.531088 0.717945
0.45129 0.796337
0.619091 0.616726
0.722658 0.477766
0.655249 0.570649
0.976766 0.0459288
0.73146 0.464966
0.463529 0.785141
0.832681 0.306643
0.429573 0.815467
0.879468 0.226535
0.375819 0.85876
0.334658 0.888004
0.766188 0.412956
0.913786 0.164994
0.311298 0.903094
0.306723 0.905921
0.755186 0.429694
0.889732 0.208378
0.658214 0.566755
0.389197 0.848526
0.70158 0.507785
0.482835 0.766871
0.556411 0.690407
0.439064 0.807223
0.379003 0.856357
0.707978 0.498767
0.949699 0.0980712
0.862858 0.255476
0.759737 0.422799
0.850107 0.277318
0.946334 0.104452
0.590113 0.651767
0.75215 0.43427
0.405807 0.835321
0.55371 0.693405
0.533803 0.715054
0.899347 0.191176
0.402699 0.837833
0.413761 0.828802
0.386571 0.850563
0.647492 0.580754
0.808974 0.345561
0.477994 0.771522
0.738389 0.454782
0.501094 0.748905
0.866202 0.249694
0.921877 0.150144
0.725652 0.47343
0.747653 0.441015
0.799315 0.361095
0.854939 0.269079
0.538949 0.709534
0.650522 0.576821
0.757271 0.426541
0.459127 0.789203
0.714287 0.489794
0.35863 0.871385
0.974439 0.0504682
0.750346 0.436981
0.697488 0.513511
0.90891 0.173882
0.58347 0.659563
0.598821 0.641413
0.652486 0.574262
0.869043 0.244764
0.619292 0.616478
0.536815 0.71183
0.939768 0.116836
0.814244 0.337007
0.882848 0.22058
0.887414 0.212496
0.710961 0.494534
0.925326 0.143772
0.793594 0.370209
0.940494 0.115471
0.665395 0.557249
0.513265 0.736559
0.341131 0.88363
0.591807 0.649765
0.805815 0.350662
0.546448 0.701395
0.355819 0.873392
0.704844 0.503195
0.763624 0.416878
0.802249 0.356396
0.811072 0.342162
0.633682 0.598447
0.729054 0.46848
0.352931 0.875439
0.573546 0.671045
0.699575 0.510595
0.872466 0.238804
0.775139 0.39916
0.860073 0.260275
0.901519 0.187263
0.762194 0.41906
0.479841 0.769752
0.88583 0.215305
0.815191 0.335464
0.905993 0.179177
0.922884 0.148284
0.89205 0.204246
0.283333 0.919723
0.430265 0.814872
0.823085 0.32253
0.779557 0.392291
0.852335 0.273525
0.871491 0.240504
0.805022 0.351939
0.547091 0.700692
0.960668 0.0771178
0.87994 0.225706
0.371799 0.861765
0.911446 0.169266
0.602496 0.636998
0.943445 0.109912
0.979428 0.0407206
0.595543 0.645328
0.817962 0.330938
0.66426 0.558759
0.370776 0.862525
0.965549 0.0677154
0.936698 0.122597
0.413603 0.828932
0.460534 0.787909
0.645342 0.583534
0.771785 0.404349
0.33885 0.885181
0.957699 0.0828117
0.90301 0.184574
0.959838 0.0787108
0.772204 0.403701
0.292331 0.914543
0.744652 0.445493
0.295557 0.912646
0.727417 0.470865
0.820339 0.327043
0.661628 0.562249
0.594784 0.646232
0.992896 0.0141575
0.796667 0.365322
0.943691 0.109447
0.600508 0.63939
0.883862 0.218787
0.639594 0.59092
0.314248 0.901248
0.906513 0.178233
0.996568 0.00685247
0.712366 0.492535
0.742291 0.449005
0.660705 0.563469
0.966092 0.0666666
0.80117 0.358126
0.705784 0.501869
0.776064 0.397725
0.642215 0.58756
0.74141 0.450311
0.861585 0.257671
0.739261 0.453494
0.745676 0.443967
0.831834 0.308052
0.916264 0.16046
0.785088 0.383636
0.336214 0.88696
0.638666 0.592106
0.778117 0.394534
