89895 190.02
1 0.0166514
0.280775 0.930016
0.560457 0.697517
0.540812 0.719788
0.598681 0.654165
0.970155 0.0755288
0.690974 0.536912
0.639141 0.604897
0.564738 0.692753
0.588509 0.664744
0.703453 0.519302
0.687411 0.541135
0.585155 0.67009
0.311212 0.913357
0.605409 0.645701
0.557101 0.701841
0.523649 0.737506
0.867826 0.262838
0.933658 0.14463
0.957162 0.100816
0.671421 0.562021
0.602096 0.649742
0.90079 0.205639
0.699681 0.523474
0.429812 0.825213
0.361644 0.879545
0.906168 0.195726
0.642586 0.600581
0.908995 0.19051
0.500316 0.761023
0.387584 0.86037
0.609075 0.641408
0.544423 0.715208
0.426428 0.829134
0.454833 0.804102
0.864534 0.267327
0.422317 0.832523
0.678092 0.554104
0.903371 0.200307
0.791915 0.388237
0.511487 0.749766
0.862144 0.272406
0.504799 0.757274
0.635102 0.608612
0.772796 0.418046
0.537228 0.724277
0.694137 0.532126
0.357105 0.881993
0.911778 0.185972
0.835846 0.317393
0.674849 0.557438
0.366213 0.876615
0.681145 0.548683
0.443846 0.814094
0.770031 0.422461
0.775601 0.413014
0.96045 0.0960908
0.846009 0.299721
0.809483 0.360603
0.476414 0.784892
0.459019 0.801302
0.39183 0.857815
0.660012 0.578256
0.326377 0.903473
0.50781 0.753943
0.876645 0.247556
0.97914 0.0596072
0.988571 0.0412623
0.612228 0.637521
0.736212 0.472212
0.347953 0.889403
0.450348 0.807104
0.645846 0.596486
0.806419 0.365197
0.369561 0.87328
0.514978 0.746408
0.496952 0.764182
0.406007 0.846128
0.41844 0.835772
0.697174 0.528308
0.285566 0.927842
0.469535 0.791123
0.321905 0.906514
0.991091 0.0361415
0.595052 0.658675
0.843911 0.304158
0.849198 0.294718
0.465283 0.794415
0.305624 0.91619
0.553628 0.705967
0.402447 0.84911
0.759624 0.436804
0.976708 0.0644173
0.383384 0.863932
0.684347 0.545834
0.89816 0.210691
0.738849 0.467965
0.493039 0.767493
0.434529 0.822446
0.815952 0.350129
0.841113 0.309117
0.981063 0.053999
0.648513 0.592192
0.409685 0.842591
0.63261 0.613168
0.447586 0.810825
0.742253 0.464415
0.629249 0.616463
0.914192 0.180701
0.373959 0.870629
0.626417 0.620516
0.801498 0.373701
0.568064 0.689675
0.728498 0.484306
0.330433 0.901333
0.472385 0.787788
0.838381 0.312532
0.289719 0.925685
0.824131 0.335557
0.986478 0.0462316
0.829176 0.327764
0.926536 0.157507
0.798239 0.377249
0.615707 0.633898
0.715056 0.50263
0.893699 0.218829
0.918495 0.172377
0.462209 0.797423
0.803159 0.368449
0.766598 0.426341
0.983997 0.0503838
0.744737 0.460196
0.952811 0.109308
0.576018 0.680161
0.817762 0.346127
0.925088 0.162534
0.490461 0.771401
0.651616 0.588432
0.479768 0.781101
0.34329 0.892147
0.716997 0.498725
0.592182 0.66155
0.936343 0.140369
0.826989 0.331887
0.395489 0.854375
0.657334 0.582381
0.39826 0.851866
0.954567 0.105651
0.946642 0.120839
0.579994 0.676577
0.890538 0.222962
0.547646 0.711632
0.930924 0.150528
0.856116 0.283109
0.853397 0.287668
0.895583 0.214504
0.916648 0.176955
0.571138 0.685842
0.618481 0.630579
0.870514 0.257879
0.731283 0.479019
0.940085 0.133236
0.992971 0.0312114
0.333942 0.898051
0.314849 0.910681
0.439896 0.81725
0.623485 0.6243
0.967541 0.0808399
0.756737 0.442285
0.654502 0.585362
0.550481 0.709022
0.950149 0.114671
0.318372 0.908951
0.733236 0.476769
0.581923 0.673673
0.962211 0.0910738
0.789264 0.39265
0.942826 0.128435
0.666757 0.568725
0.873872 0.252095
0.764513 0.430149
0.762354 0.433859
0.782106 0.402824
0.706194 0.514331
0.621058 0.627131
0.668992 0.567028
0.302615 0.918027
0.711908 0.507144
0.299545 0.921088
0.929541 0.153273
0.783462 0.400187
0.482394 0.778085
0.859672 0.27778
0.944418 0.125813
0.851613 0.291228
0.518627 0.743077
0.964352 0.0880505
0.998543 0.0213435
0.751696 0.449947
0.377374 0.86801
0.337027 0.896167
0.437383 0.819366
0.340547 0.894398
0.888932 0.226736
0.520491 0.741106
0.938388 0.136348
0.573505 0.682864
0.881609 0.238996
0.74894 0.454158
0.794856 0.383087
0.97344 0.070469
0.353614 0.885811
0.379869 0.866081
0.879526 0.243297
0.532196 0.728872
0.720095 0.494633
0.527902 0.733451
0.294061 0.923684
0.88678 0.230137
0.747142 0.45599
0.724441 0.489805
0.995339 0.0279879
0.966572 0.084379
0.812467 0.354826
0.820436 0.341343
0.533892 0.727513
0.77951 0.408031
0.832472 0.321424
0.35175 0.886959
0.415328 0.839351
0.486821 0.774055
0.996755 0.024741
0.725984 0.487323
0.948838 0.117415
0.921756 0.168601
0.831969 0.323289
0.821623 0.340012
0.413352 0.840082
0.72161 0.493073
0.707994 0.512342
0.922083 0.166329
0.974182 0.0688321
0.710478 0.50943
0.884404 0.233983
0.796044 0.381668
0.872274 0.254926
0.528605 0.732357
0.778477 0.409102
0.753321 0.447584
0.858345 0.280104
