176932 430.061
0.999998 0.00256967
0.280775 0.923452
0.740323 0.454521
0.428884 0.817947
0.743687 0.449456
0.785859 0.384733
0.703329 0.507699
0.782707 0.389961
0.962505 0.0762829
0.57306 0.673776
0.859461 0.264178
0.75459 0.433062
0.862434 0.259118
0.433033 0.814453
0.779601 0.39494
0.63369 0.600686
0.865274 0.253919
0.970327 0.0613532
0.952838 0.0953108
0.814357 0.339656
0.938352 0.122517
0.832925 0.308777
0.715289 0.490658
0.613591 0.625698
0.486622 0.765091
0.846112 0.286787
0.542264 0.708038
0.955567 0.0899937
0.98839 0.0261622
0.851779 0.277108
0.973194 0.0561034
0.848887 0.282067
0.736863 0.459494
0.637686 0.595724
0.418639 0.826501
0.81723 0.334638
0.70666 0.503071
0.747036 0.444526
0.945125 0.109861
0.31818 0.900706
0.674459 0.547255
0.397036 0.8443
0.96521 0.0710996
0.905107 0.183628
0.569189 0.677907
0.367157 0.867022
0.699884 0.512676
0.836146 0.303652
0.967678 0.0664407
0.34035 0.886015
0.585468 0.659405
0.576679 0.669546
0.566308 0.681527
0.437111 0.810812
0.872104 0.241798
0.37101 0.863937
0.879835 0.228646
0.838529 0.299647
0.630716 0.604447
0.975685 0.0512648
0.72868 0.471444
0.947745 0.104535
0.918732 0.158409
0.36298 0.870043
0.907986 0.178578
0.477488 0.774048
0.520264 0.731309
0.617147 0.6214
0.51639 0.73531
0.949995 0.100236
0.627311 0.608502
0.990854 0.0213187
0.697157 0.516139
0.711987 0.495471
0.404477 0.838359
0.693958 0.520755
0.90033 0.192347
0.47387 0.777452
0.640294 0.592221
0.926974 0.143742
0.767421 0.41354
0.802337 0.358894
0.400393 0.841675
0.407868 0.835633
0.819964 0.33007
0.386138 0.852829
0.985578 0.0315219
0.723087 0.479631
0.725858 0.475602
0.876907 0.234085
0.411782 0.832299
0.382249 0.855842
0.375171 0.861154
0.467222 0.783617
0.64371 0.587929
0.599717 0.642234
0.924106 0.149051
0.392285 0.8478
0.805135 0.354536
0.313775 0.903399
0.916064 0.163826
0.562493 0.68556
0.882145 0.224669
0.929045 0.139869
0.914111 0.167573
0.731684 0.467184
0.811322 0.344417
0.902657 0.188162
0.602703 0.638807
0.893468 0.204582
0.935508 0.127617
0.303375 0.909668
0.299193 0.912335
0.660759 0.565567
0.359199 0.872671
0.470417 0.780563
0.996664 0.0100334
0.691457 0.524429
0.455617 0.794468
0.497693 0.754195
0.507465 0.744592
0.605764 0.635167
0.671475 0.551472
0.677767 0.542999
0.415132 0.829685
0.596632 0.646246
0.757563 0.428652
0.931679 0.134827
0.856442 0.269328
0.770151 0.409261
0.685168 0.532851
0.709446 0.498824
0.959678 0.0821833
0.336508 0.888567
0.378613 0.85844
0.978083 0.0464487
0.826529 0.319587
0.538691 0.711746
0.734156 0.463559
0.545964 0.704034
0.440583 0.80798
0.513505 0.7384
0.776489 0.399655
0.650904 0.578575
0.764652 0.417692
0.292246 0.916418
0.551634 0.697859
0.50394 0.748223
0.559986 0.688493
0.582051 0.663502
0.666167 0.558656
0.668954 0.554803
0.501252 0.750788
0.889118 0.212321
0.510128 0.741516
0.874775 0.237473
0.663576 0.561942
0.593969 0.649437
0.657931 0.569463
0.285401 0.920204
0.841589 0.294595
0.78917 0.379878
0.85455 0.272363
0.556681 0.692269
0.884798 0.220027
0.762289 0.421151
0.751169 0.438348
0.799695 0.363042
0.588696 0.655776
0.344835 0.882937
0.843193 0.291849
0.759842 0.425243
0.681887 0.537047
0.793315 0.373397
0.548288 0.701433
0.523281 0.728339
0.941085 0.117416
0.526071 0.725314
0.49482 0.757191
0.891268 0.208649
0.443746 0.805037
0.886564 0.216581
0.718338 0.486375
0.459093 0.791302
0.897613 0.19729
0.590941 0.65278
0.958109 0.0850558
0.533318 0.717695
0.62437 0.612055
0.295474 0.9143
0.579744 0.666105
0.619942 0.618074
0.389661 0.849969
0.452367 0.797341
0.482707 0.768934
0.446634 0.80243
0.322223 0.897676
0.310174 0.905545
0.536198 0.71461
0.306964 0.907517
0.720179 0.483683
0.993264 0.0166742
0.94252 0.114495
0.896077 0.200024
0.424282 0.821946
0.287943 0.918831
0.868221 0.248922
0.46358 0.787039
0.44973 0.799824
0.610212 0.629668
0.795481 0.369824
0.980103 0.0425727
0.772589 0.405696
0.797578 0.366459
0.983629 0.0354221
0.355627 0.875363
0.93356 0.131151
0.86949 0.24684
0.554269 0.69492
0.648187 0.582094
0.324749 0.89626
0.807583 0.350514
0.653627 0.574869
0.480965 0.770738
0.830222 0.313358
0.790815 0.377308
0.422986 0.822966
0.911183 0.172515
0.822585 0.326101
0.490348 0.761579
0.999295 0.00467938
0.350067 0.879338
0.622263 0.615043
0.981955 0.039057
0.646227 0.584592
0.824061 0.323564
0.332925 0.890894
0.749588 0.440332
0.328571 0.893884
0.680098 0.539886
0.608669 0.631818
0.353192 0.877128
0.774475 0.402594
0.994855 0.0136656
0.828965 0.315499
0.655559 0.57271
0.809107 0.347774
0.528977 0.722289
0.688447 0.528365
0.347248 0.881237
