1090283 470.012
0.280775 2.80911
0.977013 2.42829
0.805441 2.60479
0.80543 2.60538
0.805332 2.60591
0.805451 2.60419
0.678757 2.63087
0.956318 2.46936
0.280775 2.76775
0.317309 2.75866
0.42187 2.7326
0.952359 2.4699
0.422097 2.7314
0.970616 2.45739
0.91977 2.49509
0.280775 2.76729
0.952306 2.47038
0.421908 2.73224
0.970645 2.45732
0.280775 2.766
0.280775 2.76596
0.970651 2.45701
0.687638 2.62505
0.687707 2.62461
0.869893 2.52223
0.905895 2.50069
0.404917 2.73722
0.578765 2.67641
0.865166 2.52809
0.687761 2.6245
0.974599 2.45592
0.9746 2.45379
0.946838 2.47181
0.900538 2.50651
0.280775 2.76218
0.957043 2.46672
0.280775 2.76458
0.280775 2.76778
0.900545 2.5027
0.687615 2.62601
0.578823 2.67141
0.508599 2.70034
0.280775 2.76557
0.661865 2.63671
0.508541 2.71881
0.561175 2.69813
0.561202 2.67772
0.946787 2.47313
0.842936 2.5404
0.661824 2.65037
0.687864 2.62095
0.422111 2.72985
0.280775 2.76355
0.865222 2.52243
0.946813 2.47261
0.865187 2.52381
0.95945 2.4653
0.919965 2.48704
0.578876 2.66964
0.280775 2.76578
0.42212 2.7281
0.578854 2.67016
0.84295 2.53677
